
***************************************************************
PART I: UNBIASED RDS TREE SELECTION & COMPLETION

Experiment 1: Betweenness Centrality

10 Seeds
50 Trees
50 Completions/Tree

0.50    0.28    |       166     0.00    |       47      0.00
0.55    0.28    |       166     0.00    |       47      0.00
0.60    0.28    |       166     0.00    |       47      0.00
0.65    0.25    |       166     0.00    |       42      35.35
0.70    0.16    |       160     1.00    |       26      73.54
0.75    0.15    |       136     75.19   |       21      121.54
0.80    0.32    |       98      275.00  |       31      198.32
0.85    0.25    |       79      548.00  |       20      240.97
0.90    0.26    |       54      999.94  |       14      436.62
0.95    0.37    |       27      1899.07 |       10      773.69
pearson_r = 0.9182171439370695


Experiment 2: Betweenness Centrality

10 Seeds
1 Trees
2500 Completions/Tree
0.50    0.09    |       108     102.29  |       10      100.43
0.55    0.27    |       84      275.00  |       23      147.05
0.60    0.07    |       84      275.00  |       6       206.00
0.65    0.14    |       76      449.60  |       11      224.52
0.70    0.20    |       65      690.02  |       13      357.65
0.75    0.20    |       54      885.04  |       11      411.00
0.80    0.28    |       43      1103.31 |       12      542.34
0.85    0.31    |       32      1540.68 |       10      646.53
0.90    0.38    |       21      2060.95 |       8       946.74
0.95    0.20    |       10      3337.66 |       2       1481.56
pearson_r = 0.9207864281840001

***************************************************************
PART II: BIASED RDS TREE SELECTION & UNBIASED COMPLETION

Experiment 1: Betweenness Centrality

10 Seeds
50 Trees
50 Completions/Tree
0.50    0.22    |       169     0.00    |       38      0.00
0.55    0.22    |       169     0.00    |       38      0.00
0.60    0.22    |       169     0.00    |       38      0.00
0.65    0.22    |       169     0.00    |       38      5.00
0.70    0.15    |       162     1.00    |       25      58.36
0.75    0.13    |       137     85.27   |       18      109.92
0.80    0.27    |       98      275.00  |       26      198.98
0.85    0.25    |       79      548.00  |       20      232.03
0.90    0.25    |       55      994.79  |       14      435.36
0.95    0.37    |       27      1899.07 |       10      769.41
pearson_r = 0.9192217179763172


Experiment 2: Betweenness Centrality

10 Seeds
1 Trees
2500 Completions/Tree
0.50    0.32    |       88      275.00  |       28      122.39
0.55    0.26    |       88      275.00  |       23      157.00
0.60    0.10    |       83      314.00  |       8       193.00
0.65    0.18    |       72      548.00  |       13      193.00
0.70    0.23    |       62      819.00  |       14      378.27
0.75    0.25    |       51      1023.25 |       13      420.50
0.80    0.29    |       41      1202.39 |       12      509.13
0.85    0.39    |       31      1628.00 |       12      621.20
0.90    0.40    |       20      2166.50 |       8       854.72
0.95    0.40    |       10      3476.29 |       4       1296.95
pearson_r = 0.9043583373451866


***************************************************************
PART III: BIASED RDS TREE SELECTION & BIASED COMPLETION

