0001 0002
0004 0003
0007 0006
0008 0006
0006 0007
0016 0007
0023 0007
0205 0007
0210 0007
0768 0007
0794 0007
0210 0009
0721 0009
0042 0010
0091 0010
0042 0013
0051 0013
0118 0013
0155 0013
0307 0013
0493 0013
0642 0013
0702 0013
0792 0013
0804 0013
0805 0013
0016 0015
0021 0015
0026 0015
0029 0015
0147 0015
0329 0015
0007 0016
0013 0016
0015 0016
0017 0016
0019 0016
0021 0016
0023 0016
0026 0016
0027 0016
0029 0016
0031 0016
0032 0016
0042 0016
0083 0016
0102 0016
0142 0016
0146 0016
0154 0016
0157 0016
0174 0016
0206 0016
0249 0016
0259 0016
0357 0016
0406 0016
0578 0016
0603 0016
0666 0016
0016 0017
0063 0017
0069 0017
0086 0017
0109 0017
0149 0017
0016 0018
0015 0021
0016 0021
0020 0021
0026 0021
0028 0021
0029 0021
0139 0021
0662 0022
0030 0023
0141 0023
0290 0024
0036 0025
0787 0025
0015 0026
0016 0026
0042 0026
0061 0026
0063 0026
0073 0026
0091 0026
0102 0026
0142 0026
0149 0026
0175 0026
0206 0026
0215 0026
0336 0026
0357 0026
0359 0026
0396 0026
0417 0026
0442 0026
0494 0026
0655 0026
0031 0029
0042 0029
0061 0029
0069 0029
0083 0029
0102 0029
0149 0029
0175 0029
0206 0029
0268 0029
0343 0029
0359 0029
0406 0029
0428 0029
0509 0029
0514 0029
0579 0029
0614 0029
0619 0029
0007 0030
0210 0030
0120 0031
0145 0031
0160 0031
0200 0031
0285 0031
0309 0031
0617 0031
0681 0031
0789 0031
0056 0034
0270 0035
0383 0035
0025 0036
0536 0039
0050 0040
0068 0040
0010 0042
0016 0042
0091 0042
0102 0042
0132 0042
0149 0042
0509 0042
0666 0042
0702 0042
0004 0043
0029 0046
0031 0046
0042 0046
0102 0046
0159 0046
0251 0046
0268 0046
0614 0046
0048 0047
0047 0048
0525 0048
0040 0049
0050 0049
0068 0049
0040 0050
0049 0050
0068 0050
0150 0050
0096 0051
0028 0052
0056 0052
0062 0052
0081 0052
0149 0052
0513 0052
0529 0052
0055 0053
0291 0053
0053 0055
0045 0060
0141 0060
0805 0060
0026 0061
0021 0062
0016 0063
0091 0063
0123 0063
0065 0064
0032 0065
0064 0065
0064 0067
0049 0068
0107 0068
0678 0068
0010 0069
0083 0069
0102 0069
0177 0069
0071 0070
0142 0070
0226 0070
0795 0070
0070 0071
0075 0074
0317 0074
0074 0075
0088 0075
0133 0075
0254 0076
0073 0077
0127 0078
0078 0079
0127 0079
0381 0079
0505 0079
0052 0081
0102 0084
0090 0086
0091 0086
0102 0086
0640 0086
0075 0088
0315 0089
0089 0090
0010 0091
0097 0093
0098 0093
0051 0096
0103 0096
0093 0097
0098 0097
0093 0098
0097 0098
0101 0100
0100 0101
0129 0102
0357 0102
0096 0103
0051 0104
0096 0104
0049 0107
0068 0107
0112 0111
0111 0112
0114 0113
0113 0114
0013 0118
0638 0119
0135 0121
0151 0121
0125 0122
0140 0122
0122 0125
0140 0125
0079 0127
0109 0128
0102 0129
0134 0130
0015 0133
0021 0133
0093 0134
0130 0134
0170 0134
0228 0134
0282 0134
0304 0134
0428 0134
0121 0135
0151 0135
0046 0137
0369 0139
0372 0139
0092 0140
0122 0140
0125 0140
0169 0140
0060 0141
0437 0145
0149 0147
0150 0147
0154 0147
0603 0147
0785 0147
0789 0147
0230 0148
0042 0149
0359 0149
0121 0151
0135 0151
0501 0154
0230 0155
0768 0158
0029 0160
0524 0161
0209 0162
0069 0165
0572 0165
0029 0166
0417 0166
0804 0166
0168 0167
0537 0167
0167 0168
0187 0170
0678 0170
0009 0172
0079 0172
0178 0172
0298 0172
0329 0172
0789 0172
0027 0174
0042 0174
0091 0174
0106 0174
0141 0174
0146 0174
0200 0174
0026 0175
0172 0178
0412 0181
0096 0182
0170 0187
0185 0189
0190 0189
0312 0189
0563 0189
0643 0189
0192 0191
0191 0192
0313 0193
0194 0195
0197 0196
0202 0198
0203 0199
0198 0202
0415 0202
0199 0203
0204 0208
0389 0208
0446 0208
0007 0210
0225 0211
0212 0213
0220 0218
0218 0220
0231 0223
0211 0225
0223 0231
0551 0232
0664 0232
0235 0234
0234 0235
0244 0242
0317 0242
0242 0243
0242 0244
0280 0246
0390 0247
0032 0248
0250 0249
0249 0250
0023 0254
0035 0254
0061 0254
0070 0254
0076 0254
0312 0254
0333 0254
0796 0254
0035 0270
0390 0274
0399 0274
0492 0274
0187 0275
0642 0277
0289 0287
0297 0288
0287 0289
0291 0289
0293 0292
0279 0293
0292 0293
0288 0297
0368 0299
0732 0300
0304 0303
0134 0304
0303 0304
0379 0304
0460 0308
0089 0315
0074 0317
0104 0319
0322 0321
0320 0322
0321 0322
0324 0323
0325 0323
0174 0324
0175 0324
0182 0324
0305 0324
0323 0325
0394 0325
0322 0332
0348 0338
0380 0341
0416 0343
0345 0344
0344 0345
0338 0348
0418 0353
0355 0354
0354 0355
0327 0356
0155 0357
0416 0358
0361 0360
0367 0360
0713 0360
0360 0361
0367 0361
0713 0361
0404 0364
0429 0364
0366 0365
0365 0366
0360 0367
0361 0367
0643 0367
0713 0367
0506 0370
0375 0374
0374 0375
0348 0377
0303 0379
0304 0379
0737 0382
0385 0384
0384 0385
0116 0389
0208 0389
0247 0390
0369 0392
0323 0394
0428 0396
0164 0397
0405 0398
0587 0402
0429 0403
0429 0404
0430 0404
0523 0404
0398 0405
0409 0408
0408 0409
0411 0410
0410 0411
0412 0413
0369 0415
0448 0415
0484 0415
0358 0416
0612 0416
0614 0417
0353 0418
0389 0419
0129 0423
0158 0423
0449 0423
0577 0423
0588 0423
0698 0423
0437 0424
0427 0426
0426 0427
0029 0428
0046 0428
0429 0430
0032 0432
0431 0432
0458 0433
0545 0434
0448 0436
0484 0436
0218 0437
0424 0437
0563 0437
0419 0439
0010 0440
0692 0444
0438 0447
0436 0448
0484 0448
0320 0449
0343 0449
0517 0449
0547 0449
0449 0454
0457 0454
0645 0454
0103 0457
0454 0457
0483 0465
0485 0465
0490 0465
0493 0465
0470 0469
0469 0470
0472 0473
0255 0476
0488 0476
0519 0478
0480 0479
0479 0480
0465 0482
0483 0482
0465 0483
0415 0484
0436 0484
0448 0484
0481 0484
0465 0485
0465 0486
0482 0486
0465 0488
0763 0489
0465 0493
0492 0493
0475 0494
0557 0495
0558 0495
0503 0497
0497 0503
0029 0509
0450 0511
0515 0514
0514 0515
0478 0519
0530 0523
0532 0525
0518 0527
0523 0530
0039 0536
0540 0539
0543 0542
0542 0543
0434 0545
0449 0547
0545 0547
0578 0547
0018 0550
0553 0552
0554 0552
0552 0553
0554 0553
0552 0554
0553 0554
0565 0555
0558 0557
0557 0558
0484 0560
0189 0563
0190 0563
0555 0565
0579 0571
0716 0573
0731 0573
0547 0578
0571 0579
0597 0595
0599 0598
0641 0600
0705 0601
0647 0609
0570 0613
0417 0614
0630 0619
0636 0621
0624 0623
0657 0624
0626 0625
0629 0625
0796 0625
0625 0626
0625 0629
0626 0629
0621 0636
0600 0641
0009 0642
0136 0642
0277 0642
0595 0642
0660 0642
0666 0642
0645 0644
0644 0645
0609 0647
0649 0650
0462 0658
0733 0659
0642 0660
0734 0660
0804 0660
0232 0664
0680 0664
0642 0666
0702 0666
0595 0667
0672 0667
0634 0670
0728 0686
0012 0692
0580 0692
0706 0705
0705 0706
0719 0708
0360 0713
0361 0713
0580 0715
0708 0716
0719 0716
0724 0721
0721 0724
0686 0728
0300 0732
0659 0733
0232 0734
0660 0734
0152 0744
0734 0747
0749 0747
0747 0749
0633 0755
0778 0758
0600 0760
0764 0760
0762 0761
0797 0761
0797 0762
0432 0764
0600 0764
0760 0764
0771 0770
0770 0771
0777 0776
0776 0777
0275 0779
0778 0789
0800 0791
0801 0791
0761 0797
0762 0797
0799 0798
0798 0799
0801 0800
0791 0801
0800 0801
0803 0802
0811 0802
0802 0803
0811 0803
0802 0811
