
BC 0
0.50    0.10    |       111     18.82   |       11      31.20
0.55    0.10    |       100     155.78  |       10      49.18
0.60    0.26    |       80      275.00  |       21      150.43
0.65    0.05    |       78      297.35  |       4       198.00
0.70    0.19    |       64      548.00  |       12      243.00
0.75    0.24    |       55      813.53  |       13      357.22
0.80    0.30    |       44      1080.60 |       13      402.00
0.85    0.33    |       33      1505.00 |       11      588.00
0.90    0.45    |       22      2025.35 |       10      690.25
0.95    0.36    |       11      3017.53 |       4       1360.39

BC 1
0.50    0.28    |       160     0.00    |       44      0.00
0.55    0.27    |       160     0.00    |       43      21.10
0.60    0.19    |       160     0.00    |       31      53.35
0.65    0.14    |       147     5.00    |       20      102.56
0.70    0.13    |       126     155.78  |       16      131.37
0.75    0.16    |       98      275.00  |       16      205.10
0.80    0.27    |       79      548.00  |       21      245.96
0.85    0.25    |       61      821.00  |       15      409.20
0.90    0.29    |       42      1260.03 |       12      609.30
0.95    0.33    |       21      2166.50 |       7       919.93

CON 0
0.50000 0.05195 |       154     0.50000 |       8       0.50000
0.55000 0.10145 |       138     0.61111 |       14      0.50000
0.60000 0.13600 |       125     0.88889 |       17      0.50522
0.65000 6.81250 |       16      1.00000 |       109     0.52888
0.70000 0.00000 |       16      1.00000 |       0       1.00000
0.75000 0.00000 |       16      1.00000 |       0       1.00000
0.80000 0.00000 |       16      1.00000 |       0       1.00000
0.85000 0.00000 |       16      1.00000 |       0       1.00000
0.90000 0.00000 |       16      1.00000 |       0       1.00000
0.95000 0.00000 |       6       1.00694 |       0       1.00000

CON 1
0.50000 0.08029 |       137     0.50000 |       11      0.50000
0.55000 0.11290 |       124     0.61111 |       14      0.50000
0.60000 0.08036 |       112     0.86574 |       9       0.51420
0.65000 0.00000 |       8       1.00000 |       0       1.00000
0.70000 0.00000 |       8       1.00000 |       0       1.00000
0.75000 0.00000 |       8       1.00000 |       0       1.00000
0.80000 0.00000 |       8       1.00000 |       0       1.00000
0.85000 0.00000 |       8       1.00000 |       0       1.00000
0.90000 0.00000 |       8       1.00000 |       0       1.00000
0.95000 0.00000 |       8       1.00000 |       0       1.00000

ES 0
0.50000 0.10769 |       65      2.00000 |       7       2.00000
0.55000 0.10769 |       65      2.00000 |       7       2.00000
0.60000 0.04615 |       65      2.00000 |       3       2.50000
0.65000 0.01754 |       57      2.33333 |       1       3.00000
0.70000 0.08333 |       36      3.00000 |       3       3.00000
0.75000 0.08333 |       36      3.00000 |       3       3.00000
0.80000 0.03226 |       31      3.50000 |       1       4.00000
0.85000 0.00000 |       25      4.60000 |       0       5.00000
0.90000 0.00000 |       16      6.00000 |       0       6.42857
0.95000 0.12500 |       8       8.00000 |       1       7.75000

ES 1
0.50000 0.13750 |       80      2.00000 |       11      2.00000
0.55000 0.12500 |       80      2.00000 |       10      2.40000
0.60000 0.15714 |       70      2.33333 |       11      2.76667
0.65000 0.13433 |       67      2.50000 |       9       2.93333
0.70000 0.12195 |       41      3.00000 |       5       3.00000
0.75000 0.12195 |       41      3.00000 |       5       3.00000
0.80000 0.11111 |       36      3.50000 |       4       3.82500
0.85000 0.10714 |       28      4.60000 |       3       4.84000
0.90000 0.05556 |       18      6.00000 |       1       5.84286
0.95000 0.00000 |       9       8.00000 |       0       7.50278
~
