0.50    0.10    |       98      241.60  |       10      75.47
0.55    0.21    |       84      275.00  |       18      162.59
0.60    0.10    |       78      335.24  |       8       195.00
0.65    0.26    |       65      549.00  |       17      210.37
0.70    0.24    |       59      813.53  |       14      355.12
0.75    0.29    |       49      1080.60 |       14      444.42
0.80    0.33    |       39      1268.22 |       13      549.98
0.85    0.34    |       29      1849.35 |       10      634.32
0.90    0.37    |       19      2265.68 |       7       968.31
0.95    0.33    |       9       3713.00 |       3       1331.89
pearson_r = 0.8529487948036208
