*Vertices 128
1 "V0"
2 "V100"
3 "V11"
4 "V89"
5 "V15"
6 "V85"
7 "V119"
8 "V104"
9 "V45"
10 "V30"
11 "V34"
12 "V64"
13 "V123"
14 "V121"
15 "V125"
16 "V9"
17 "V68"
18 "V66"
19 "V70"
20 "V13"
21 "V17"
22 "V87"
23 "V28"
24 "V102"
25 "V117"
26 "V32"
27 "V106"
28 "V51"
29 "V49"
30 "V47"
31 "V53"
32 "V81"
33 "V83"
34 "V22"
35 "V26"
36 "V96"
37 "V37"
38 "V111"
39 "V126"
40 "V41"
41 "V115"
42 "V60"
43 "V58"
44 "V56"
45 "V62"
46 "V7"
47 "V5"
48 "V3"
49 "V1"
50 "V90"
51 "V92"
52 "V109"
53 "V98"
54 "V20"
55 "V24"
56 "V94"
57 "V113"
58 "V54"
59 "V43"
60 "V39"
61 "V73"
62 "V18"
63 "V77"
64 "V75"
65 "V79"
66 "V63"
67 "V122"
68 "V52"
69 "V48"
70 "V118"
71 "V107"
72 "V29"
73 "V103"
74 "V33"
75 "V27"
76 "V86"
77 "V84"
78 "V88"
79 "V82"
80 "V120"
81 "V50"
82 "V124"
83 "V31"
84 "V35"
85 "V105"
86 "V46"
87 "V14"
88 "V10"
89 "V16"
90 "V12"
91 "V101"
92 "V99"
93 "V65"
94 "V71"
95 "V67"
96 "V69"
97 "V59"
98 "V40"
99 "V44"
100 "V114"
101 "V55"
102 "V25"
103 "V19"
104 "V21"
105 "V110"
106 "V108"
107 "V23"
108 "V76"
109 "V74"
110 "V80"
111 "V78"
112 "V72"
113 "V61"
114 "V57"
115 "V127"
116 "V38"
117 "V116"
118 "V112"
119 "V42"
120 "V36"
121 "V95"
122 "V93"
123 "V97"
124 "V91"
125 "V8"
126 "V6"
127 "V4"
128 "V2"
*Arcs
36 39 1.0
1 122 1.0
104 103 1.0
95 93 1.0
100 53 1.0
4 13 1.0
116 84 1.0
6 61 1.0
88 49 1.0
44 121 1.0
11 108 1.0
73 122 1.0
75 125 1.0
109 86 1.0
14 61 1.0
13 57 1.0
9 93 1.0
89 112 1.0
51 12 1.0
66 32 1.0
105 71 1.0
17 101 1.0
11 21 1.0
32 48 1.0
68 40 1.0
20 50 1.0
115 1 1.0
47 108 1.0
19 20 1.0
92 116 1.0
107 34 1.0
40 78 1.0
24 95 1.0
117 103 1.0
97 127 1.0
78 99 1.0
90 58 1.0
10 128 1.0
85 16 1.0
30 89 1.0
69 10 1.0
13 48 1.0
49 93 1.0
63 94 1.0
103 50 1.0
56 57 1.0
118 59 1.0
32 59 1.0
18 14 1.0
101 25 1.0
35 128 1.0
91 1 1.0
37 98 1.0
33 14 1.0
125 124 1.0
7 24 1.0
99 36 1.0
50 52 1.0
35 97 1.0
112 11 1.0
41 77 1.0
74 105 1.0
106 71 1.0
42 27 1.0
65 69 1.0
5 119 1.0
113 69 1.0
123 110 1.0
47 7 1.0
34 101 1.0
39 69 1.0
127 45 1.0
81 84 1.0
3 45 1.0
76 100 1.0
41 56 1.0
60 65 1.0
17 52 1.0
56 121 1.0
1 94 1.0
67 49 1.0
64 84 1.0
8 99 1.0
23 39 1.0
114 87 1.0
60 25 1.0
61 119 1.0
12 113 1.0
21 115 1.0
122 58 1.0
86 10 1.0
62 53 1.0
31 119 1.0
126 93 1.0
79 40 1.0
84 115 1.0
38 48 1.0
20 126 1.0
4 90 1.0
42 56 1.0
27 101 1.0
68 76 1.0
83 101 1.0
55 126 1.0
2 99 1.0
94 107 1.0
25 99 1.0
71 32 1.0
119 97 1.0
95 98 1.0
76 107 1.0
57 52 1.0
116 88 1.0
77 50 1.0
16 52 1.0
111 20 1.0
82 89 1.0
128 58 1.0
29 99 1.0
121 23 1.0
54 62 1.0
124 95 1.0
9 35 1.0
80 51 1.0
80 100 1.0
45 50 1.0
89 108 1.0
24 127 1.0
83 32 1.0
44 123 1.0
61 23 1.0
75 62 1.0
107 27 1.0
88 7 1.0
53 26 1.0
117 51 1.0
98 104 1.0
96 90 1.0
92 25 1.0
11 106 1.0
93 79 1.0
52 5 1.0
115 51 1.0
28 74 1.0
110 109 1.0
47 93 1.0
30 50 1.0
13 26 1.0
56 97 1.0
72 125 1.0
49 40 1.0
108 41 1.0
43 32 1.0
85 76 1.0
99 90 1.0
22 84 1.0
90 119 1.0
91 108 1.0
102 54 1.0
112 128 1.0
46 12 1.0
58 89 1.0
107 47 1.0
118 79 1.0
120 23 1.0
33 42 1.0
62 49 1.0
93 36 1.0
111 126 1.0
15 9 1.0
48 10 1.0
65 10 1.0
26 23 1.0
71 92 1.0
114 25 1.0
113 51 1.0
87 88 1.0
50 75 1.0
59 10 1.0
70 1 1.0
118 58 1.0
73 119 1.0
120 62 1.0
88 43 1.0
114 28 1.0
6 24 1.0
60 119 1.0
124 50 1.0
100 40 1.0
17 21 1.0
36 1 1.0
104 48 1.0
81 104 1.0
128 86 1.0
68 98 1.0
126 52 1.0
32 46 1.0
55 21 1.0
92 119 1.0
5 90 1.0
25 90 1.0
8 85 1.0
19 69 1.0
20 114 1.0
78 47 1.0
40 125 1.0
109 127 1.0
23 119 1.0
86 126 1.0
15 12 1.0
14 44 1.0
66 87 1.0
51 107 1.0
21 59 1.0
84 107 1.0
19 98 1.0
105 110 1.0
37 119 1.0
57 24 1.0
77 105 1.0
125 110 1.0
101 90 1.0
24 83 1.0
23 74 1.0
35 90 1.0
25 75 1.0
61 28 1.0
99 125 1.0
7 119 1.0
97 101 1.0
29 84 1.0
27 87 1.0
10 49 1.0
63 35 1.0
128 90 1.0
82 116 1.0
69 47 1.0
121 103 1.0
103 68 1.0
18 115 1.0
33 97 1.0
76 115 1.0
98 36 1.0
41 58 1.0
36 43 1.0
96 76 1.0
34 54 1.0
64 28 1.0
72 122 1.0
8 9 1.0
40 85 1.0
43 107 1.0
3 89 1.0
106 113 1.0
74 126 1.0
45 23 1.0
45 10 1.0
5 32 1.0
124 89 1.0
123 103 1.0
46 113 1.0
28 37 1.0
127 98 1.0
39 49 1.0
110 93 1.0
94 86 1.0
70 128 1.0
52 24 1.0
54 83 1.0
31 16 1.0
102 39 1.0
2 50 1.0
42 33 1.0
71 101 1.0
58 107 1.0
119 122 1.0
87 114 1.0
4 109 1.0
122 23 1.0
62 93 1.0
12 90 1.0
1 59 1.0
67 37 1.0
30 128 1.0
79 32 1.0
46 68 1.0
38 75 1.0
64 48 1.0
120 125 1.0
80 103 1.0
9 74 1.0
109 50 1.0
67 93 1.0
89 125 1.0
51 125 1.0
44 93 1.0
6 121 1.0
16 48 1.0
75 1 1.0
74 14 1.0
73 77 1.0
95 106 1.0
54 119 1.0
116 77 1.0
100 123 1.0
78 112 1.0
48 89 1.0
111 62 1.0
83 51 1.0
36 50 1.0
29 49 1.0
15 58 1.0
85 128 1.0
10 78 1.0
108 26 1.0
13 98 1.0
49 1 1.0
69 59 1.0
117 29 1.0
40 52 1.0
22 47 1.0
90 36 1.0
97 24 1.0
86 24 1.0
68 88 1.0
53 17 1.0
90 95 1.0
107 108 1.0
91 24 1.0
19 32 1.0
66 79 1.0
52 110 1.0
95 117 1.0
11 52 1.0
115 39 1.0
47 50 1.0
32 95 1.0
65 90 1.0
26 115 1.0
106 97 1.0
97 32 1.0
113 23 1.0
50 37 1.0
5 24 1.0
59 126 1.0
100 17 1.0
7 48 1.0
112 94 1.0
35 116 1.0
91 26 1.0
102 12 1.0
58 74 1.0
125 128 1.0
33 24 1.0
37 48 1.0
118 37 1.0
110 10 1.0
93 1 1.0
103 95 1.0
56 3 1.0
12 35 1.0
112 91 1.0
105 93 1.0
86 65 1.0
122 77 1.0
21 57 1.0
64 52 1.0
14 83 1.0
115 110 1.0
116 51 1.0
8 48 1.0
23 14 1.0
88 107 1.0
76 110 1.0
114 90 1.0
41 46 1.0
122 73 1.0
60 74 1.0
104 23 1.0
123 120 1.0
17 120 1.0
39 48 1.0
127 70 1.0
127 95 1.0
81 32 1.0
16 24 1.0
77 89 1.0
57 75 1.0
116 47 1.0
18 128 1.0
6 108 1.0
80 37 1.0
7 9 1.0
61 43 1.0
24 120 1.0
10 57 1.0
75 14 1.0
101 3 1.0
12 115 1.0
45 47 1.0
89 32 1.0
124 86 1.0
99 59 1.0
16 39 1.0
28 112 1.0
115 119 1.0
47 62 1.0
110 83 1.0
74 32 1.0
52 122 1.0
31 21 1.0
21 92 1.0
92 1 1.0
84 58 1.0
79 89 1.0
126 49 1.0
25 98 1.0
119 24 1.0
78 88 1.0
55 22 1.0
94 83 1.0
27 79 1.0
27 50 1.0
28 116 1.0
83 27 1.0
20 32 1.0
42 59 1.0
121 77 1.0
54 36 1.0
128 89 1.0
63 26 1.0
29 46 1.0
82 68 1.0
2 112 1.0
34 41 1.0
58 9 1.0
112 58 1.0
102 24 1.0
59 108 1.0
70 14 1.0
38 128 1.0
113 128 1.0
4 23 1.0
87 115 1.0
26 89 1.0
71 124 1.0
44 66 1.0
81 126 1.0
15 32 1.0
48 50 1.0
111 95 1.0
104 27 1.0
36 44 1.0
49 69 1.0
60 7 1.0
100 27 1.0
50 13 1.0
95 85 1.0
53 106 1.0
34 88 1.0
96 103 1.0
53 101 1.0
117 6 1.0
98 114 1.0
22 74 1.0
3 47 1.0
43 100 1.0
59 51 1.0
85 23 1.0
72 126 1.0
108 88 1.0
67 73 1.0
1 25 1.0
30 108 1.0
62 90 1.0
56 98 1.0
93 107 1.0
38 119 1.0
63 23 1.0
120 108 1.0
46 98 1.0
33 63 1.0
13 83 1.0
49 57 1.0
63 11 1.0
10 89 1.0
27 103 1.0
69 58 1.0
97 70 1.0
90 17 1.0
78 25 1.0
40 21 1.0
25 46 1.0
73 83 1.0
19 104 1.0
101 10 1.0
75 24 1.0
125 108 1.0
77 86 1.0
37 32 1.0
118 62 1.0
79 44 1.0
18 10 1.0
121 83 1.0
103 97 1.0
69 14 1.0
9 49 1.0
14 85 1.0
51 113 1.0
23 16 1.0
82 97 1.0
109 93 1.0
44 32 1.0
73 41 1.0
84 87 1.0
6 93 1.0
88 59 1.0
92 74 1.0
87 120 1.0
107 88 1.0
126 90 1.0
68 77 1.0
105 95 1.0
11 93 1.0
32 89 1.0
21 19 1.0
66 35 1.0
96 14 1.0
122 119 1.0
86 47 1.0
67 44 1.0
12 23 1.0
62 98 1.0
8 78 1.0
98 117 1.0
114 119 1.0
1 41 1.0
64 32 1.0
72 91 1.0
55 73 1.0
103 92 1.0
2 68 1.0
70 97 1.0
119 59 1.0
94 89 1.0
106 49 1.0
84 88 1.0
38 89 1.0
109 106 1.0
31 26 1.0
79 125 1.0
46 93 1.0
5 27 1.0
50 94 1.0
45 5 1.0
106 9 1.0
113 116 1.0
74 119 1.0
35 74 1.0
91 40 1.0
61 40 1.0
7 104 1.0
117 119 1.0
99 40 1.0
17 98 1.0
121 114 1.0
41 44 1.0
98 47 1.0
76 50 1.0
3 27 1.0
65 89 1.0
39 89 1.0
127 69 1.0
28 42 1.0
123 74 1.0
126 128 1.0
34 98 1.0
96 44 1.0
117 26 1.0
2 33 1.0
3 51 1.0
68 90 1.0
107 48 1.0
53 24 1.0
43 124 1.0
85 93 1.0
9 126 1.0
40 104 1.0
90 74 1.0
22 109 1.0
124 32 1.0
89 27 1.0
66 3 1.0
14 126 1.0
80 87 1.0
9 32 1.0
110 56 1.0
47 98 1.0
115 89 1.0
52 4 1.0
18 102 1.0
11 84 1.0
6 105 1.0
116 106 1.0
57 107 1.0
22 49 1.0
95 26 1.0
54 49 1.0
109 51 1.0
75 107 1.0
24 62 1.0
26 97 1.0
44 125 1.0
16 104 1.0
71 86 1.0
83 1 1.0
42 102 1.0
31 37 1.0
20 113 1.0
4 81 1.0
36 65 1.0
29 25 1.0
82 26 1.0
128 119 1.0
111 26 1.0
60 24 1.0
100 46 1.0
76 44 1.0
88 50 1.0
114 8 1.0
73 18 1.0
37 113 1.0
23 82 1.0
14 118 1.0
39 13 1.0
64 50 1.0
86 12 1.0
113 89 1.0
43 49 1.0
106 24 1.0
26 36 1.0
65 127 1.0
48 119 1.0
15 118 1.0
81 59 1.0
48 14 1.0
123 48 1.0
104 92 1.0
17 124 1.0
51 128 1.0
58 1 1.0
125 59 1.0
33 37 1.0
102 56 1.0
91 125 1.0
55 65 1.0
59 34 1.0
7 51 1.0
57 72 1.0
112 125 1.0
87 93 1.0
50 116 1.0
108 125 1.0
10 65 1.0
30 43 1.0
13 76 1.0
49 50 1.0
93 66 1.0
56 69 1.0
103 104 1.0
120 97 1.0
65 111 1.0
118 3 1.0
45 112 1.0
66 125 1.0
52 126 1.0
99 1 1.0
124 67 1.0
5 102 1.0
61 120 1.0
70 27 1.0
80 47 1.0
24 86 1.0
72 121 1.0
35 94 1.0
16 128 1.0
77 22 1.0
101 34 1.0
57 26 1.0
77 88 1.0
37 10 1.0
54 126 1.0
121 20 1.0
18 56 1.0
82 9 1.0
128 4 1.0
69 88 1.0
63 9 1.0
27 94 1.0
83 120 1.0
97 112 1.0
81 68 1.0
20 90 1.0
78 62 1.0
119 47 1.0
25 105 1.0
85 122 1.0
19 34 1.0
55 47 1.0
92 90 1.0
89 115 1.0
31 124 1.0
126 50 1.0
32 1 1.0
84 126 1.0
105 70 1.0
94 46 1.0
12 1 1.0
21 102 1.0
51 26 1.0
71 24 1.0
26 32 1.0
111 112 1.0
48 69 1.0
15 5 1.0
29 119 1.0
70 5 1.0
59 3 1.0
4 7 1.0
87 128 1.0
42 39 1.0
101 26 1.0
58 70 1.0
2 93 1.0
104 39 1.0
102 46 1.0
105 48 1.0
94 88 1.0
108 49 1.0
93 128 1.0
120 89 1.0
38 123 1.0
79 31 1.0
46 41 1.0
67 71 1.0
30 122 1.0
108 58 1.0
1 32 1.0
62 47 1.0
122 104 1.0
43 106 1.0
22 92 1.0
3 70 1.0
72 123 1.0
119 94 1.0
8 47 1.0
96 37 1.0
34 97 1.0
98 60 1.0
41 59 1.0
123 84 1.0
127 50 1.0
110 18 1.0
74 87 1.0
53 87 1.0
125 89 1.0
28 69 1.0
39 24 1.0
