*Vertices 64
1 "V0"
2 "V63"
3 "V52"
4 "V11"
5 "V15"
6 "V48"
7 "V45"
8 "V30"
9 "V29"
10 "V34"
11 "V33"
12 "V27"
13 "V9"
14 "V13"
15 "V17"
16 "V50"
17 "V28"
18 "V31"
19 "V35"
20 "V32"
21 "V46"
22 "V14"
23 "V51"
24 "V49"
25 "V16"
26 "V10"
27 "V53"
28 "V12"
29 "V47"
30 "V22"
31 "V26"
32 "V59"
33 "V37"
34 "V40"
35 "V44"
36 "V41"
37 "V55"
38 "V60"
39 "V58"
40 "V19"
41 "V25"
42 "V62"
43 "V56"
44 "V21"
45 "V23"
46 "V7"
47 "V5"
48 "V3"
49 "V1"
50 "V20"
51 "V61"
52 "V57"
53 "V24"
54 "V54"
55 "V38"
56 "V43"
57 "V42"
58 "V39"
59 "V36"
60 "V18"
61 "V6"
62 "V8"
63 "V4"
64 "V2"
*Arcs
1 21 1.0
30 25 1.0
11 7 1.0
16 53 1.0
47 30 1.0
23 13 1.0
63 20 1.0
4 50 1.0
30 22 1.0
8 41 1.0
58 60 1.0
10 27 1.0
34 19 1.0
1 18 1.0
17 13 1.0
4 47 1.0
39 22 1.0
52 12 1.0
9 4 1.0
13 49 1.0
1 20 1.0
15 39 1.0
29 41 1.0
21 33 1.0
14 50 1.0
15 48 1.0
60 56 1.0
6 36 1.0
59 5 1.0
40 48 1.0
54 20 1.0
37 5 1.0
46 36 1.0
33 47 1.0
62 13 1.0
41 18 1.0
56 57 1.0
23 60 1.0
35 1 1.0
29 3 1.0
51 7 1.0
31 63 1.0
22 47 1.0
20 15 1.0
11 56 1.0
5 20 1.0
48 42 1.0
51 52 1.0
30 20 1.0
31 26 1.0
16 31 1.0
55 64 1.0
44 56 1.0
43 48 1.0
43 19 1.0
13 8 1.0
58 18 1.0
12 4 1.0
26 49 1.0
7 6 1.0
7 45 1.0
38 51 1.0
43 36 1.0
42 25 1.0
17 5 1.0
25 58 1.0
10 8 1.0
47 22 1.0
10 4 1.0
49 28 1.0
23 22 1.0
15 8 1.0
47 36 1.0
2 12 1.0
45 64 1.0
19 60 1.0
61 6 1.0
3 22 1.0
27 50 1.0
61 12 1.0
28 8 1.0
53 64 1.0
36 33 1.0
56 17 1.0
57 53 1.0
58 25 1.0
49 20 1.0
8 57 1.0
14 22 1.0
38 50 1.0
18 47 1.0
32 47 1.0
60 2 1.0
64 14 1.0
40 30 1.0
24 12 1.0
6 48 1.0
50 1 1.0
31 8 1.0
22 56 1.0
56 26 1.0
3 31 1.0
35 4 1.0
6 15 1.0
33 35 1.0
41 1 1.0
54 52 1.0
62 32 1.0
46 49 1.0
37 44 1.0
12 43 1.0
63 49 1.0
44 58 1.0
23 10 1.0
16 33 1.0
30 12 1.0
48 22 1.0
5 14 1.0
42 3 1.0
20 40 1.0
51 49 1.0
11 49 1.0
39 64 1.0
52 27 1.0
4 1 1.0
34 12 1.0
9 48 1.0
28 56 1.0
18 3 1.0
19 28 1.0
45 48 1.0
34 40 1.0
19 47 1.0
22 40 1.0
59 11 1.0
26 63 1.0
60 41 1.0
27 6 1.0
46 6 1.0
21 5 1.0
29 49 1.0
1 15 1.0
9 49 1.0
49 62 1.0
60 25 1.0
38 60 1.0
32 33 1.0
57 6 1.0
14 63 1.0
8 61 1.0
34 58 1.0
35 49 1.0
14 16 1.0
36 11 1.0
53 52 1.0
33 46 1.0
55 10 1.0
40 22 1.0
50 63 1.0
37 34 1.0
45 62 1.0
62 49 1.0
6 49 1.0
24 25 1.0
64 50 1.0
18 25 1.0
64 60 1.0
40 27 1.0
17 48 1.0
25 54 1.0
7 1 1.0
51 58 1.0
52 53 1.0
21 30 1.0
58 49 1.0
12 6 1.0
43 12 1.0
26 64 1.0
13 21 1.0
52 51 1.0
59 44 1.0
61 58 1.0
45 49 1.0
3 35 1.0
3 1 1.0
53 50 1.0
47 56 1.0
15 20 1.0
2 49 1.0
10 7 1.0
61 42 1.0
2 30 1.0
19 4 1.0
64 45 1.0
40 51 1.0
46 41 1.0
4 28 1.0
59 20 1.0
59 41 1.0
5 9 1.0
62 57 1.0
7 31 1.0
41 22 1.0
27 49 1.0
41 26 1.0
54 51 1.0
9 14 1.0
36 54 1.0
39 18 1.0
4 39 1.0
39 49 1.0
28 1 1.0
60 22 1.0
8 62 1.0
29 54 1.0
1 22 1.0
49 7 1.0
29 50 1.0
16 8 1.0
23 49 1.0
63 41 1.0
44 61 1.0
11 15 1.0
17 45 1.0
34 27 1.0
58 5 1.0
20 33 1.0
26 23 1.0
52 35 1.0
30 40 1.0
35 34 1.0
24 10 1.0
27 5 1.0
56 44 1.0
31 47 1.0
22 63 1.0
51 25 1.0
42 6 1.0
20 57 1.0
5 40 1.0
48 64 1.0
3 8 1.0
27 52 1.0
61 49 1.0
45 58 1.0
19 63 1.0
33 31 1.0
57 12 1.0
36 64 1.0
36 7 1.0
28 49 1.0
32 45 1.0
53 43 1.0
21 49 1.0
39 19 1.0
42 56 1.0
7 14 1.0
17 12 1.0
25 6 1.0
46 16 1.0
2 21 1.0
48 8 1.0
10 12 1.0
15 28 1.0
47 7 1.0
50 48 1.0
13 63 1.0
50 6 1.0
55 18 1.0
33 13 1.0
53 44 1.0
43 25 1.0
13 18 1.0
54 33 1.0
12 22 1.0
37 29 1.0
31 20 1.0
18 4 1.0
57 5 1.0
38 3 1.0
14 26 1.0
32 8 1.0
22 18 1.0
50 61 1.0
18 10 1.0
24 41 1.0
64 36 1.0
6 56 1.0
48 2 1.0
39 40 1.0
2 50 1.0
4 49 1.0
52 36 1.0
9 50 1.0
17 36 1.0
26 40 1.0
30 55 1.0
34 60 1.0
9 41 1.0
11 30 1.0
58 4 1.0
44 32 1.0
11 2 1.0
23 53 1.0
63 22 1.0
16 4 1.0
63 52 1.0
20 49 1.0
5 22 1.0
35 18 1.0
5 49 1.0
42 7 1.0
51 3 1.0
56 6 1.0
56 14 1.0
16 51 1.0
22 4 1.0
38 5 1.0
31 42 1.0
54 60 1.0
54 61 1.0
41 48 1.0
62 31 1.0
21 32 1.0
33 61 1.0
25 61 1.0
28 18 1.0
59 22 1.0
40 5 1.0
46 54 1.0
6 42 1.0
49 60 1.0
1 13 1.0
29 56 1.0
8 52 1.0
60 20 1.0
35 33 1.0
7 61 1.0
25 40 1.0
32 14 1.0
42 36 1.0
37 46 1.0
12 61 1.0
43 49 1.0
12 13 1.0
26 38 1.0
37 20 1.0
55 53 1.0
41 60 1.0
44 47 1.0
55 45 1.0
44 4 1.0
13 25 1.0
24 48 1.0
64 56 1.0
24 47 1.0
48 20 1.0
20 18 1.0
50 4 1.0
38 19 1.0
49 9 1.0
14 54 1.0
32 41 1.0
18 56 1.0
8 46 1.0
28 6 1.0
53 49 1.0
57 50 1.0
55 56 1.0
36 50 1.0
57 8 1.0
45 63 1.0
19 40 1.0
27 17 1.0
47 14 1.0
3 52 1.0
61 45 1.0
10 54 1.0
15 43 1.0
21 61 1.0
62 36 1.0
25 55 1.0
63 32 1.0
2 20 1.0
