*Vertices 256
1 "V0"
2 "V174"
3 "V233"
4 "V89"
5 "V85"
6 "V119"
7 "V178"
8 "V30"
9 "V34"
10 "V64"
11 "V208"
12 "V123"
13 "V212"
14 "V9"
15 "V68"
16 "V153"
17 "V13"
18 "V17"
19 "V157"
20 "V246"
21 "V161"
22 "V102"
23 "V250"
24 "V106"
25 "V191"
26 "V51"
27 "V47"
28 "V195"
29 "V136"
30 "V225"
31 "V229"
32 "V140"
33 "V81"
34 "V22"
35 "V26"
36 "V255"
37 "V170"
38 "V111"
39 "V200"
40 "V115"
41 "V60"
42 "V56"
43 "V204"
44 "V145"
45 "V234"
46 "V5"
47 "V238"
48 "V1"
49 "V149"
50 "V90"
51 "V183"
52 "V242"
53 "V98"
54 "V94"
55 "V128"
56 "V187"
57 "V43"
58 "V39"
59 "V73"
60 "V217"
61 "V132"
62 "V221"
63 "V18"
64 "V77"
65 "V162"
66 "V166"
67 "V196"
68 "V137"
69 "V52"
70 "V48"
71 "V251"
72 "V192"
73 "V107"
74 "V103"
75 "V27"
76 "V86"
77 "V171"
78 "V175"
79 "V82"
80 "V141"
81 "V226"
82 "V230"
83 "V120"
84 "V209"
85 "V124"
86 "V31"
87 "V35"
88 "V179"
89 "V243"
90 "V14"
91 "V247"
92 "V10"
93 "V158"
94 "V99"
95 "V65"
96 "V213"
97 "V69"
98 "V154"
99 "V133"
100 "V218"
101 "V40"
102 "V44"
103 "V129"
104 "V188"
105 "V252"
106 "V19"
107 "V167"
108 "V23"
109 "V108"
110 "V74"
111 "V222"
112 "V78"
113 "V163"
114 "V205"
115 "V146"
116 "V61"
117 "V57"
118 "V201"
119 "V116"
120 "V112"
121 "V36"
122 "V95"
123 "V180"
124 "V184"
125 "V91"
126 "V150"
127 "V235"
128 "V6"
129 "V239"
130 "V2"
131 "V159"
132 "V100"
133 "V11"
134 "V248"
135 "V244"
136 "V15"
137 "V104"
138 "V45"
139 "V193"
140 "V189"
141 "V210"
142 "V121"
143 "V125"
144 "V155"
145 "V214"
146 "V66"
147 "V70"
148 "V87"
149 "V172"
150 "V231"
151 "V28"
152 "V32"
153 "V117"
154 "V176"
155 "V49"
156 "V53"
157 "V197"
158 "V138"
159 "V227"
160 "V142"
161 "V83"
162 "V96"
163 "V181"
164 "V240"
165 "V37"
166 "V41"
167 "V126"
168 "V185"
169 "V58"
170 "V62"
171 "V206"
172 "V147"
173 "V7"
174 "V3"
175 "V236"
176 "V151"
177 "V92"
178 "V168"
179 "V109"
180 "V20"
181 "V253"
182 "V24"
183 "V113"
184 "V54"
185 "V202"
186 "V198"
187 "V219"
188 "V130"
189 "V134"
190 "V164"
191 "V223"
192 "V75"
193 "V79"
194 "V63"
195 "V122"
196 "V211"
197 "V207"
198 "V118"
199 "V177"
200 "V29"
201 "V33"
202 "V173"
203 "V232"
204 "V84"
205 "V88"
206 "V228"
207 "V143"
208 "V139"
209 "V50"
210 "V135"
211 "V194"
212 "V190"
213 "V105"
214 "V46"
215 "V249"
216 "V16"
217 "V12"
218 "V245"
219 "V160"
220 "V101"
221 "V71"
222 "V67"
223 "V215"
224 "V156"
225 "V144"
226 "V59"
227 "V203"
228 "V199"
229 "V114"
230 "V55"
231 "V25"
232 "V21"
233 "V254"
234 "V169"
235 "V110"
236 "V76"
237 "V80"
238 "V224"
239 "V165"
240 "V72"
241 "V131"
242 "V220"
243 "V216"
244 "V127"
245 "V186"
246 "V38"
247 "V42"
248 "V182"
249 "V241"
250 "V93"
251 "V97"
252 "V237"
253 "V152"
254 "V8"
255 "V148"
256 "V4"
*Arcs
1 56 1.0
147 217 1.0
72 44 1.0
3 234 1.0
153 132 1.0
129 18 1.0
247 182 1.0
190 105 1.0
4 102 1.0
205 116 1.0
141 17 1.0
210 145 1.0
17 65 1.0
163 21 1.0
226 136 1.0
7 159 1.0
206 24 1.0
24 148 1.0
86 181 1.0
16 90 1.0
9 254 1.0
228 69 1.0
64 166 1.0
130 212 1.0
70 200 1.0
20 43 1.0
85 236 1.0
122 231 1.0
37 165 1.0
12 44 1.0
160 40 1.0
60 170 1.0
180 30 1.0
104 26 1.0
13 89 1.0
146 58 1.0
127 89 1.0
165 133 1.0
183 79 1.0
204 238 1.0
131 188 1.0
15 43 1.0
241 43 1.0
171 143 1.0
14 130 1.0
199 254 1.0
181 23 1.0
230 118 1.0
255 161 1.0
35 102 1.0
17 90 1.0
19 149 1.0
22 128 1.0
238 144 1.0
52 182 1.0
66 187 1.0
102 119 1.0
28 176 1.0
59 90 1.0
83 194 1.0
20 197 1.0
136 73 1.0
68 106 1.0
22 150 1.0
96 156 1.0
125 64 1.0
179 90 1.0
150 242 1.0
201 240 1.0
170 57 1.0
124 129 1.0
25 239 1.0
167 256 1.0
185 240 1.0
256 247 1.0
237 14 1.0
144 152 1.0
27 157 1.0
242 73 1.0
34 230 1.0
53 180 1.0
202 239 1.0
29 79 1.0
134 244 1.0
26 121 1.0
40 137 1.0
30 242 1.0
25 1 1.0
97 56 1.0
225 204 1.0
84 220 1.0
33 240 1.0
148 72 1.0
65 54 1.0
252 20 1.0
101 48 1.0
81 77 1.0
137 6 1.0
200 25 1.0
176 35 1.0
35 19 1.0
236 86 1.0
99 117 1.0
133 8 1.0
36 189 1.0
123 236 1.0
169 217 1.0
37 6 1.0
250 176 1.0
223 119 1.0
63 144 1.0
32 27 1.0
95 81 1.0
186 195 1.0
1 189 1.0
195 108 1.0
135 130 1.0
27 58 1.0
234 17 1.0
40 23 1.0
43 5 1.0
173 101 1.0
41 173 1.0
79 240 1.0
71 157 1.0
184 33 1.0
103 28 1.0
38 238 1.0
56 131 1.0
43 14 1.0
93 73 1.0
3 94 1.0
121 153 1.0
139 198 1.0
221 131 1.0
46 105 1.0
164 15 1.0
198 136 1.0
47 104 1.0
49 212 1.0
132 79 1.0
154 147 1.0
172 164 1.0
231 143 1.0
111 248 1.0
248 102 1.0
51 89 1.0
73 194 1.0
29 116 1.0
41 34 1.0
196 12 1.0
4 110 1.0
90 105 1.0
57 152 1.0
239 131 1.0
54 189 1.0
77 253 1.0
55 205 1.0
162 14 1.0
143 119 1.0
91 53 1.0
155 169 1.0
112 4 1.0
39 113 1.0
174 204 1.0
31 5 1.0
152 251 1.0
98 70 1.0
58 121 1.0
59 29 1.0
219 9 1.0
246 3 1.0
175 76 1.0
229 89 1.0
60 90 1.0
140 134 1.0
222 60 1.0
207 253 1.0
100 166 1.0
232 158 1.0
49 233 1.0
63 142 1.0
75 242 1.0
30 168 1.0
74 196 1.0
65 72 1.0
7 41 1.0
42 230 1.0
233 187 1.0
61 127 1.0
92 189 1.0
197 5 1.0
5 92 1.0
168 110 1.0
67 106 1.0
194 220 1.0
203 238 1.0
9 92 1.0
235 53 1.0
69 57 1.0
33 133 1.0
224 90 1.0
244 132 1.0
46 229 1.0
227 205 1.0
67 35 1.0
71 86 1.0
110 152 1.0
89 246 1.0
138 165 1.0
142 170 1.0
177 126 1.0
107 165 1.0
73 18 1.0
158 27 1.0
145 230 1.0
216 240 1.0
47 58 1.0
119 226 1.0
166 101 1.0
113 29 1.0
76 29 1.0
205 14 1.0
141 152 1.0
217 244 1.0
189 79 1.0
226 239 1.0
163 212 1.0
78 182 1.0
215 109 1.0
2 146 1.0
69 239 1.0
80 106 1.0
94 62 1.0
62 21 1.0
44 242 1.0
108 143 1.0
72 214 1.0
147 143 1.0
82 149 1.0
146 28 1.0
80 142 1.0
243 200 1.0
106 28 1.0
83 101 1.0
54 50 1.0
131 5 1.0
165 236 1.0
45 25 1.0
120 24 1.0
84 15 1.0
104 142 1.0
64 75 1.0
253 221 1.0
86 43 1.0
159 202 1.0
8 46 1.0
213 121 1.0
37 132 1.0
218 34 1.0
70 145 1.0
12 5 1.0
228 217 1.0
48 89 1.0
211 116 1.0
89 126 1.0
6 254 1.0
255 128 1.0
92 173 1.0
240 34 1.0
50 95 1.0
13 164 1.0
136 179 1.0
249 130 1.0
102 106 1.0
66 209 1.0
94 213 1.0
254 224 1.0
105 253 1.0
188 194 1.0
95 92 1.0
114 255 1.0
161 184 1.0
191 101 1.0
220 27 1.0
35 4 1.0
230 133 1.0
199 142 1.0
98 61 1.0
34 244 1.0
187 179 1.0
251 214 1.0
212 156 1.0
15 123 1.0
225 80 1.0
134 218 1.0
167 116 1.0
256 130 1.0
99 102 1.0
149 226 1.0
209 33 1.0
144 58 1.0
82 106 1.0
201 108 1.0
118 95 1.0
102 6 1.0
193 212 1.0
116 23 1.0
68 207 1.0
109 42 1.0
51 209 1.0
104 15 1.0
192 169 1.0
157 110 1.0
1 157 1.0
195 44 1.0
135 217 1.0
214 166 1.0
88 15 1.0
107 48 1.0
137 179 1.0
81 168 1.0
151 113 1.0
126 169 1.0
108 58 1.0
76 138 1.0
11 169 1.0
133 119 1.0
99 23 1.0
36 158 1.0
117 238 1.0
111 151 1.0
252 254 1.0
40 111 1.0
58 169 1.0
21 166 1.0
112 138 1.0
132 102 1.0
78 90 1.0
115 189 1.0
156 63 1.0
23 20 1.0
55 79 1.0
128 145 1.0
43 179 1.0
79 157 1.0
117 166 1.0
19 210 1.0
87 21 1.0
3 123 1.0
38 33 1.0
118 181 1.0
245 49 1.0
10 254 1.0
208 252 1.0
18 169 1.0
223 50 1.0
120 80 1.0
250 14 1.0
178 153 1.0
16 119 1.0
121 15 1.0
112 155 1.0
24 130 1.0
123 53 1.0
206 212 1.0
86 136 1.0
41 169 1.0
248 193 1.0
196 15 1.0
17 25 1.0
210 237 1.0
190 128 1.0
125 49 1.0
4 79 1.0
153 34 1.0
129 147 1.0
247 254 1.0
221 220 1.0
139 131 1.0
127 209 1.0
111 29 1.0
182 128 1.0
115 133 1.0
130 244 1.0
238 97 1.0
75 175 1.0
22 91 1.0
7 151 1.0
131 180 1.0
181 207 1.0
42 143 1.0
83 8 1.0
28 195 1.0
134 18 1.0
136 50 1.0
59 207 1.0
49 158 1.0
96 203 1.0
137 161 1.0
125 209 1.0
107 8 1.0
52 245 1.0
138 146 1.0
139 44 1.0
124 198 1.0
170 58 1.0
158 236 1.0
216 67 1.0
20 171 1.0
77 225 1.0
155 86 1.0
39 128 1.0
85 111 1.0
130 100 1.0
180 166 1.0
160 169 1.0
143 224 1.0
60 245 1.0
122 217 1.0
127 181 1.0
183 53 1.0
246 179 1.0
222 58 1.0
140 9 1.0
145 81 1.0
171 26 1.0
14 8 1.0
241 74 1.0
219 82 1.0
147 234 1.0
204 97 1.0
84 170 1.0
217 141 1.0
148 92 1.0
169 201 1.0
189 198 1.0
213 251 1.0
149 47 1.0
123 235 1.0
176 184 1.0
200 109 1.0
159 95 1.0
186 15 1.0
236 119 1.0
151 194 1.0
218 133 1.0
12 155 1.0
48 171 1.0
153 146 1.0
234 101 1.0
27 127 1.0
63 244 1.0
243 95 1.0
54 157 1.0
150 135 1.0
179 109 1.0
9 239 1.0
224 229 1.0
155 168 1.0
185 135 1.0
237 130 1.0
46 116 1.0
215 164 1.0
244 169 1.0
26 86 1.0
202 24 1.0
158 174 1.0
53 106 1.0
242 88 1.0
108 146 1.0
44 198 1.0
97 89 1.0
25 241 1.0
159 36 1.0
119 131 1.0
47 174 1.0
101 211 1.0
65 127 1.0
161 97 1.0
51 174 1.0
116 159 1.0
29 27 1.0
90 102 1.0
13 202 1.0
162 81 1.0
50 17 1.0
239 86 1.0
164 246 1.0
57 161 1.0
198 147 1.0
164 153 1.0
91 43 1.0
209 108 1.0
143 128 1.0
118 182 1.0
174 187 1.0
193 28 1.0
98 153 1.0
166 201 1.0
152 18 1.0
31 108 1.0
73 165 1.0
168 14 1.0
161 231 1.0
114 138 1.0
173 150 1.0
45 180 1.0
121 86 1.0
93 61 1.0
170 253 1.0
56 87 1.0
171 209 1.0
120 253 1.0
32 105 1.0
95 61 1.0
173 106 1.0
240 35 1.0
211 239 1.0
191 192 1.0
231 86 1.0
172 231 1.0
154 22 1.0
176 143 1.0
220 123 1.0
103 133 1.0
71 117 1.0
184 72 1.0
214 8 1.0
89 153 1.0
142 168 1.0
145 131 1.0
177 107 1.0
178 119 1.0
179 79 1.0
180 49 1.0
126 53 1.0
151 111 1.0
181 115 1.0
67 23 1.0
110 156 1.0
203 222 1.0
87 177 1.0
235 166 1.0
33 194 1.0
19 184 1.0
184 102 1.0
208 101 1.0
18 229 1.0
168 55 1.0
186 202 1.0
194 168 1.0
15 238 1.0
212 161 1.0
187 118 1.0
229 44 1.0
175 133 1.0
58 111 1.0
149 119 1.0
188 132 1.0
162 89 1.0
100 33 1.0
232 160 1.0
207 174 1.0
233 120 1.0
117 42 1.0
88 153 1.0
74 238 1.0
190 75 1.0
30 220 1.0
21 67 1.0
192 89 1.0
5 176 1.0
197 28 1.0
92 135 1.0
61 73 1.0
122 10 1.0
60 55 1.0
106 110 1.0
20 86 1.0
70 75 1.0
37 136 1.0
195 207 1.0
104 225 1.0
196 35 1.0
183 239 1.0
80 212 1.0
146 189 1.0
206 109 1.0
24 236 1.0
8 80 1.0
163 169 1.0
226 4 1.0
199 167 1.0
228 220 1.0
130 106 1.0
85 5 1.0
253 254 1.0
201 75 1.0
64 128 1.0
113 253 1.0
166 50 1.0
129 97 1.0
153 184 1.0
203 23 1.0
72 14 1.0
210 128 1.0
17 212 1.0
141 216 1.0
205 58 1.0
205 19 1.0
2 120 1.0
207 194 1.0
23 58 1.0
69 256 1.0
55 80 1.0
227 94 1.0
128 90 1.0
147 97 1.0
115 169 1.0
62 143 1.0
182 83 1.0
94 4 1.0
237 41 1.0
185 98 1.0
256 98 1.0
167 185 1.0
134 3 1.0
26 182 1.0
202 251 1.0
210 69 1.0
251 133 1.0
187 108 1.0
34 102 1.0
225 25 1.0
125 85 1.0
96 47 1.0
136 80 1.0
68 200 1.0
170 200 1.0
124 105 1.0
212 168 1.0
109 246 1.0
82 111 1.0
201 127 1.0
144 194 1.0
214 185 1.0
255 123 1.0
35 86 1.0
238 75 1.0
28 121 1.0
59 226 1.0
217 100 1.0
249 120 1.0
6 140 1.0
218 154 1.0
66 126 1.0
220 191 1.0
102 98 1.0
131 14 1.0
127 92 1.0
165 231 1.0
171 170 1.0
222 220 1.0
204 105 1.0
105 157 1.0
188 146 1.0
254 33 1.0
224 87 1.0
22 67 1.0
199 120 1.0
230 169 1.0
71 141 1.0
78 167 1.0
156 28 1.0
43 224 1.0
103 41 1.0
173 75 1.0
93 172 1.0
226 210 1.0
79 111 1.0
38 47 1.0
3 236 1.0
121 189 1.0
10 133 1.0
245 170 1.0
227 33 1.0
223 154 1.0
63 15 1.0
32 226 1.0
234 240 1.0
229 176 1.0
250 200 1.0
195 61 1.0
135 35 1.0
27 181 1.0
157 172 1.0
1 161 1.0
192 117 1.0
176 80 1.0
231 226 1.0
200 34 1.0
81 105 1.0
137 119 1.0
123 78 1.0
234 1 1.0
169 108 1.0
36 60 1.0
99 242 1.0
133 49 1.0
11 1 1.0
76 96 1.0
237 203 1.0
65 90 1.0
101 20 1.0
252 107 1.0
40 200 1.0
238 74 1.0
25 29 1.0
97 179 1.0
175 107 1.0
219 54 1.0
246 121 1.0
240 123 1.0
197 145 1.0
5 81 1.0
160 161 1.0
180 103 1.0
140 103 1.0
222 15 1.0
229 174 1.0
243 41 1.0
91 75 1.0
155 166 1.0
77 43 1.0
244 179 1.0
162 106 1.0
100 236 1.0
16 79 1.0
246 169 1.0
112 151 1.0
39 23 1.0
174 244 1.0
143 238 1.0
248 256 1.0
248 73 1.0
41 241 1.0
31 92 1.0
86 254 1.0
73 217 1.0
4 160 1.0
190 160 1.0
250 62 1.0
29 143 1.0
196 102 1.0
90 217 1.0
252 111 1.0
139 88 1.0
221 254 1.0
247 67 1.0
164 169 1.0
198 229 1.0
111 143 1.0
132 90 1.0
255 207 1.0
172 169 1.0
256 187 1.0
231 105 1.0
163 110 1.0
2 220 1.0
213 214 1.0
189 35 1.0
226 143 1.0
148 254 1.0
84 125 1.0
217 42 1.0
166 14 1.0
113 65 1.0
5 11 1.0
37 180 1.0
6 29 1.0
54 246 1.0
12 26 1.0
218 225 1.0
70 63 1.0
8 154 1.0
236 121 1.0
186 22 1.0
48 158 1.0
159 139 1.0
8 90 1.0
253 229 1.0
131 63 1.0
10 150 1.0
165 108 1.0
45 248 1.0
120 233 1.0
11 107 1.0
56 86 1.0
95 200 1.0
80 174 1.0
106 60 1.0
243 166 1.0
255 4 1.0
14 89 1.0
191 201 1.0
35 169 1.0
220 101 1.0
154 89 1.0
16 86 1.0
184 111 1.0
105 156 1.0
188 109 1.0
254 221 1.0
114 185 1.0
161 174 1.0
74 156 1.0
30 181 1.0
75 217 1.0
49 230 1.0
18 207 1.0
110 220 1.0
14 256 1.0
181 146 1.0
241 102 1.0
42 253 1.0
7 207 1.0
21 148 1.0
177 242 1.0
145 220 1.0
216 185 1.0
158 128 1.0
194 119 1.0
67 36 1.0
23 188 1.0
83 27 1.0
52 70 1.0
138 34 1.0
107 127 1.0
24 66 1.0
227 76 1.0
26 109 1.0
33 253 1.0
215 5 1.0
244 100 1.0
46 75 1.0
179 86 1.0
28 11 1.0
168 159 1.0
224 145 1.0
150 15 1.0
9 35 1.0
147 130 1.0
44 42 1.0
47 188 1.0
119 22 1.0
72 90 1.0
31 236 1.0
32 193 1.0
2 254 1.0
69 187 1.0
108 180 1.0
242 2 1.0
53 126 1.0
126 27 1.0
34 169 1.0
192 110 1.0
137 118 1.0
81 130 1.0
151 147 1.0
89 220 1.0
178 110 1.0
214 236 1.0
157 92 1.0
142 80 1.0
36 39 1.0
208 180 1.0
18 14 1.0
38 218 1.0
250 239 1.0
223 115 1.0
203 164 1.0
235 229 1.0
87 136 1.0
245 71 1.0
10 90 1.0
39 232 1.0
55 182 1.0
43 153 1.0
128 221 1.0
79 61 1.0
19 250 1.0
42 182 1.0
62 153 1.0
182 21 1.0
94 244 1.0
78 107 1.0
44 55 1.0
23 44 1.0
156 58 1.0
153 14 1.0
139 146 1.0
45 112 1.0
221 116 1.0
115 42 1.0
48 82 1.0
141 119 1.0
17 189 1.0
50 75 1.0
205 253 1.0
190 218 1.0
129 4 1.0
247 56 1.0
240 119 1.0
211 195 1.0
52 4 1.0
6 4 1.0
249 148 1.0
57 182 1.0
239 106 1.0
53 122 1.0
50 254 1.0
13 79 1.0
136 90 1.0
68 232 1.0
116 179 1.0
51 205 1.0
109 151 1.0
56 162 1.0
82 133 1.0
98 6 1.0
152 212 1.0
57 153 1.0
118 224 1.0
193 156 1.0
167 83 1.0
256 158 1.0
149 39 1.0
209 220 1.0
134 4 1.0
187 224 1.0
251 125 1.0
61 141 1.0
207 183 1.0
232 69 1.0
212 115 1.0
62 229 1.0
15 214 1.0
252 193 1.0
58 232 1.0
40 162 1.0
76 63 1.0
21 59 1.0
64 21 1.0
61 17 1.0
11 116 1.0
92 28 1.0
88 208 1.0
66 1 1.0
233 240 1.0
117 164 1.0
53 197 1.0
202 115 1.0
68 230 1.0
215 61 1.0
26 244 1.0
244 80 1.0
185 5 1.0
46 63 1.0
237 128 1.0
144 123 1.0
70 205 1.0
201 119 1.0
150 117 1.0
179 226 1.0
72 89 1.0
124 142 1.0
170 29 1.0
158 164 1.0
216 58 1.0
96 115 1.0
125 8 1.0
74 15 1.0
66 102 1.0
102 202 1.0
176 33 1.0
200 143 1.0
75 144 1.0
213 146 1.0
77 25 1.0
159 72 1.0
36 117 1.0
123 109 1.0
169 42 1.0
84 211 1.0
99 33 1.0
133 48 1.0
65 238 1.0
79 140 1.0
148 79 1.0
119 147 1.0
47 200 1.0
101 105 1.0
97 102 1.0
25 216 1.0
81 92 1.0
242 170 1.0
34 116 1.0
225 53 1.0
180 150 1.0
60 226 1.0
122 151 1.0
146 160 1.0
160 223 1.0
20 40 1.0
85 198 1.0
130 44 1.0
77 15 1.0
85 220 1.0
155 110 1.0
16 41 1.0
86 108 1.0
206 64 1.0
228 144 1.0
64 41 1.0
87 47 1.0
41 240 1.0
210 97 1.0
24 58 1.0
88 174 1.0
248 10 1.0
90 137 1.0
59 141 1.0
28 90 1.0
83 128 1.0
91 170 1.0
52 29 1.0
199 179 1.0
93 72 1.0
22 256 1.0
238 213 1.0
75 115 1.0
49 193 1.0
204 90 1.0
171 156 1.0
14 15 1.0
241 70 1.0
181 97 1.0
230 148 1.0
104 58 1.0
96 111 1.0
183 29 1.0
127 79 1.0
246 87 1.0
219 92 1.0
97 204 1.0
222 128 1.0
207 35 1.0
100 234 1.0
232 217 1.0
162 48 1.0
21 102 1.0
175 217 1.0
58 29 1.0
229 225 1.0
140 61 1.0
100 5 1.0
112 53 1.0
98 75 1.0
101 217 1.0
152 145 1.0
31 220 1.0
73 47 1.0
149 29 1.0
103 37 1.0
91 120 1.0
209 152 1.0
143 251 1.0
39 244 1.0
174 217 1.0
105 110 1.0
89 34 1.0
142 147 1.0
126 12 1.0
106 217 1.0
67 79 1.0
110 90 1.0
177 90 1.0
145 80 1.0
18 244 1.0
138 169 1.0
107 81 1.0
109 230 1.0
61 247 1.0
92 254 1.0
233 156 1.0
110 1 1.0
5 110 1.0
197 89 1.0
30 75 1.0
74 90 1.0
151 179 1.0
7 75 1.0
42 199 1.0
113 119 1.0
56 212 1.0
114 143 1.0
95 214 1.0
3 188 1.0
121 217 1.0
38 217 1.0
161 256 1.0
93 225 1.0
116 160 1.0
103 128 1.0
114 106 1.0
173 105 1.0
1 19 1.0
186 111 1.0
236 6 1.0
27 8 1.0
135 243 1.0
195 116 1.0
54 118 1.0
234 174 1.0
119 207 1.0
32 146 1.0
243 133 1.0
63 119 1.0
164 75 1.0
239 1 1.0
57 98 1.0
122 82 1.0
196 147 1.0
4 121 1.0
90 174 1.0
29 130 1.0
116 104 1.0
51 15 1.0
124 244 1.0
71 21 1.0
184 34 1.0
154 193 1.0
126 194 1.0
132 125 1.0
111 85 1.0
231 75 1.0
172 73 1.0
128 169 1.0
240 14 1.0
211 231 1.0
198 84 1.0
129 138 1.0
249 67 1.0
102 90 1.0
6 198 1.0
50 185 1.0
66 194 1.0
132 140 1.0
255 168 1.0
133 199 1.0
35 173 1.0
28 61 1.0
135 247 1.0
59 116 1.0
82 11 1.0
201 89 1.0
109 179 1.0
138 10 1.0
193 44 1.0
144 105 1.0
68 63 1.0
13 219 1.0
136 11 1.0
124 77 1.0
140 105 1.0
170 33 1.0
146 34 1.0
104 38 1.0
120 188 1.0
141 63 1.0
45 188 1.0
165 174 1.0
37 198 1.0
142 117 1.0
122 65 1.0
60 145 1.0
106 143 1.0
80 256 1.0
105 251 1.0
199 187 1.0
230 159 1.0
144 42 1.0
191 224 1.0
220 14 1.0
131 254 1.0
146 153 1.0
204 152 1.0
171 210 1.0
188 100 1.0
254 69 1.0
226 238 1.0
189 119 1.0
217 110 1.0
141 178 1.0
205 121 1.0
148 14 1.0
113 173 1.0
166 254 1.0
129 171 1.0
153 256 1.0
150 200 1.0
218 217 1.0
70 202 1.0
12 230 1.0
228 230 1.0
48 127 1.0
64 194 1.0
253 179 1.0
152 86 1.0
206 140 1.0
8 143 1.0
24 253 1.0
163 225 1.0
154 58 1.0
33 121 1.0
227 211 1.0
128 100 1.0
203 35 1.0
9 61 1.0
224 208 1.0
156 101 1.0
168 90 1.0
157 179 1.0
235 127 1.0
208 5 1.0
194 232 1.0
72 155 1.0
147 108 1.0
62 94 1.0
44 15 1.0
108 23 1.0
2 74 1.0
160 137 1.0
94 75 1.0
55 156 1.0
23 203 1.0
69 254 1.0
196 27 1.0
17 232 1.0
4 70 1.0
41 153 1.0
210 49 1.0
73 170 1.0
248 16 1.0
163 64 1.0
16 116 1.0
31 189 1.0
86 63 1.0
39 111 1.0
165 80 1.0
112 232 1.0
20 199 1.0
85 61 1.0
130 58 1.0
167 171 1.0
162 138 1.0
77 153 1.0
155 58 1.0
160 43 1.0
180 160 1.0
100 226 1.0
3 98 1.0
19 92 1.0
87 105 1.0
169 65 1.0
43 212 1.0
79 233 1.0
103 254 1.0
173 253 1.0
71 191 1.0
78 235 1.0
156 23 1.0
172 256 1.0
111 232 1.0
132 119 1.0
182 5 1.0
115 195 1.0
174 105 1.0
221 90 1.0
139 121 1.0
175 63 1.0
198 130 1.0
164 196 1.0
247 174 1.0
190 138 1.0
177 94 1.0
81 113 1.0
200 130 1.0
137 102 1.0
88 58 1.0
178 128 1.0
117 128 1.0
195 130 1.0
157 4 1.0
1 254 1.0
192 34 1.0
176 41 1.0
182 20 1.0
223 106 1.0
63 247 1.0
250 118 1.0
178 231 1.0
183 46 1.0
135 86 1.0
214 240 1.0
38 177 1.0
185 58 1.0
245 81 1.0
10 231 1.0
32 107 1.0
134 119 1.0
26 58 1.0
202 56 1.0
118 116 1.0
256 144 1.0
167 26 1.0
225 157 1.0
34 111 1.0
189 233 1.0
251 221 1.0
187 120 1.0
252 15 1.0
40 147 1.0
101 254 1.0
212 116 1.0
15 146 1.0
191 188 1.0
133 75 1.0
36 172 1.0
99 153 1.0
65 80 1.0
193 143 1.0
11 33 1.0
76 170 1.0
45 147 1.0
120 116 1.0
121 200 1.0
93 220 1.0
194 143 1.0
161 34 1.0
80 41 1.0
106 23 1.0
56 207 1.0
95 133 1.0
197 13 1.0
218 90 1.0
234 33 1.0
27 23 1.0
198 231 1.0
243 61 1.0
54 37 1.0
253 58 1.0
200 145 1.0
236 182 1.0
186 229 1.0
12 90 1.0
48 39 1.0
123 17 1.0
202 101 1.0
169 151 1.0
159 170 1.0
8 20 1.0
213 212 1.0
148 143 1.0
113 54 1.0
204 239 1.0
189 64 1.0
84 80 1.0
217 97 1.0
25 156 1.0
206 240 1.0
97 90 1.0
47 77 1.0
166 158 1.0
119 5 1.0
242 79 1.0
53 244 1.0
2 223 1.0
208 163 1.0
44 220 1.0
108 28 1.0
215 226 1.0
244 157 1.0
69 143 1.0
185 106 1.0
237 169 1.0
46 4 1.0
224 225 1.0
9 79 1.0
209 81 1.0
179 166 1.0
211 58 1.0
150 142 1.0
194 90 1.0
168 244 1.0
96 194 1.0
216 149 1.0
158 69 1.0
107 147 1.0
213 150 1.0
125 86 1.0
83 193 1.0
52 132 1.0
138 166 1.0
67 194 1.0
215 29 1.0
110 58 1.0
49 223 1.0
216 233 1.0
238 11 1.0
75 65 1.0
22 148 1.0
7 92 1.0
219 131 1.0
181 194 1.0
42 158 1.0
241 179 1.0
197 80 1.0
14 169 1.0
5 43 1.0
219 208 1.0
221 56 1.0
246 20 1.0
127 101 1.0
183 237 1.0
223 95 1.0
140 188 1.0
222 61 1.0
33 199 1.0
227 109 1.0
128 171 1.0
55 102 1.0
23 78 1.0
156 229 1.0
78 237 1.0
225 8 1.0
94 236 1.0
62 171 1.0
182 149 1.0
115 161 1.0
145 201 1.0
177 146 1.0
18 221 1.0
208 145 1.0
10 112 1.0
245 220 1.0
228 177 1.0
203 86 1.0
235 110 1.0
87 170 1.0
19 195 1.0
230 225 1.0
126 179 1.0
30 119 1.0
151 154 1.0
157 132 1.0
232 60 1.0
192 174 1.0
89 166 1.0
142 61 1.0
233 193 1.0
235 71 1.0
178 240 1.0
214 148 1.0
21 170 1.0
236 177 1.0
175 180 1.0
58 49 1.0
11 170 1.0
92 126 1.0
76 133 1.0
233 49 1.0
117 232 1.0
61 102 1.0
74 33 1.0
239 143 1.0
88 178 1.0
251 127 1.0
187 254 1.0
232 106 1.0
209 231 1.0
149 61 1.0
241 202 1.0
212 133 1.0
242 11 1.0
229 135 1.0
207 38 1.0
15 232 1.0
82 26 1.0
98 63 1.0
152 138 1.0
51 166 1.0
116 227 1.0
109 79 1.0
245 43 1.0
174 169 1.0
91 231 1.0
143 230 1.0
247 90 1.0
118 231 1.0
193 50 1.0
239 223 1.0
249 87 1.0
57 97 1.0
6 1 1.0
211 225 1.0
249 2 1.0
29 48 1.0
90 253 1.0
13 179 1.0
251 112 1.0
50 238 1.0
154 112 1.0
253 38 1.0
105 216 1.0
184 216 1.0
188 51 1.0
114 54 1.0
254 204 1.0
240 169 1.0
172 117 1.0
254 212 1.0
191 145 1.0
231 29 1.0
220 57 1.0
