*Vertices 16
1 "V0"
2 "V13"
3 "V11"
4 "V15"
5 "V14"
6 "V10"
7 "V12"
8 "V7"
9 "V9"
10 "V5"
11 "V3"
12 "V1"
13 "V6"
14 "V8"
15 "V4"
16 "V2"
*Arcs
1 3 1.0
9 15 1.0
8 15 1.0
3 11 1.0
5 13 1.0
4 8 1.0
13 12 1.0
2 5 1.0
10 16 1.0
16 14 1.0
16 8 1.0
11 3 1.0
11 5 1.0
9 8 1.0
16 7 1.0
5 1 1.0
2 3 1.0
5 7 1.0
9 1 1.0
2 16 1.0
6 13 1.0
6 14 1.0
6 1 1.0
2 10 1.0
1 4 1.0
5 12 1.0
13 8 1.0
16 12 1.0
11 15 1.0
11 12 1.0
11 1 1.0
13 15 1.0
5 15 1.0
8 11 1.0
13 14 1.0
1 12 1.0
6 12 1.0
8 10 1.0
7 8 1.0
13 16 1.0
3 10 1.0
9 14 1.0
6 11 1.0
2 1 1.0
2 8 1.0
6 8 1.0
12 15 1.0
16 11 1.0
14 12 1.0
15 11 1.0
15 8 1.0
10 8 1.0
10 15 1.0
8 4 1.0
14 1 1.0
14 11 1.0
1 15 1.0
12 8 1.0
9 2 1.0
14 13 1.0
12 1 1.0
12 5 1.0
7 1 1.0
8 7 1.0
10 11 1.0
7 5 1.0
3 7 1.0
11 8 1.0
12 11 1.0
5 16 1.0
4 1 1.0
7 13 1.0
3 6 1.0
1 8 1.0
9 10 1.0
14 4 1.0
4 14 1.0
12 7 1.0
8 16 1.0
15 12 1.0
10 5 1.0
10 12 1.0
15 10 1.0
3 13 1.0
15 16 1.0
4 2 1.0
4 7 1.0
4 3 1.0
1 11 1.0
7 9 1.0
3 14 1.0
13 4 1.0
14 6 1.0
7 11 1.0
15 5 1.0
16 10 1.0
