*Vertices 128
1 "V0"
2 "V100"
3 "V11"
4 "V89"
5 "V15"
6 "V85"
7 "V119"
8 "V104"
9 "V45"
10 "V30"
11 "V34"
12 "V64"
13 "V123"
14 "V121"
15 "V125"
16 "V9"
17 "V68"
18 "V66"
19 "V70"
20 "V13"
21 "V17"
22 "V87"
23 "V28"
24 "V102"
25 "V117"
26 "V32"
27 "V106"
28 "V51"
29 "V49"
30 "V47"
31 "V53"
32 "V81"
33 "V83"
34 "V22"
35 "V26"
36 "V96"
37 "V37"
38 "V111"
39 "V126"
40 "V41"
41 "V115"
42 "V60"
43 "V58"
44 "V56"
45 "V62"
46 "V7"
47 "V5"
48 "V3"
49 "V1"
50 "V90"
51 "V92"
52 "V109"
53 "V98"
54 "V20"
55 "V24"
56 "V94"
57 "V113"
58 "V54"
59 "V43"
60 "V39"
61 "V73"
62 "V18"
63 "V77"
64 "V75"
65 "V79"
66 "V63"
67 "V122"
68 "V52"
69 "V48"
70 "V118"
71 "V107"
72 "V29"
73 "V103"
74 "V33"
75 "V27"
76 "V86"
77 "V84"
78 "V88"
79 "V82"
80 "V120"
81 "V50"
82 "V124"
83 "V31"
84 "V35"
85 "V105"
86 "V46"
87 "V14"
88 "V10"
89 "V16"
90 "V12"
91 "V101"
92 "V99"
93 "V65"
94 "V71"
95 "V67"
96 "V69"
97 "V59"
98 "V40"
99 "V44"
100 "V114"
101 "V55"
102 "V25"
103 "V19"
104 "V21"
105 "V110"
106 "V108"
107 "V23"
108 "V76"
109 "V74"
110 "V80"
111 "V78"
112 "V72"
113 "V61"
114 "V57"
115 "V127"
116 "V38"
117 "V116"
118 "V112"
119 "V42"
120 "V36"
121 "V95"
122 "V93"
123 "V97"
124 "V91"
125 "V8"
126 "V6"
127 "V4"
128 "V2"
*Arcs
36 37 1.0
1 122 1.0
104 51 1.0
95 5 1.0
100 1 1.0
4 5 1.0
116 46 1.0
6 34 1.0
88 99 1.0
44 41 1.0
11 96 1.0
73 20 1.0
75 80 1.0
109 18 1.0
14 84 1.0
13 117 1.0
9 83 1.0
89 47 1.0
51 47 1.0
66 48 1.0
105 127 1.0
17 91 1.0
11 127 1.0
32 52 1.0
68 63 1.0
20 12 1.0
115 118 1.0
47 83 1.0
19 69 1.0
92 79 1.0
107 128 1.0
40 62 1.0
24 9 1.0
117 122 1.0
97 81 1.0
78 121 1.0
90 95 1.0
10 99 1.0
85 7 1.0
30 15 1.0
69 60 1.0
13 64 1.0
49 4 1.0
63 121 1.0
103 54 1.0
56 96 1.0
118 127 1.0
32 118 1.0
18 20 1.0
101 21 1.0
35 96 1.0
91 75 1.0
37 91 1.0
33 19 1.0
125 32 1.0
7 122 1.0
99 41 1.0
50 21 1.0
35 33 1.0
112 19 1.0
41 46 1.0
74 88 1.0
106 32 1.0
42 60 1.0
65 26 1.0
5 49 1.0
113 2 1.0
123 48 1.0
47 1 1.0
34 59 1.0
39 1 1.0
127 90 1.0
81 38 1.0
3 42 1.0
76 34 1.0
41 72 1.0
60 31 1.0
17 49 1.0
56 48 1.0
1 63 1.0
67 42 1.0
64 35 1.0
8 51 1.0
23 113 1.0
114 40 1.0
60 101 1.0
61 23 1.0
12 1 1.0
21 113 1.0
122 124 1.0
86 2 1.0
62 21 1.0
31 116 1.0
126 37 1.0
79 115 1.0
84 10 1.0
38 29 1.0
20 87 1.0
4 30 1.0
42 77 1.0
27 4 1.0
68 44 1.0
83 48 1.0
55 5 1.0
2 104 1.0
94 63 1.0
25 116 1.0
71 58 1.0
119 81 1.0
95 127 1.0
76 103 1.0
57 22 1.0
116 106 1.0
77 23 1.0
16 13 1.0
111 37 1.0
82 32 1.0
128 16 1.0
29 116 1.0
121 83 1.0
54 49 1.0
124 127 1.0
9 61 1.0
80 97 1.0
80 64 1.0
45 116 1.0
89 49 1.0
24 19 1.0
83 49 1.0
44 124 1.0
61 127 1.0
75 113 1.0
107 126 1.0
88 81 1.0
53 124 1.0
117 125 1.0
98 2 1.0
96 2 1.0
92 84 1.0
11 112 1.0
93 19 1.0
52 51 1.0
115 114 1.0
28 37 1.0
110 10 1.0
47 127 1.0
30 64 1.0
13 79 1.0
56 35 1.0
72 74 1.0
49 43 1.0
108 82 1.0
43 87 1.0
85 111 1.0
99 33 1.0
22 35 1.0
90 125 1.0
91 124 1.0
102 65 1.0
112 127 1.0
46 47 1.0
58 16 1.0
107 121 1.0
118 101 1.0
120 76 1.0
33 128 1.0
62 45 1.0
93 20 1.0
111 32 1.0
15 57 1.0
48 7 1.0
65 1 1.0
26 91 1.0
71 75 1.0
114 12 1.0
113 7 1.0
87 122 1.0
50 99 1.0
59 116 1.0
70 49 1.0
118 47 1.0
73 6 1.0
120 83 1.0
88 20 1.0
114 102 1.0
6 1 1.0
60 123 1.0
124 113 1.0
100 3 1.0
17 84 1.0
36 20 1.0
104 83 1.0
81 69 1.0
128 35 1.0
68 83 1.0
126 86 1.0
32 16 1.0
55 51 1.0
92 17 1.0
5 77 1.0
25 107 1.0
8 37 1.0
19 64 1.0
20 54 1.0
78 65 1.0
40 65 1.0
109 69 1.0
23 3 1.0
86 26 1.0
15 83 1.0
14 79 1.0
66 11 1.0
51 78 1.0
21 54 1.0
84 80 1.0
19 35 1.0
105 26 1.0
37 45 1.0
57 118 1.0
77 86 1.0
125 51 1.0
101 127 1.0
24 34 1.0
23 35 1.0
35 7 1.0
25 58 1.0
61 90 1.0
99 88 1.0
7 23 1.0
97 8 1.0
29 30 1.0
27 128 1.0
10 91 1.0
63 99 1.0
128 7 1.0
82 97 1.0
69 64 1.0
121 1 1.0
103 3 1.0
18 77 1.0
33 51 1.0
76 113 1.0
98 5 1.0
41 48 1.0
36 16 1.0
96 120 1.0
34 64 1.0
64 124 1.0
72 4 1.0
8 15 1.0
40 57 1.0
43 128 1.0
3 117 1.0
106 56 1.0
74 49 1.0
45 60 1.0
45 13 1.0
5 48 1.0
124 64 1.0
123 2 1.0
46 80 1.0
28 72 1.0
127 59 1.0
39 20 1.0
110 87 1.0
94 48 1.0
70 37 1.0
52 11 1.0
54 73 1.0
31 1 1.0
102 78 1.0
2 83 1.0
42 88 1.0
71 51 1.0
58 115 1.0
119 114 1.0
87 62 1.0
4 16 1.0
122 5 1.0
62 86 1.0
12 97 1.0
1 128 1.0
67 3 1.0
30 19 1.0
79 17 1.0
46 10 1.0
38 91 1.0
64 24 1.0
120 47 1.0
80 115 1.0
9 119 1.0
109 21 1.0
67 77 1.0
89 87 1.0
51 37 1.0
44 99 1.0
6 45 1.0
16 5 1.0
75 127 1.0
74 34 1.0
73 65 1.0
95 112 1.0
54 21 1.0
116 88 1.0
100 106 1.0
78 85 1.0
48 74 1.0
111 104 1.0
83 90 1.0
36 21 1.0
29 60 1.0
15 22 1.0
85 31 1.0
10 128 1.0
108 58 1.0
13 3 1.0
49 33 1.0
69 51 1.0
117 69 1.0
40 86 1.0
22 48 1.0
90 123 1.0
97 3 1.0
86 33 1.0
68 43 1.0
53 3 1.0
90 37 1.0
107 127 1.0
91 106 1.0
19 121 1.0
66 104 1.0
52 32 1.0
95 64 1.0
11 22 1.0
115 46 1.0
47 49 1.0
32 51 1.0
65 64 1.0
26 112 1.0
106 37 1.0
97 58 1.0
113 125 1.0
50 120 1.0
5 20 1.0
59 85 1.0
100 105 1.0
7 19 1.0
112 109 1.0
35 47 1.0
91 37 1.0
102 113 1.0
58 69 1.0
125 86 1.0
33 5 1.0
37 46 1.0
118 121 1.0
110 35 1.0
93 12 1.0
103 43 1.0
56 16 1.0
12 78 1.0
112 92 1.0
105 108 1.0
86 54 1.0
122 112 1.0
21 125 1.0
64 61 1.0
14 12 1.0
115 59 1.0
116 75 1.0
8 120 1.0
23 87 1.0
88 12 1.0
76 88 1.0
114 51 1.0
41 59 1.0
122 111 1.0
60 84 1.0
104 29 1.0
123 51 1.0
17 45 1.0
39 115 1.0
127 51 1.0
127 13 1.0
81 35 1.0
16 51 1.0
77 10 1.0
57 111 1.0
116 37 1.0
18 54 1.0
6 39 1.0
80 28 1.0
7 46 1.0
61 3 1.0
24 32 1.0
10 107 1.0
75 65 1.0
101 33 1.0
12 34 1.0
45 87 1.0
89 16 1.0
124 76 1.0
99 115 1.0
16 7 1.0
28 34 1.0
115 44 1.0
47 22 1.0
110 18 1.0
74 22 1.0
52 19 1.0
31 63 1.0
21 69 1.0
92 118 1.0
84 23 1.0
79 26 1.0
126 50 1.0
25 118 1.0
119 59 1.0
78 16 1.0
55 103 1.0
94 31 1.0
27 121 1.0
27 19 1.0
28 119 1.0
83 128 1.0
20 7 1.0
42 64 1.0
121 111 1.0
54 63 1.0
128 65 1.0
63 35 1.0
29 48 1.0
82 49 1.0
2 118 1.0
34 18 1.0
58 75 1.0
112 41 1.0
102 51 1.0
59 48 1.0
70 127 1.0
38 57 1.0
113 49 1.0
4 125 1.0
87 24 1.0
26 21 1.0
71 21 1.0
44 117 1.0
81 60 1.0
15 109 1.0
48 63 1.0
111 59 1.0
104 125 1.0
36 95 1.0
49 68 1.0
60 83 1.0
100 121 1.0
50 111 1.0
95 37 1.0
53 54 1.0
34 80 1.0
96 1 1.0
53 22 1.0
117 37 1.0
98 128 1.0
22 104 1.0
3 124 1.0
43 63 1.0
59 64 1.0
85 13 1.0
72 47 1.0
108 106 1.0
67 84 1.0
1 30 1.0
30 80 1.0
62 128 1.0
56 47 1.0
93 128 1.0
38 60 1.0
63 54 1.0
120 121 1.0
46 31 1.0
33 84 1.0
13 75 1.0
49 51 1.0
63 68 1.0
10 104 1.0
27 95 1.0
69 35 1.0
97 116 1.0
90 61 1.0
78 98 1.0
40 127 1.0
25 90 1.0
73 108 1.0
19 32 1.0
101 120 1.0
75 61 1.0
125 6 1.0
77 20 1.0
37 75 1.0
118 113 1.0
79 50 1.0
18 35 1.0
121 21 1.0
103 7 1.0
69 62 1.0
9 23 1.0
14 24 1.0
51 17 1.0
23 124 1.0
82 83 1.0
109 16 1.0
44 54 1.0
73 49 1.0
84 82 1.0
6 77 1.0
88 47 1.0
92 59 1.0
87 53 1.0
107 83 1.0
126 65 1.0
68 47 1.0
105 94 1.0
11 10 1.0
32 83 1.0
21 63 1.0
66 47 1.0
96 4 1.0
122 12 1.0
86 19 1.0
67 36 1.0
12 19 1.0
62 51 1.0
8 98 1.0
98 72 1.0
114 93 1.0
1 60 1.0
64 118 1.0
72 64 1.0
55 1 1.0
103 78 1.0
2 107 1.0
70 118 1.0
119 53 1.0
94 60 1.0
106 69 1.0
84 48 1.0
38 2 1.0
109 15 1.0
31 107 1.0
79 97 1.0
46 124 1.0
5 64 1.0
50 58 1.0
45 68 1.0
106 64 1.0
113 124 1.0
74 54 1.0
35 3 1.0
91 6 1.0
61 97 1.0
7 4 1.0
117 123 1.0
99 118 1.0
17 44 1.0
121 64 1.0
41 108 1.0
98 16 1.0
76 51 1.0
3 87 1.0
65 10 1.0
39 65 1.0
127 49 1.0
28 62 1.0
123 89 1.0
126 13 1.0
34 21 1.0
96 127 1.0
117 49 1.0
2 63 1.0
3 99 1.0
68 80 1.0
107 49 1.0
53 128 1.0
43 69 1.0
85 72 1.0
9 5 1.0
40 49 1.0
90 59 1.0
22 76 1.0
124 92 1.0
89 65 1.0
66 30 1.0
14 112 1.0
80 5 1.0
9 4 1.0
110 96 1.0
47 51 1.0
115 22 1.0
52 76 1.0
18 94 1.0
11 72 1.0
6 127 1.0
116 55 1.0
57 63 1.0
22 50 1.0
95 75 1.0
54 19 1.0
109 66 1.0
75 117 1.0
24 6 1.0
26 54 1.0
44 47 1.0
16 115 1.0
71 3 1.0
83 20 1.0
42 40 1.0
31 12 1.0
20 3 1.0
4 95 1.0
36 114 1.0
29 76 1.0
82 78 1.0
128 121 1.0
111 92 1.0
60 35 1.0
100 2 1.0
76 23 1.0
88 63 1.0
114 37 1.0
73 96 1.0
37 81 1.0
23 51 1.0
14 51 1.0
39 50 1.0
64 119 1.0
86 43 1.0
113 127 1.0
43 45 1.0
106 28 1.0
26 60 1.0
65 75 1.0
48 54 1.0
15 47 1.0
81 18 1.0
48 119 1.0
123 3 1.0
104 21 1.0
17 59 1.0
51 90 1.0
58 34 1.0
125 49 1.0
33 34 1.0
102 104 1.0
91 66 1.0
55 62 1.0
59 37 1.0
7 62 1.0
57 43 1.0
112 51 1.0
87 10 1.0
50 13 1.0
108 49 1.0
10 111 1.0
30 61 1.0
13 119 1.0
49 104 1.0
93 16 1.0
56 113 1.0
103 64 1.0
120 104 1.0
65 49 1.0
118 86 1.0
45 124 1.0
66 35 1.0
52 103 1.0
99 106 1.0
124 16 1.0
5 93 1.0
61 13 1.0
70 115 1.0
80 47 1.0
24 74 1.0
72 65 1.0
35 49 1.0
16 34 1.0
77 128 1.0
101 119 1.0
57 121 1.0
77 93 1.0
37 74 1.0
54 83 1.0
121 51 1.0
18 87 1.0
82 65 1.0
128 61 1.0
69 45 1.0
63 5 1.0
27 49 1.0
83 2 1.0
97 37 1.0
81 97 1.0
20 128 1.0
78 30 1.0
119 107 1.0
25 94 1.0
85 118 1.0
19 24 1.0
55 13 1.0
92 51 1.0
89 54 1.0
31 121 1.0
126 119 1.0
32 87 1.0
84 87 1.0
105 4 1.0
94 26 1.0
12 5 1.0
21 3 1.0
51 50 1.0
71 85 1.0
26 42 1.0
111 23 1.0
48 118 1.0
15 65 1.0
29 19 1.0
70 125 1.0
59 31 1.0
4 117 1.0
87 75 1.0
42 84 1.0
101 110 1.0
58 21 1.0
2 90 1.0
104 1 1.0
102 127 1.0
105 122 1.0
94 96 1.0
108 71 1.0
93 7 1.0
120 91 1.0
38 124 1.0
79 5 1.0
46 43 1.0
67 63 1.0
30 37 1.0
108 12 1.0
1 43 1.0
62 103 1.0
122 59 1.0
43 54 1.0
22 79 1.0
3 77 1.0
72 75 1.0
119 127 1.0
8 119 1.0
96 83 1.0
34 127 1.0
98 51 1.0
41 8 1.0
123 16 1.0
127 121 1.0
110 54 1.0
74 87 1.0
53 39 1.0
125 14 1.0
28 80 1.0
39 92 1.0
