*Vertices 256
1 "V0"
2 "V174"
3 "V233"
4 "V89"
5 "V85"
6 "V119"
7 "V178"
8 "V30"
9 "V34"
10 "V64"
11 "V208"
12 "V123"
13 "V212"
14 "V9"
15 "V68"
16 "V153"
17 "V13"
18 "V17"
19 "V157"
20 "V246"
21 "V161"
22 "V102"
23 "V250"
24 "V106"
25 "V191"
26 "V51"
27 "V47"
28 "V195"
29 "V136"
30 "V225"
31 "V229"
32 "V140"
33 "V81"
34 "V22"
35 "V26"
36 "V255"
37 "V170"
38 "V111"
39 "V200"
40 "V115"
41 "V60"
42 "V56"
43 "V204"
44 "V145"
45 "V234"
46 "V5"
47 "V238"
48 "V1"
49 "V149"
50 "V90"
51 "V183"
52 "V242"
53 "V98"
54 "V94"
55 "V128"
56 "V187"
57 "V43"
58 "V39"
59 "V73"
60 "V217"
61 "V132"
62 "V221"
63 "V18"
64 "V77"
65 "V162"
66 "V166"
67 "V196"
68 "V137"
69 "V52"
70 "V48"
71 "V251"
72 "V192"
73 "V107"
74 "V103"
75 "V27"
76 "V86"
77 "V171"
78 "V175"
79 "V82"
80 "V141"
81 "V226"
82 "V230"
83 "V120"
84 "V209"
85 "V124"
86 "V31"
87 "V35"
88 "V179"
89 "V243"
90 "V14"
91 "V247"
92 "V10"
93 "V158"
94 "V99"
95 "V65"
96 "V213"
97 "V69"
98 "V154"
99 "V133"
100 "V218"
101 "V40"
102 "V44"
103 "V129"
104 "V188"
105 "V252"
106 "V19"
107 "V167"
108 "V23"
109 "V108"
110 "V74"
111 "V222"
112 "V78"
113 "V163"
114 "V205"
115 "V146"
116 "V61"
117 "V57"
118 "V201"
119 "V116"
120 "V112"
121 "V36"
122 "V95"
123 "V180"
124 "V184"
125 "V91"
126 "V150"
127 "V235"
128 "V6"
129 "V239"
130 "V2"
131 "V159"
132 "V100"
133 "V11"
134 "V248"
135 "V244"
136 "V15"
137 "V104"
138 "V45"
139 "V193"
140 "V189"
141 "V210"
142 "V121"
143 "V125"
144 "V155"
145 "V214"
146 "V66"
147 "V70"
148 "V87"
149 "V172"
150 "V231"
151 "V28"
152 "V32"
153 "V117"
154 "V176"
155 "V49"
156 "V53"
157 "V197"
158 "V138"
159 "V227"
160 "V142"
161 "V83"
162 "V96"
163 "V181"
164 "V240"
165 "V37"
166 "V41"
167 "V126"
168 "V185"
169 "V58"
170 "V62"
171 "V206"
172 "V147"
173 "V7"
174 "V3"
175 "V236"
176 "V151"
177 "V92"
178 "V168"
179 "V109"
180 "V20"
181 "V253"
182 "V24"
183 "V113"
184 "V54"
185 "V202"
186 "V198"
187 "V219"
188 "V130"
189 "V134"
190 "V164"
191 "V223"
192 "V75"
193 "V79"
194 "V63"
195 "V122"
196 "V211"
197 "V207"
198 "V118"
199 "V177"
200 "V29"
201 "V33"
202 "V173"
203 "V232"
204 "V84"
205 "V88"
206 "V228"
207 "V143"
208 "V139"
209 "V50"
210 "V135"
211 "V194"
212 "V190"
213 "V105"
214 "V46"
215 "V249"
216 "V16"
217 "V12"
218 "V245"
219 "V160"
220 "V101"
221 "V71"
222 "V67"
223 "V215"
224 "V156"
225 "V144"
226 "V59"
227 "V203"
228 "V199"
229 "V114"
230 "V55"
231 "V25"
232 "V21"
233 "V254"
234 "V169"
235 "V110"
236 "V76"
237 "V80"
238 "V224"
239 "V165"
240 "V72"
241 "V131"
242 "V220"
243 "V216"
244 "V127"
245 "V186"
246 "V38"
247 "V42"
248 "V182"
249 "V241"
250 "V93"
251 "V97"
252 "V237"
253 "V152"
254 "V8"
255 "V148"
256 "V4"
*Arcs
1 245 1.0
147 201 1.0
72 204 1.0
3 252 1.0
153 124 1.0
129 158 1.0
247 68 1.0
190 146 1.0
4 187 1.0
205 74 1.0
141 130 1.0
210 167 1.0
17 155 1.0
163 211 1.0
226 17 1.0
7 252 1.0
206 112 1.0
24 40 1.0
86 249 1.0
16 46 1.0
9 211 1.0
228 64 1.0
64 133 1.0
130 171 1.0
70 108 1.0
20 256 1.0
85 166 1.0
122 215 1.0
37 92 1.0
12 170 1.0
160 162 1.0
60 131 1.0
180 217 1.0
104 90 1.0
13 136 1.0
146 57 1.0
127 124 1.0
165 202 1.0
183 152 1.0
204 180 1.0
131 35 1.0
15 140 1.0
241 3 1.0
171 110 1.0
14 228 1.0
199 21 1.0
181 200 1.0
230 98 1.0
255 109 1.0
35 225 1.0
17 112 1.0
19 171 1.0
22 53 1.0
238 208 1.0
52 144 1.0
66 77 1.0
102 22 1.0
28 14 1.0
59 150 1.0
83 119 1.0
20 37 1.0
136 13 1.0
68 5 1.0
22 74 1.0
96 42 1.0
125 152 1.0
179 45 1.0
150 165 1.0
201 234 1.0
170 252 1.0
124 37 1.0
25 106 1.0
167 11 1.0
185 119 1.0
256 210 1.0
237 133 1.0
144 188 1.0
27 102 1.0
242 57 1.0
34 59 1.0
53 124 1.0
202 40 1.0
29 46 1.0
134 112 1.0
26 105 1.0
40 61 1.0
30 10 1.0
25 217 1.0
97 105 1.0
225 142 1.0
84 77 1.0
33 128 1.0
148 254 1.0
65 35 1.0
252 62 1.0
101 108 1.0
81 140 1.0
137 173 1.0
200 254 1.0
176 132 1.0
35 249 1.0
236 62 1.0
99 95 1.0
133 232 1.0
36 24 1.0
123 108 1.0
169 246 1.0
37 166 1.0
250 105 1.0
223 157 1.0
63 237 1.0
32 42 1.0
95 105 1.0
186 218 1.0
1 70 1.0
195 121 1.0
135 101 1.0
27 147 1.0
234 53 1.0
40 216 1.0
43 129 1.0
173 256 1.0
41 173 1.0
79 104 1.0
71 134 1.0
184 108 1.0
103 170 1.0
38 27 1.0
56 22 1.0
43 248 1.0
93 251 1.0
3 203 1.0
121 85 1.0
139 250 1.0
221 181 1.0
46 180 1.0
164 4 1.0
198 105 1.0
47 80 1.0
49 105 1.0
132 232 1.0
154 145 1.0
172 131 1.0
231 34 1.0
111 219 1.0
248 92 1.0
51 59 1.0
73 165 1.0
29 74 1.0
41 240 1.0
196 81 1.0
4 147 1.0
90 89 1.0
57 102 1.0
239 46 1.0
54 132 1.0
77 138 1.0
55 242 1.0
162 140 1.0
143 25 1.0
91 182 1.0
155 50 1.0
112 121 1.0
39 56 1.0
174 72 1.0
31 30 1.0
152 73 1.0
98 191 1.0
58 61 1.0
59 28 1.0
219 254 1.0
246 152 1.0
175 138 1.0
229 76 1.0
60 43 1.0
140 1 1.0
222 170 1.0
207 215 1.0
100 248 1.0
232 45 1.0
49 251 1.0
63 105 1.0
75 182 1.0
30 204 1.0
74 48 1.0
65 138 1.0
7 213 1.0
42 18 1.0
233 40 1.0
61 18 1.0
92 77 1.0
197 147 1.0
5 62 1.0
168 28 1.0
67 93 1.0
194 131 1.0
203 57 1.0
9 180 1.0
235 237 1.0
69 233 1.0
33 60 1.0
224 142 1.0
244 60 1.0
46 175 1.0
227 41 1.0
67 32 1.0
71 129 1.0
110 63 1.0
89 180 1.0
138 202 1.0
142 237 1.0
177 56 1.0
107 32 1.0
73 75 1.0
158 104 1.0
145 33 1.0
216 76 1.0
47 170 1.0
119 193 1.0
166 87 1.0
113 160 1.0
76 73 1.0
205 217 1.0
141 60 1.0
217 204 1.0
189 156 1.0
226 183 1.0
163 204 1.0
78 196 1.0
215 222 1.0
2 179 1.0
69 157 1.0
80 237 1.0
94 2 1.0
62 102 1.0
44 165 1.0
108 12 1.0
72 230 1.0
147 5 1.0
82 77 1.0
146 126 1.0
80 166 1.0
243 12 1.0
106 158 1.0
83 35 1.0
54 182 1.0
131 220 1.0
165 142 1.0
45 40 1.0
120 50 1.0
84 72 1.0
104 101 1.0
64 106 1.0
253 120 1.0
86 56 1.0
159 21 1.0
8 3 1.0
213 200 1.0
37 116 1.0
218 106 1.0
70 28 1.0
12 35 1.0
228 144 1.0
48 256 1.0
211 133 1.0
89 141 1.0
6 105 1.0
255 240 1.0
92 62 1.0
240 133 1.0
50 204 1.0
13 127 1.0
136 133 1.0
249 148 1.0
102 254 1.0
66 219 1.0
94 248 1.0
254 60 1.0
105 104 1.0
188 53 1.0
95 88 1.0
114 218 1.0
161 47 1.0
191 248 1.0
220 143 1.0
35 81 1.0
230 130 1.0
199 170 1.0
98 17 1.0
34 105 1.0
187 256 1.0
251 87 1.0
212 130 1.0
15 94 1.0
225 228 1.0
134 228 1.0
167 109 1.0
256 72 1.0
99 59 1.0
149 175 1.0
209 161 1.0
144 104 1.0
82 93 1.0
201 171 1.0
118 37 1.0
102 108 1.0
193 121 1.0
116 87 1.0
68 140 1.0
109 90 1.0
51 192 1.0
104 2 1.0
192 106 1.0
157 175 1.0
1 223 1.0
195 46 1.0
135 237 1.0
214 152 1.0
88 77 1.0
107 153 1.0
137 201 1.0
81 94 1.0
151 75 1.0
126 166 1.0
108 1 1.0
76 193 1.0
11 88 1.0
133 74 1.0
99 222 1.0
36 11 1.0
117 110 1.0
111 123 1.0
252 41 1.0
40 81 1.0
58 75 1.0
21 61 1.0
112 35 1.0
132 166 1.0
78 73 1.0
115 76 1.0
156 152 1.0
23 27 1.0
55 180 1.0
128 61 1.0
43 62 1.0
79 101 1.0
117 150 1.0
19 200 1.0
87 90 1.0
3 180 1.0
38 181 1.0
118 49 1.0
245 178 1.0
10 14 1.0
208 173 1.0
18 105 1.0
223 191 1.0
120 4 1.0
250 18 1.0
178 136 1.0
16 6 1.0
121 114 1.0
112 132 1.0
24 147 1.0
123 256 1.0
206 159 1.0
86 232 1.0
41 13 1.0
248 228 1.0
196 172 1.0
17 182 1.0
210 222 1.0
190 59 1.0
125 221 1.0
4 218 1.0
153 254 1.0
129 28 1.0
247 62 1.0
221 81 1.0
139 123 1.0
127 110 1.0
111 254 1.0
182 174 1.0
115 108 1.0
130 17 1.0
238 76 1.0
75 168 1.0
22 254 1.0
7 133 1.0
131 232 1.0
181 174 1.0
42 140 1.0
83 237 1.0
28 59 1.0
134 59 1.0
136 183 1.0
59 173 1.0
49 164 1.0
96 236 1.0
137 153 1.0
125 72 1.0
107 181 1.0
52 104 1.0
138 180 1.0
139 29 1.0
124 180 1.0
170 59 1.0
158 92 1.0
216 88 1.0
20 129 1.0
77 50 1.0
155 130 1.0
39 6 1.0
85 51 1.0
130 56 1.0
180 155 1.0
160 102 1.0
143 193 1.0
60 46 1.0
122 46 1.0
127 4 1.0
183 33 1.0
246 171 1.0
222 26 1.0
140 48 1.0
145 32 1.0
171 234 1.0
14 256 1.0
241 63 1.0
219 42 1.0
147 60 1.0
204 95 1.0
84 132 1.0
217 46 1.0
148 232 1.0
169 70 1.0
189 56 1.0
213 62 1.0
149 13 1.0
123 195 1.0
176 156 1.0
200 232 1.0
159 216 1.0
186 46 1.0
236 35 1.0
151 31 1.0
218 57 1.0
12 202 1.0
48 50 1.0
153 3 1.0
234 69 1.0
27 34 1.0
63 48 1.0
243 79 1.0
54 96 1.0
150 253 1.0
179 148 1.0
9 140 1.0
224 93 1.0
155 9 1.0
185 123 1.0
237 146 1.0
46 232 1.0
215 140 1.0
244 100 1.0
26 84 1.0
202 14 1.0
158 212 1.0
53 13 1.0
242 51 1.0
108 47 1.0
44 73 1.0
97 100 1.0
25 189 1.0
159 163 1.0
119 73 1.0
47 237 1.0
101 9 1.0
65 122 1.0
161 79 1.0
51 75 1.0
116 209 1.0
29 94 1.0
90 4 1.0
13 245 1.0
162 98 1.0
50 221 1.0
239 5 1.0
164 13 1.0
57 34 1.0
198 74 1.0
164 128 1.0
91 61 1.0
209 232 1.0
143 18 1.0
118 6 1.0
174 81 1.0
193 151 1.0
98 201 1.0
166 190 1.0
152 108 1.0
31 77 1.0
73 180 1.0
168 255 1.0
161 27 1.0
114 174 1.0
173 128 1.0
45 100 1.0
121 239 1.0
93 232 1.0
170 209 1.0
56 205 1.0
171 223 1.0
120 158 1.0
32 181 1.0
95 205 1.0
173 22 1.0
240 204 1.0
211 225 1.0
191 31 1.0
231 182 1.0
172 221 1.0
154 193 1.0
176 92 1.0
220 56 1.0
103 28 1.0
71 250 1.0
184 121 1.0
214 129 1.0
89 183 1.0
142 123 1.0
145 144 1.0
177 37 1.0
178 239 1.0
179 96 1.0
180 165 1.0
126 177 1.0
151 108 1.0
181 55 1.0
67 106 1.0
110 97 1.0
203 1 1.0
87 254 1.0
235 240 1.0
33 201 1.0
19 208 1.0
184 141 1.0
208 240 1.0
18 60 1.0
168 216 1.0
186 181 1.0
194 244 1.0
15 232 1.0
212 90 1.0
187 163 1.0
229 105 1.0
175 177 1.0
58 209 1.0
149 243 1.0
188 204 1.0
162 130 1.0
100 204 1.0
232 108 1.0
207 33 1.0
233 33 1.0
117 86 1.0
88 121 1.0
74 131 1.0
190 111 1.0
30 50 1.0
21 101 1.0
192 200 1.0
5 28 1.0
197 128 1.0
92 166 1.0
61 13 1.0
122 33 1.0
60 78 1.0
106 189 1.0
20 228 1.0
70 133 1.0
37 129 1.0
195 234 1.0
104 195 1.0
196 205 1.0
183 171 1.0
80 102 1.0
146 200 1.0
206 107 1.0
24 61 1.0
8 133 1.0
163 246 1.0
226 35 1.0
199 97 1.0
228 189 1.0
130 88 1.0
85 54 1.0
253 134 1.0
201 122 1.0
64 61 1.0
113 210 1.0
166 101 1.0
129 104 1.0
153 125 1.0
203 30 1.0
72 1 1.0
210 138 1.0
17 14 1.0
141 134 1.0
205 127 1.0
205 236 1.0
2 180 1.0
207 18 1.0
23 101 1.0
69 49 1.0
55 28 1.0
227 152 1.0
128 215 1.0
147 86 1.0
115 14 1.0
62 114 1.0
182 180 1.0
94 180 1.0
237 77 1.0
185 204 1.0
256 130 1.0
167 163 1.0
134 48 1.0
26 200 1.0
202 76 1.0
210 128 1.0
251 55 1.0
187 191 1.0
34 150 1.0
225 254 1.0
125 133 1.0
96 93 1.0
136 104 1.0
68 117 1.0
170 88 1.0
124 254 1.0
212 131 1.0
109 134 1.0
82 180 1.0
201 42 1.0
144 4 1.0
214 183 1.0
255 2 1.0
35 187 1.0
238 180 1.0
28 18 1.0
59 1 1.0
217 216 1.0
249 33 1.0
6 156 1.0
218 160 1.0
66 88 1.0
220 203 1.0
102 182 1.0
131 201 1.0
127 108 1.0
165 92 1.0
171 153 1.0
222 209 1.0
204 60 1.0
105 56 1.0
188 216 1.0
254 55 1.0
224 242 1.0
22 34 1.0
199 208 1.0
230 11 1.0
71 53 1.0
78 123 1.0
156 75 1.0
43 232 1.0
103 177 1.0
173 85 1.0
93 78 1.0
226 205 1.0
79 254 1.0
38 52 1.0
3 76 1.0
121 216 1.0
10 239 1.0
245 88 1.0
227 18 1.0
223 255 1.0
63 182 1.0
32 129 1.0
234 111 1.0
229 251 1.0
250 86 1.0
195 18 1.0
135 62 1.0
27 119 1.0
157 90 1.0
1 3 1.0
192 256 1.0
176 216 1.0
231 228 1.0
200 76 1.0
81 96 1.0
137 204 1.0
123 93 1.0
234 227 1.0
169 174 1.0
36 59 1.0
99 97 1.0
133 59 1.0
11 91 1.0
76 181 1.0
237 74 1.0
65 60 1.0
101 3 1.0
252 216 1.0
40 177 1.0
238 49 1.0
25 2 1.0
97 147 1.0
175 186 1.0
219 221 1.0
246 180 1.0
240 119 1.0
197 107 1.0
5 179 1.0
160 180 1.0
180 107 1.0
140 49 1.0
222 142 1.0
229 58 1.0
243 189 1.0
91 251 1.0
155 205 1.0
77 171 1.0
244 62 1.0
162 175 1.0
100 255 1.0
16 183 1.0
246 216 1.0
112 216 1.0
39 90 1.0
174 144 1.0
143 237 1.0
248 37 1.0
248 54 1.0
41 158 1.0
31 132 1.0
86 6 1.0
73 175 1.0
4 200 1.0
190 117 1.0
250 52 1.0
29 132 1.0
196 104 1.0
90 237 1.0
252 13 1.0
139 141 1.0
221 57 1.0
247 160 1.0
164 30 1.0
198 177 1.0
111 50 1.0
132 146 1.0
255 37 1.0
172 228 1.0
256 213 1.0
231 90 1.0
163 38 1.0
2 55 1.0
213 209 1.0
189 184 1.0
226 180 1.0
148 81 1.0
84 183 1.0
217 157 1.0
166 256 1.0
113 102 1.0
5 177 1.0
37 63 1.0
6 244 1.0
54 28 1.0
12 18 1.0
218 14 1.0
70 56 1.0
8 177 1.0
236 77 1.0
186 209 1.0
48 59 1.0
159 204 1.0
8 248 1.0
253 18 1.0
131 90 1.0
10 179 1.0
165 166 1.0
45 27 1.0
120 247 1.0
11 112 1.0
56 224 1.0
95 249 1.0
80 119 1.0
106 17 1.0
243 55 1.0
255 244 1.0
14 159 1.0
191 1 1.0
35 63 1.0
220 105 1.0
154 195 1.0
16 13 1.0
184 201 1.0
105 108 1.0
188 106 1.0
254 123 1.0
114 1 1.0
161 87 1.0
74 1 1.0
30 202 1.0
75 17 1.0
49 175 1.0
18 68 1.0
110 180 1.0
14 237 1.0
181 106 1.0
241 107 1.0
42 16 1.0
7 106 1.0
21 152 1.0
177 150 1.0
145 173 1.0
216 210 1.0
158 165 1.0
194 127 1.0
67 72 1.0
23 60 1.0
83 132 1.0
52 116 1.0
138 217 1.0
107 229 1.0
24 100 1.0
227 237 1.0
26 219 1.0
33 156 1.0
215 195 1.0
244 121 1.0
46 52 1.0
179 14 1.0
28 197 1.0
168 93 1.0
224 18 1.0
150 158 1.0
9 170 1.0
147 13 1.0
44 90 1.0
47 255 1.0
119 131 1.0
72 174 1.0
31 56 1.0
32 205 1.0
2 26 1.0
69 180 1.0
108 76 1.0
242 185 1.0
53 171 1.0
126 111 1.0
34 151 1.0
192 89 1.0
137 35 1.0
81 180 1.0
151 171 1.0
89 245 1.0
178 180 1.0
214 86 1.0
157 79 1.0
142 161 1.0
36 127 1.0
208 243 1.0
18 48 1.0
38 61 1.0
250 140 1.0
223 108 1.0
203 116 1.0
235 108 1.0
87 256 1.0
245 127 1.0
10 240 1.0
39 203 1.0
55 38 1.0
43 230 1.0
128 210 1.0
79 182 1.0
19 132 1.0
42 28 1.0
62 124 1.0
182 251 1.0
94 158 1.0
78 102 1.0
44 235 1.0
23 160 1.0
156 70 1.0
153 130 1.0
139 178 1.0
45 55 1.0
221 237 1.0
115 217 1.0
48 183 1.0
141 39 1.0
17 168 1.0
50 78 1.0
205 140 1.0
190 252 1.0
129 60 1.0
247 19 1.0
240 92 1.0
211 222 1.0
52 42 1.0
6 239 1.0
249 162 1.0
57 166 1.0
239 249 1.0
53 111 1.0
50 226 1.0
13 171 1.0
136 232 1.0
68 133 1.0
116 187 1.0
51 172 1.0
109 226 1.0
56 29 1.0
82 86 1.0
98 136 1.0
152 222 1.0
57 4 1.0
118 17 1.0
193 157 1.0
167 141 1.0
256 120 1.0
149 126 1.0
209 13 1.0
134 164 1.0
187 153 1.0
251 202 1.0
61 109 1.0
207 161 1.0
232 128 1.0
212 221 1.0
62 201 1.0
15 73 1.0
252 46 1.0
58 163 1.0
40 121 1.0
76 97 1.0
21 138 1.0
64 234 1.0
61 75 1.0
11 204 1.0
92 191 1.0
88 232 1.0
66 176 1.0
233 32 1.0
117 85 1.0
53 100 1.0
202 101 1.0
68 33 1.0
215 50 1.0
26 165 1.0
244 171 1.0
185 49 1.0
46 202 1.0
237 90 1.0
144 121 1.0
70 158 1.0
201 8 1.0
150 235 1.0
179 232 1.0
72 89 1.0
124 204 1.0
170 123 1.0
158 166 1.0
216 46 1.0
96 60 1.0
125 175 1.0
74 102 1.0
66 254 1.0
102 200 1.0
176 47 1.0
200 42 1.0
75 59 1.0
213 208 1.0
77 55 1.0
159 230 1.0
36 100 1.0
123 61 1.0
169 200 1.0
84 239 1.0
99 79 1.0
133 62 1.0
65 8 1.0
79 180 1.0
148 61 1.0
119 46 1.0
47 160 1.0
101 121 1.0
97 252 1.0
25 15 1.0
81 252 1.0
242 180 1.0
34 28 1.0
225 182 1.0
180 6 1.0
60 13 1.0
122 52 1.0
146 72 1.0
160 61 1.0
20 166 1.0
85 168 1.0
130 222 1.0
77 74 1.0
85 242 1.0
155 126 1.0
16 177 1.0
86 133 1.0
206 59 1.0
228 152 1.0
64 28 1.0
87 134 1.0
41 60 1.0
210 60 1.0
24 62 1.0
88 107 1.0
248 83 1.0
90 52 1.0
59 80 1.0
28 183 1.0
83 175 1.0
91 243 1.0
52 158 1.0
199 189 1.0
93 13 1.0
22 200 1.0
238 224 1.0
75 72 1.0
49 171 1.0
204 110 1.0
171 175 1.0
14 232 1.0
241 237 1.0
181 180 1.0
230 138 1.0
104 147 1.0
96 100 1.0
183 180 1.0
127 62 1.0
246 62 1.0
219 8 1.0
97 219 1.0
222 239 1.0
207 83 1.0
100 202 1.0
232 124 1.0
162 64 1.0
21 55 1.0
175 120 1.0
58 108 1.0
229 235 1.0
140 182 1.0
100 78 1.0
112 183 1.0
98 156 1.0
101 218 1.0
152 123 1.0
31 118 1.0
73 184 1.0
149 106 1.0
103 86 1.0
91 9 1.0
209 191 1.0
143 108 1.0
39 64 1.0
174 102 1.0
105 32 1.0
89 153 1.0
142 166 1.0
126 74 1.0
106 55 1.0
67 64 1.0
110 175 1.0
177 212 1.0
145 29 1.0
18 252 1.0
138 57 1.0
107 156 1.0
109 100 1.0
61 130 1.0
92 87 1.0
233 195 1.0
110 86 1.0
5 34 1.0
197 40 1.0
30 59 1.0
74 123 1.0
151 127 1.0
7 99 1.0
42 173 1.0
113 110 1.0
56 134 1.0
114 68 1.0
95 100 1.0
3 165 1.0
121 256 1.0
38 146 1.0
161 201 1.0
93 53 1.0
116 237 1.0
103 151 1.0
114 129 1.0
173 150 1.0
1 107 1.0
186 45 1.0
236 192 1.0
27 106 1.0
135 223 1.0
195 210 1.0
54 46 1.0
234 160 1.0
119 142 1.0
32 117 1.0
243 111 1.0
63 108 1.0
164 76 1.0
239 248 1.0
57 106 1.0
122 143 1.0
196 25 1.0
4 5 1.0
90 128 1.0
29 145 1.0
116 255 1.0
51 182 1.0
124 123 1.0
71 156 1.0
184 231 1.0
154 98 1.0
126 171 1.0
132 105 1.0
111 169 1.0
231 61 1.0
172 216 1.0
128 150 1.0
240 128 1.0
211 59 1.0
198 240 1.0
129 67 1.0
249 170 1.0
102 14 1.0
6 131 1.0
50 198 1.0
66 80 1.0
132 183 1.0
255 175 1.0
133 134 1.0
35 46 1.0
28 94 1.0
135 248 1.0
59 105 1.0
82 128 1.0
201 74 1.0
109 237 1.0
138 222 1.0
193 2 1.0
144 99 1.0
68 112 1.0
13 18 1.0
136 18 1.0
124 256 1.0
140 181 1.0
170 107 1.0
146 234 1.0
104 62 1.0
120 76 1.0
141 85 1.0
45 130 1.0
165 52 1.0
37 23 1.0
142 63 1.0
122 105 1.0
60 126 1.0
106 130 1.0
80 242 1.0
105 145 1.0
199 158 1.0
230 42 1.0
144 1 1.0
191 107 1.0
220 237 1.0
131 119 1.0
146 150 1.0
204 45 1.0
171 183 1.0
188 161 1.0
254 106 1.0
226 162 1.0
189 116 1.0
217 54 1.0
141 157 1.0
205 254 1.0
148 118 1.0
113 54 1.0
166 254 1.0
129 88 1.0
153 157 1.0
150 64 1.0
218 60 1.0
70 219 1.0
12 124 1.0
228 93 1.0
48 124 1.0
64 173 1.0
253 99 1.0
152 160 1.0
206 216 1.0
8 172 1.0
24 9 1.0
163 17 1.0
154 175 1.0
33 163 1.0
227 64 1.0
128 105 1.0
203 200 1.0
9 2 1.0
224 46 1.0
156 176 1.0
168 107 1.0
157 10 1.0
235 197 1.0
208 70 1.0
194 166 1.0
72 256 1.0
147 117 1.0
62 92 1.0
44 84 1.0
108 222 1.0
2 194 1.0
160 117 1.0
94 108 1.0
55 49 1.0
23 7 1.0
69 174 1.0
196 207 1.0
17 232 1.0
4 248 1.0
41 142 1.0
210 74 1.0
73 221 1.0
248 122 1.0
163 23 1.0
16 206 1.0
31 160 1.0
86 154 1.0
39 244 1.0
165 130 1.0
112 170 1.0
20 87 1.0
85 102 1.0
130 248 1.0
167 189 1.0
162 204 1.0
77 207 1.0
155 56 1.0
160 97 1.0
180 117 1.0
100 42 1.0
3 248 1.0
19 62 1.0
87 13 1.0
169 1 1.0
43 46 1.0
79 97 1.0
103 214 1.0
173 68 1.0
71 16 1.0
78 222 1.0
156 108 1.0
172 203 1.0
111 150 1.0
132 1 1.0
182 128 1.0
115 105 1.0
174 124 1.0
221 12 1.0
139 58 1.0
175 16 1.0
198 112 1.0
164 60 1.0
247 100 1.0
190 79 1.0
177 210 1.0
81 222 1.0
200 63 1.0
137 5 1.0
88 16 1.0
178 132 1.0
117 133 1.0
195 122 1.0
157 61 1.0
1 106 1.0
192 235 1.0
176 108 1.0
182 62 1.0
223 183 1.0
63 254 1.0
250 161 1.0
178 204 1.0
183 100 1.0
135 55 1.0
214 241 1.0
38 42 1.0
185 121 1.0
245 76 1.0
10 203 1.0
32 210 1.0
134 158 1.0
26 121 1.0
202 90 1.0
118 239 1.0
256 245 1.0
167 248 1.0
225 222 1.0
34 184 1.0
189 46 1.0
251 128 1.0
187 223 1.0
252 18 1.0
40 157 1.0
101 73 1.0
212 1 1.0
15 56 1.0
191 66 1.0
133 175 1.0
36 164 1.0
99 237 1.0
65 151 1.0
193 42 1.0
11 173 1.0
76 154 1.0
45 166 1.0
120 180 1.0
121 217 1.0
93 31 1.0
194 187 1.0
161 140 1.0
80 61 1.0
106 174 1.0
56 17 1.0
95 201 1.0
197 168 1.0
218 28 1.0
234 35 1.0
27 254 1.0
198 199 1.0
243 140 1.0
54 147 1.0
253 74 1.0
200 37 1.0
236 128 1.0
186 202 1.0
12 106 1.0
48 160 1.0
123 192 1.0
202 130 1.0
169 17 1.0
159 148 1.0
8 170 1.0
213 122 1.0
148 101 1.0
113 31 1.0
204 52 1.0
189 165 1.0
84 40 1.0
217 108 1.0
25 234 1.0
206 29 1.0
97 110 1.0
47 122 1.0
166 47 1.0
119 184 1.0
242 186 1.0
53 52 1.0
2 251 1.0
208 6 1.0
44 51 1.0
108 144 1.0
215 45 1.0
244 150 1.0
69 202 1.0
185 176 1.0
237 108 1.0
46 159 1.0
224 78 1.0
9 210 1.0
209 5 1.0
179 206 1.0
211 206 1.0
150 189 1.0
194 130 1.0
168 192 1.0
96 83 1.0
216 136 1.0
158 254 1.0
107 7 1.0
213 54 1.0
125 88 1.0
83 148 1.0
52 166 1.0
138 131 1.0
67 46 1.0
215 42 1.0
110 231 1.0
49 67 1.0
216 161 1.0
238 150 1.0
75 163 1.0
22 175 1.0
7 228 1.0
219 91 1.0
181 1 1.0
42 205 1.0
241 229 1.0
197 89 1.0
14 5 1.0
5 234 1.0
219 198 1.0
221 108 1.0
246 35 1.0
127 57 1.0
183 1 1.0
223 188 1.0
140 31 1.0
222 35 1.0
33 237 1.0
227 177 1.0
128 56 1.0
55 53 1.0
23 54 1.0
156 141 1.0
78 113 1.0
225 242 1.0
94 110 1.0
62 108 1.0
182 52 1.0
115 171 1.0
145 54 1.0
177 1 1.0
18 6 1.0
208 216 1.0
10 249 1.0
245 24 1.0
228 27 1.0
203 142 1.0
235 254 1.0
87 177 1.0
19 126 1.0
230 140 1.0
126 152 1.0
30 225 1.0
151 106 1.0
157 63 1.0
232 131 1.0
192 237 1.0
89 160 1.0
142 108 1.0
233 116 1.0
235 52 1.0
178 153 1.0
214 138 1.0
21 140 1.0
236 172 1.0
175 50 1.0
58 251 1.0
11 240 1.0
92 51 1.0
76 217 1.0
233 169 1.0
117 60 1.0
61 121 1.0
74 184 1.0
239 171 1.0
88 115 1.0
251 59 1.0
187 143 1.0
232 1 1.0
209 50 1.0
149 137 1.0
241 59 1.0
212 140 1.0
242 95 1.0
229 35 1.0
207 75 1.0
15 151 1.0
82 200 1.0
98 194 1.0
152 180 1.0
51 221 1.0
116 121 1.0
109 242 1.0
245 25 1.0
174 179 1.0
91 121 1.0
143 183 1.0
247 230 1.0
118 209 1.0
193 72 1.0
239 45 1.0
249 40 1.0
57 247 1.0
6 166 1.0
211 107 1.0
249 156 1.0
29 201 1.0
90 248 1.0
13 90 1.0
251 245 1.0
50 209 1.0
154 182 1.0
253 124 1.0
105 179 1.0
184 63 1.0
188 165 1.0
114 106 1.0
254 46 1.0
240 87 1.0
172 170 1.0
254 28 1.0
191 96 1.0
231 55 1.0
220 69 1.0
