*Vertices 64
1 "V0"
2 "V63"
3 "V52"
4 "V11"
5 "V15"
6 "V48"
7 "V45"
8 "V30"
9 "V29"
10 "V34"
11 "V33"
12 "V27"
13 "V9"
14 "V13"
15 "V17"
16 "V50"
17 "V28"
18 "V31"
19 "V35"
20 "V32"
21 "V46"
22 "V14"
23 "V51"
24 "V49"
25 "V16"
26 "V10"
27 "V53"
28 "V12"
29 "V47"
30 "V22"
31 "V26"
32 "V59"
33 "V37"
34 "V40"
35 "V44"
36 "V41"
37 "V55"
38 "V60"
39 "V58"
40 "V19"
41 "V25"
42 "V62"
43 "V56"
44 "V21"
45 "V23"
46 "V7"
47 "V5"
48 "V3"
49 "V1"
50 "V20"
51 "V61"
52 "V57"
53 "V24"
54 "V54"
55 "V38"
56 "V43"
57 "V42"
58 "V39"
59 "V36"
60 "V18"
61 "V6"
62 "V8"
63 "V4"
64 "V2"
*Arcs
1 21 1.0
30 5 1.0
11 53 1.0
16 56 1.0
47 64 1.0
23 9 1.0
63 9 1.0
4 12 1.0
30 62 1.0
8 35 1.0
58 63 1.0
10 64 1.0
34 50 1.0
1 52 1.0
17 4 1.0
4 13 1.0
39 58 1.0
52 8 1.0
9 48 1.0
13 38 1.0
1 23 1.0
15 12 1.0
29 12 1.0
21 1 1.0
14 48 1.0
15 19 1.0
60 48 1.0
6 34 1.0
59 17 1.0
40 59 1.0
54 27 1.0
37 11 1.0
46 13 1.0
33 54 1.0
62 2 1.0
41 2 1.0
56 18 1.0
23 12 1.0
35 14 1.0
29 24 1.0
51 55 1.0
31 25 1.0
22 4 1.0
20 61 1.0
11 47 1.0
5 25 1.0
48 26 1.0
51 54 1.0
30 22 1.0
31 58 1.0
16 7 1.0
55 30 1.0
44 4 1.0
43 18 1.0
43 25 1.0
13 2 1.0
58 31 1.0
12 64 1.0
26 41 1.0
7 53 1.0
7 48 1.0
38 49 1.0
43 61 1.0
42 57 1.0
17 16 1.0
25 28 1.0
10 47 1.0
47 2 1.0
10 44 1.0
49 52 1.0
23 48 1.0
15 48 1.0
47 20 1.0
2 11 1.0
45 40 1.0
19 53 1.0
61 56 1.0
3 59 1.0
27 24 1.0
61 43 1.0
28 63 1.0
53 22 1.0
36 56 1.0
56 9 1.0
57 2 1.0
58 13 1.0
49 18 1.0
8 2 1.0
14 1 1.0
38 31 1.0
18 48 1.0
32 4 1.0
60 8 1.0
64 55 1.0
40 43 1.0
24 4 1.0
6 46 1.0
50 63 1.0
31 61 1.0
22 61 1.0
56 26 1.0
3 26 1.0
35 46 1.0
6 30 1.0
33 48 1.0
41 63 1.0
54 28 1.0
62 38 1.0
46 59 1.0
37 47 1.0
12 55 1.0
63 1 1.0
44 13 1.0
23 55 1.0
16 18 1.0
30 49 1.0
48 35 1.0
5 1 1.0
42 8 1.0
20 64 1.0
51 39 1.0
11 25 1.0
39 48 1.0
52 51 1.0
4 26 1.0
34 35 1.0
9 33 1.0
28 11 1.0
18 23 1.0
19 32 1.0
45 2 1.0
34 26 1.0
19 49 1.0
22 31 1.0
59 55 1.0
26 49 1.0
60 5 1.0
27 35 1.0
46 54 1.0
21 35 1.0
29 58 1.0
1 64 1.0
9 60 1.0
49 25 1.0
60 26 1.0
38 48 1.0
32 28 1.0
57 3 1.0
14 59 1.0
8 13 1.0
34 48 1.0
35 9 1.0
14 2 1.0
36 9 1.0
53 9 1.0
33 31 1.0
55 64 1.0
40 48 1.0
50 5 1.0
37 10 1.0
45 13 1.0
62 9 1.0
6 47 1.0
24 11 1.0
64 1 1.0
18 2 1.0
64 61 1.0
40 63 1.0
17 62 1.0
25 48 1.0
7 39 1.0
51 19 1.0
52 26 1.0
21 46 1.0
58 49 1.0
12 48 1.0
43 3 1.0
26 48 1.0
13 9 1.0
52 60 1.0
59 15 1.0
61 54 1.0
45 20 1.0
3 12 1.0
3 22 1.0
53 63 1.0
47 5 1.0
15 8 1.0
2 8 1.0
10 9 1.0
61 22 1.0
2 49 1.0
19 50 1.0
64 18 1.0
40 1 1.0
46 43 1.0
4 35 1.0
59 53 1.0
59 28 1.0
5 30 1.0
62 49 1.0
7 25 1.0
41 26 1.0
27 40 1.0
41 4 1.0
54 11 1.0
9 58 1.0
36 48 1.0
39 41 1.0
4 9 1.0
39 8 1.0
28 26 1.0
60 33 1.0
8 22 1.0
29 19 1.0
1 9 1.0
49 34 1.0
29 5 1.0
16 41 1.0
23 35 1.0
63 19 1.0
44 14 1.0
11 9 1.0
17 5 1.0
34 5 1.0
58 9 1.0
20 46 1.0
26 47 1.0
52 21 1.0
30 58 1.0
35 4 1.0
24 21 1.0
27 26 1.0
56 5 1.0
31 56 1.0
22 48 1.0
51 36 1.0
42 37 1.0
20 29 1.0
5 55 1.0
48 55 1.0
3 28 1.0
27 9 1.0
61 13 1.0
45 41 1.0
19 48 1.0
33 19 1.0
57 61 1.0
36 58 1.0
36 62 1.0
28 19 1.0
32 2 1.0
53 34 1.0
21 18 1.0
39 34 1.0
42 55 1.0
7 8 1.0
17 46 1.0
25 5 1.0
46 63 1.0
2 26 1.0
48 2 1.0
10 55 1.0
15 33 1.0
47 54 1.0
50 3 1.0
13 1 1.0
50 33 1.0
55 21 1.0
33 35 1.0
53 51 1.0
43 22 1.0
13 61 1.0
54 4 1.0
12 39 1.0
37 13 1.0
31 41 1.0
18 26 1.0
57 5 1.0
38 14 1.0
14 47 1.0
32 19 1.0
22 13 1.0
50 28 1.0
18 12 1.0
24 61 1.0
64 38 1.0
6 2 1.0
48 12 1.0
39 57 1.0
2 18 1.0
4 21 1.0
52 13 1.0
9 5 1.0
17 49 1.0
26 17 1.0
30 4 1.0
34 47 1.0
9 27 1.0
11 61 1.0
58 62 1.0
44 39 1.0
11 28 1.0
23 25 1.0
63 16 1.0
16 26 1.0
63 48 1.0
20 18 1.0
5 61 1.0
35 64 1.0
5 22 1.0
42 35 1.0
51 47 1.0
56 22 1.0
56 49 1.0
16 43 1.0
22 64 1.0
38 5 1.0
31 49 1.0
54 3 1.0
54 8 1.0
41 64 1.0
62 47 1.0
21 16 1.0
33 43 1.0
25 2 1.0
28 54 1.0
59 30 1.0
40 22 1.0
46 61 1.0
6 9 1.0
49 21 1.0
1 45 1.0
29 28 1.0
8 21 1.0
60 22 1.0
35 12 1.0
7 58 1.0
25 22 1.0
32 11 1.0
42 30 1.0
37 5 1.0
12 6 1.0
43 5 1.0
12 62 1.0
26 64 1.0
37 59 1.0
55 26 1.0
41 22 1.0
44 54 1.0
55 61 1.0
44 1 1.0
13 8 1.0
24 41 1.0
64 15 1.0
24 49 1.0
48 52 1.0
20 26 1.0
50 64 1.0
38 15 1.0
49 35 1.0
14 13 1.0
32 18 1.0
18 17 1.0
8 49 1.0
28 6 1.0
53 64 1.0
57 62 1.0
55 22 1.0
36 14 1.0
57 48 1.0
45 39 1.0
19 26 1.0
27 51 1.0
47 9 1.0
3 25 1.0
61 25 1.0
10 62 1.0
15 64 1.0
21 62 1.0
62 29 1.0
25 61 1.0
63 54 1.0
2 6 1.0
