*Vertices 64
1 "V0"
2 "V63"
3 "V52"
4 "V11"
5 "V15"
6 "V48"
7 "V45"
8 "V30"
9 "V29"
10 "V34"
11 "V33"
12 "V27"
13 "V9"
14 "V13"
15 "V17"
16 "V50"
17 "V28"
18 "V31"
19 "V35"
20 "V32"
21 "V46"
22 "V14"
23 "V51"
24 "V49"
25 "V16"
26 "V10"
27 "V53"
28 "V12"
29 "V47"
30 "V22"
31 "V26"
32 "V59"
33 "V37"
34 "V40"
35 "V44"
36 "V41"
37 "V55"
38 "V60"
39 "V58"
40 "V19"
41 "V25"
42 "V62"
43 "V56"
44 "V21"
45 "V23"
46 "V7"
47 "V5"
48 "V3"
49 "V1"
50 "V20"
51 "V61"
52 "V57"
53 "V24"
54 "V54"
55 "V38"
56 "V43"
57 "V42"
58 "V39"
59 "V36"
60 "V18"
61 "V6"
62 "V8"
63 "V4"
64 "V2"
*Arcs
1 21 1.0
30 37 1.0
11 17 1.0
16 2 1.0
47 63 1.0
23 56 1.0
63 34 1.0
4 27 1.0
30 53 1.0
8 4 1.0
58 1 1.0
10 49 1.0
34 33 1.0
1 20 1.0
17 32 1.0
4 47 1.0
39 47 1.0
52 21 1.0
9 61 1.0
13 42 1.0
1 34 1.0
15 37 1.0
29 15 1.0
21 41 1.0
14 56 1.0
15 27 1.0
60 34 1.0
6 9 1.0
59 1 1.0
40 47 1.0
54 55 1.0
37 55 1.0
46 64 1.0
33 50 1.0
62 33 1.0
41 19 1.0
56 57 1.0
23 57 1.0
35 9 1.0
29 48 1.0
51 20 1.0
31 27 1.0
22 2 1.0
20 41 1.0
11 28 1.0
5 41 1.0
48 47 1.0
51 9 1.0
30 31 1.0
31 32 1.0
16 48 1.0
55 54 1.0
44 49 1.0
43 12 1.0
43 20 1.0
13 59 1.0
58 27 1.0
12 27 1.0
26 1 1.0
7 1 1.0
7 49 1.0
38 6 1.0
43 4 1.0
42 13 1.0
17 50 1.0
25 42 1.0
10 26 1.0
47 15 1.0
10 64 1.0
49 7 1.0
23 31 1.0
15 54 1.0
47 7 1.0
2 49 1.0
45 20 1.0
19 42 1.0
61 19 1.0
3 31 1.0
27 15 1.0
61 8 1.0
28 33 1.0
53 48 1.0
36 55 1.0
56 17 1.0
57 27 1.0
58 34 1.0
49 25 1.0
8 47 1.0
14 2 1.0
38 60 1.0
18 60 1.0
32 19 1.0
60 7 1.0
64 47 1.0
40 15 1.0
24 14 1.0
6 30 1.0
50 8 1.0
31 4 1.0
22 58 1.0
56 44 1.0
3 17 1.0
35 50 1.0
6 54 1.0
33 37 1.0
41 60 1.0
54 6 1.0
62 17 1.0
46 36 1.0
37 47 1.0
12 47 1.0
63 37 1.0
44 1 1.0
23 17 1.0
16 19 1.0
30 54 1.0
48 15 1.0
5 64 1.0
42 37 1.0
20 63 1.0
51 31 1.0
11 20 1.0
39 34 1.0
52 45 1.0
4 6 1.0
34 48 1.0
9 48 1.0
28 46 1.0
18 19 1.0
19 4 1.0
45 26 1.0
34 4 1.0
19 62 1.0
22 12 1.0
59 15 1.0
26 4 1.0
60 58 1.0
27 50 1.0
46 29 1.0
21 63 1.0
29 28 1.0
1 63 1.0
9 53 1.0
49 19 1.0
60 27 1.0
38 20 1.0
32 33 1.0
57 4 1.0
14 63 1.0
8 28 1.0
34 3 1.0
35 54 1.0
14 20 1.0
36 64 1.0
53 14 1.0
33 28 1.0
55 15 1.0
40 20 1.0
50 48 1.0
37 27 1.0
45 58 1.0
62 16 1.0
6 31 1.0
24 48 1.0
64 6 1.0
18 17 1.0
64 1 1.0
40 49 1.0
17 45 1.0
25 58 1.0
7 28 1.0
51 8 1.0
52 29 1.0
21 33 1.0
58 24 1.0
12 62 1.0
43 9 1.0
26 63 1.0
13 23 1.0
52 63 1.0
59 38 1.0
61 10 1.0
45 59 1.0
3 15 1.0
3 42 1.0
53 25 1.0
47 27 1.0
15 46 1.0
2 58 1.0
10 12 1.0
61 4 1.0
2 33 1.0
19 7 1.0
64 20 1.0
40 27 1.0
46 63 1.0
4 26 1.0
59 7 1.0
59 44 1.0
5 7 1.0
62 47 1.0
7 36 1.0
41 53 1.0
27 9 1.0
41 14 1.0
54 8 1.0
9 63 1.0
36 31 1.0
39 62 1.0
4 29 1.0
39 1 1.0
28 29 1.0
60 45 1.0
8 53 1.0
29 27 1.0
1 59 1.0
49 4 1.0
29 50 1.0
16 46 1.0
23 36 1.0
63 7 1.0
44 64 1.0
11 9 1.0
17 13 1.0
34 18 1.0
58 26 1.0
20 48 1.0
26 61 1.0
52 46 1.0
30 58 1.0
35 48 1.0
24 15 1.0
27 13 1.0
56 14 1.0
31 13 1.0
22 42 1.0
51 64 1.0
42 12 1.0
20 30 1.0
5 42 1.0
48 37 1.0
3 47 1.0
27 5 1.0
61 20 1.0
45 48 1.0
19 48 1.0
33 15 1.0
57 41 1.0
36 63 1.0
36 19 1.0
28 13 1.0
32 37 1.0
53 15 1.0
21 45 1.0
39 25 1.0
42 50 1.0
7 20 1.0
17 60 1.0
25 47 1.0
46 53 1.0
2 47 1.0
48 20 1.0
10 17 1.0
15 8 1.0
47 33 1.0
50 13 1.0
13 31 1.0
50 36 1.0
55 63 1.0
33 40 1.0
53 8 1.0
43 16 1.0
13 25 1.0
54 41 1.0
12 9 1.0
37 1 1.0
31 47 1.0
18 48 1.0
57 53 1.0
38 56 1.0
14 34 1.0
32 26 1.0
22 24 1.0
50 33 1.0
18 37 1.0
24 10 1.0
64 27 1.0
6 64 1.0
48 29 1.0
39 48 1.0
2 53 1.0
4 13 1.0
52 25 1.0
9 4 1.0
17 6 1.0
26 41 1.0
30 47 1.0
34 8 1.0
9 2 1.0
11 42 1.0
58 63 1.0
44 13 1.0
11 41 1.0
23 25 1.0
63 48 1.0
16 22 1.0
63 55 1.0
20 27 1.0
5 60 1.0
35 15 1.0
5 4 1.0
42 1 1.0
51 59 1.0
56 25 1.0
56 62 1.0
16 29 1.0
22 49 1.0
38 7 1.0
31 15 1.0
54 47 1.0
54 63 1.0
41 26 1.0
62 44 1.0
21 49 1.0
33 1 1.0
25 61 1.0
28 3 1.0
59 61 1.0
40 42 1.0
46 59 1.0
6 19 1.0
49 58 1.0
1 49 1.0
29 32 1.0
8 37 1.0
60 41 1.0
35 46 1.0
7 17 1.0
25 41 1.0
32 15 1.0
42 55 1.0
37 31 1.0
12 41 1.0
43 14 1.0
12 20 1.0
26 31 1.0
37 19 1.0
55 3 1.0
41 46 1.0
44 34 1.0
55 50 1.0
44 63 1.0
13 57 1.0
24 19 1.0
64 58 1.0
24 57 1.0
48 55 1.0
20 62 1.0
50 55 1.0
38 17 1.0
49 41 1.0
14 42 1.0
32 31 1.0
18 6 1.0
8 63 1.0
28 63 1.0
53 50 1.0
57 15 1.0
55 27 1.0
36 15 1.0
57 46 1.0
45 1 1.0
19 50 1.0
27 59 1.0
47 8 1.0
3 24 1.0
61 43 1.0
10 41 1.0
15 5 1.0
21 19 1.0
62 15 1.0
25 1 1.0
63 15 1.0
2 35 1.0
