*Vertices 128
1 "V0"
2 "V100"
3 "V11"
4 "V89"
5 "V15"
6 "V85"
7 "V119"
8 "V104"
9 "V45"
10 "V30"
11 "V34"
12 "V64"
13 "V123"
14 "V121"
15 "V125"
16 "V9"
17 "V68"
18 "V66"
19 "V70"
20 "V13"
21 "V17"
22 "V87"
23 "V28"
24 "V102"
25 "V117"
26 "V32"
27 "V106"
28 "V51"
29 "V49"
30 "V47"
31 "V53"
32 "V81"
33 "V83"
34 "V22"
35 "V26"
36 "V96"
37 "V37"
38 "V111"
39 "V126"
40 "V41"
41 "V115"
42 "V60"
43 "V58"
44 "V56"
45 "V62"
46 "V7"
47 "V5"
48 "V3"
49 "V1"
50 "V90"
51 "V92"
52 "V109"
53 "V98"
54 "V20"
55 "V24"
56 "V94"
57 "V113"
58 "V54"
59 "V43"
60 "V39"
61 "V73"
62 "V18"
63 "V77"
64 "V75"
65 "V79"
66 "V63"
67 "V122"
68 "V52"
69 "V48"
70 "V118"
71 "V107"
72 "V29"
73 "V103"
74 "V33"
75 "V27"
76 "V86"
77 "V84"
78 "V88"
79 "V82"
80 "V120"
81 "V50"
82 "V124"
83 "V31"
84 "V35"
85 "V105"
86 "V46"
87 "V14"
88 "V10"
89 "V16"
90 "V12"
91 "V101"
92 "V99"
93 "V65"
94 "V71"
95 "V67"
96 "V69"
97 "V59"
98 "V40"
99 "V44"
100 "V114"
101 "V55"
102 "V25"
103 "V19"
104 "V21"
105 "V110"
106 "V108"
107 "V23"
108 "V76"
109 "V74"
110 "V80"
111 "V78"
112 "V72"
113 "V61"
114 "V57"
115 "V127"
116 "V38"
117 "V116"
118 "V112"
119 "V42"
120 "V36"
121 "V95"
122 "V93"
123 "V97"
124 "V91"
125 "V8"
126 "V6"
127 "V4"
128 "V2"
*Arcs
62 49 1.0
87 82 1.0
122 32 1.0
74 125 1.0
127 64 1.0
73 90 1.0
47 19 1.0
52 123 1.0
95 6 1.0
109 37 1.0
16 34 1.0
107 75 1.0
109 31 1.0
78 2 1.0
106 53 1.0
31 91 1.0
107 46 1.0
1 67 1.0
112 14 1.0
83 114 1.0
86 101 1.0
80 114 1.0
121 125 1.0
99 67 1.0
115 20 1.0
2 94 1.0
91 82 1.0
119 54 1.0
66 77 1.0
117 36 1.0
32 55 1.0
23 22 1.0
42 99 1.0
126 59 1.0
43 116 1.0
14 9 1.0
29 52 1.0
101 118 1.0
44 41 1.0
2 41 1.0
54 95 1.0
115 17 1.0
2 21 1.0
23 103 1.0
111 110 1.0
8 10 1.0
28 124 1.0
36 91 1.0
33 11 1.0
72 56 1.0
7 29 1.0
16 29 1.0
31 30 1.0
73 68 1.0
49 25 1.0
109 25 1.0
128 46 1.0
15 127 1.0
75 127 1.0
125 48 1.0
58 70 1.0
55 70 1.0
90 108 1.0
17 63 1.0
107 50 1.0
15 110 1.0
2 5 1.0
11 62 1.0
6 65 1.0
63 71 1.0
15 124 1.0
23 30 1.0
11 120 1.0
45 83 1.0
122 42 1.0
50 106 1.0
52 71 1.0
5 52 1.0
26 5 1.0
68 115 1.0
108 39 1.0
21 93 1.0
101 45 1.0
50 93 1.0
93 52 1.0
128 31 1.0
43 92 1.0
23 9 1.0
85 40 1.0
107 123 1.0
77 78 1.0
25 104 1.0
35 6 1.0
111 102 1.0
2 103 1.0
122 94 1.0
41 96 1.0
85 94 1.0
43 117 1.0
55 17 1.0
64 41 1.0
86 100 1.0
16 53 1.0
37 52 1.0
43 99 1.0
84 91 1.0
98 55 1.0
69 10 1.0
122 76 1.0
44 116 1.0
112 88 1.0
103 125 1.0
32 20 1.0
112 125 1.0
73 67 1.0
74 82 1.0
37 79 1.0
84 32 1.0
50 58 1.0
91 43 1.0
12 44 1.0
34 67 1.0
7 14 1.0
40 114 1.0
51 117 1.0
112 29 1.0
85 106 1.0
81 26 1.0
17 120 1.0
122 71 1.0
29 51 1.0
98 30 1.0
54 103 1.0
76 5 1.0
44 89 1.0
104 124 1.0
40 4 1.0
1 62 1.0
113 12 1.0
103 113 1.0
59 18 1.0
45 115 1.0
37 115 1.0
54 93 1.0
11 25 1.0
114 97 1.0
33 106 1.0
10 81 1.0
48 69 1.0
54 27 1.0
48 83 1.0
73 56 1.0
22 124 1.0
83 84 1.0
113 10 1.0
30 110 1.0
45 111 1.0
41 110 1.0
95 80 1.0
20 108 1.0
40 70 1.0
71 25 1.0
89 46 1.0
127 126 1.0
6 127 1.0
33 48 1.0
