*Vertices 256
1 "V0"
2 "V174"
3 "V233"
4 "V89"
5 "V85"
6 "V119"
7 "V178"
8 "V30"
9 "V34"
10 "V64"
11 "V208"
12 "V123"
13 "V212"
14 "V9"
15 "V68"
16 "V153"
17 "V13"
18 "V17"
19 "V157"
20 "V246"
21 "V161"
22 "V102"
23 "V250"
24 "V106"
25 "V191"
26 "V51"
27 "V47"
28 "V195"
29 "V136"
30 "V225"
31 "V229"
32 "V140"
33 "V81"
34 "V22"
35 "V26"
36 "V255"
37 "V170"
38 "V111"
39 "V200"
40 "V115"
41 "V60"
42 "V56"
43 "V204"
44 "V145"
45 "V234"
46 "V5"
47 "V238"
48 "V1"
49 "V149"
50 "V90"
51 "V183"
52 "V242"
53 "V98"
54 "V94"
55 "V128"
56 "V187"
57 "V43"
58 "V39"
59 "V73"
60 "V217"
61 "V132"
62 "V221"
63 "V18"
64 "V77"
65 "V162"
66 "V166"
67 "V196"
68 "V137"
69 "V52"
70 "V48"
71 "V251"
72 "V192"
73 "V107"
74 "V103"
75 "V27"
76 "V86"
77 "V171"
78 "V175"
79 "V82"
80 "V141"
81 "V226"
82 "V230"
83 "V120"
84 "V209"
85 "V124"
86 "V31"
87 "V35"
88 "V179"
89 "V243"
90 "V14"
91 "V247"
92 "V10"
93 "V158"
94 "V99"
95 "V65"
96 "V213"
97 "V69"
98 "V154"
99 "V133"
100 "V218"
101 "V40"
102 "V44"
103 "V129"
104 "V188"
105 "V252"
106 "V19"
107 "V167"
108 "V23"
109 "V108"
110 "V74"
111 "V222"
112 "V78"
113 "V163"
114 "V205"
115 "V146"
116 "V61"
117 "V57"
118 "V201"
119 "V116"
120 "V112"
121 "V36"
122 "V95"
123 "V180"
124 "V184"
125 "V91"
126 "V150"
127 "V235"
128 "V6"
129 "V239"
130 "V2"
131 "V159"
132 "V100"
133 "V11"
134 "V248"
135 "V244"
136 "V15"
137 "V104"
138 "V45"
139 "V193"
140 "V189"
141 "V210"
142 "V121"
143 "V125"
144 "V155"
145 "V214"
146 "V66"
147 "V70"
148 "V87"
149 "V172"
150 "V231"
151 "V28"
152 "V32"
153 "V117"
154 "V176"
155 "V49"
156 "V53"
157 "V197"
158 "V138"
159 "V227"
160 "V142"
161 "V83"
162 "V96"
163 "V181"
164 "V240"
165 "V37"
166 "V41"
167 "V126"
168 "V185"
169 "V58"
170 "V62"
171 "V206"
172 "V147"
173 "V7"
174 "V3"
175 "V236"
176 "V151"
177 "V92"
178 "V168"
179 "V109"
180 "V20"
181 "V253"
182 "V24"
183 "V113"
184 "V54"
185 "V202"
186 "V198"
187 "V219"
188 "V130"
189 "V134"
190 "V164"
191 "V223"
192 "V75"
193 "V79"
194 "V63"
195 "V122"
196 "V211"
197 "V207"
198 "V118"
199 "V177"
200 "V29"
201 "V33"
202 "V173"
203 "V232"
204 "V84"
205 "V88"
206 "V228"
207 "V143"
208 "V139"
209 "V50"
210 "V135"
211 "V194"
212 "V190"
213 "V105"
214 "V46"
215 "V249"
216 "V16"
217 "V12"
218 "V245"
219 "V160"
220 "V101"
221 "V71"
222 "V67"
223 "V215"
224 "V156"
225 "V144"
226 "V59"
227 "V203"
228 "V199"
229 "V114"
230 "V55"
231 "V25"
232 "V21"
233 "V254"
234 "V169"
235 "V110"
236 "V76"
237 "V80"
238 "V224"
239 "V165"
240 "V72"
241 "V131"
242 "V220"
243 "V216"
244 "V127"
245 "V186"
246 "V38"
247 "V42"
248 "V182"
249 "V241"
250 "V93"
251 "V97"
252 "V237"
253 "V152"
254 "V8"
255 "V148"
256 "V4"
*Arcs
7 105 1.0
145 111 1.0
154 27 1.0
104 18 1.0
174 1 1.0
44 162 1.0
254 244 1.0
12 115 1.0
13 2 1.0
135 249 1.0
151 196 1.0
168 72 1.0
128 5 1.0
21 146 1.0
117 173 1.0
64 121 1.0
9 40 1.0
77 113 1.0
153 82 1.0
202 184 1.0
238 182 1.0
82 74 1.0
13 189 1.0
155 16 1.0
240 163 1.0
196 134 1.0
95 100 1.0
16 228 1.0
91 125 1.0
60 59 1.0
148 17 1.0
128 57 1.0
110 195 1.0
253 37 1.0
124 252 1.0
158 104 1.0
139 237 1.0
31 116 1.0
173 152 1.0
150 235 1.0
191 80 1.0
226 131 1.0
201 36 1.0
165 81 1.0
39 171 1.0
156 209 1.0
240 180 1.0
98 130 1.0
205 94 1.0
144 103 1.0
193 199 1.0
207 135 1.0
198 28 1.0
213 148 1.0
117 97 1.0
91 246 1.0
133 198 1.0
51 255 1.0
162 66 1.0
30 203 1.0
253 96 1.0
54 117 1.0
189 14 1.0
115 75 1.0
137 24 1.0
144 68 1.0
183 144 1.0
82 51 1.0
90 71 1.0
116 185 1.0
143 236 1.0
91 138 1.0
242 54 1.0
213 143 1.0
142 202 1.0
155 164 1.0
200 62 1.0
73 25 1.0
135 10 1.0
247 216 1.0
31 9 1.0
77 183 1.0
203 225 1.0
63 65 1.0
31 206 1.0
162 84 1.0
4 161 1.0
3 69 1.0
188 46 1.0
205 22 1.0
159 61 1.0
206 88 1.0
129 20 1.0
23 157 1.0
161 240 1.0
64 108 1.0
131 166 1.0
46 142 1.0
73 176 1.0
20 178 1.0
91 127 1.0
99 243 1.0
218 245 1.0
58 50 1.0
184 41 1.0
11 133 1.0
231 179 1.0
94 32 1.0
107 181 1.0
181 43 1.0
232 193 1.0
241 70 1.0
34 48 1.0
4 8 1.0
201 55 1.0
248 19 1.0
168 78 1.0
14 89 1.0
233 191 1.0
154 139 1.0
38 222 1.0
88 63 1.0
42 165 1.0
29 251 1.0
173 119 1.0
41 172 1.0
89 196 1.0
254 76 1.0
171 230 1.0
217 254 1.0
227 210 1.0
227 190 1.0
148 248 1.0
251 187 1.0
196 140 1.0
181 170 1.0
97 90 1.0
63 250 1.0
17 120 1.0
86 207 1.0
191 77 1.0
25 215 1.0
22 150 1.0
187 39 1.0
104 110 1.0
77 231 1.0
185 57 1.0
215 137 1.0
55 12 1.0
48 98 1.0
204 159 1.0
188 67 1.0
241 147 1.0
189 232 1.0
204 132 1.0
226 6 1.0
239 49 1.0
162 7 1.0
248 47 1.0
37 197 1.0
253 33 1.0
117 26 1.0
164 174 1.0
232 201 1.0
190 188 1.0
161 219 1.0
81 3 1.0
77 227 1.0
40 64 1.0
107 151 1.0
240 73 1.0
162 167 1.0
22 224 1.0
142 218 1.0
235 145 1.0
240 205 1.0
122 169 1.0
205 92 1.0
116 101 1.0
29 158 1.0
55 107 1.0
134 124 1.0
169 249 1.0
176 141 1.0
158 204 1.0
37 128 1.0
245 87 1.0
37 229 1.0
71 99 1.0
181 65 1.0
102 105 1.0
217 111 1.0
161 72 1.0
135 95 1.0
3 214 1.0
82 216 1.0
197 122 1.0
129 44 1.0
177 2 1.0
246 134 1.0
119 60 1.0
33 125 1.0
145 217 1.0
220 247 1.0
96 142 1.0
97 80 1.0
227 234 1.0
114 31 1.0
129 186 1.0
128 59 1.0
114 156 1.0
237 182 1.0
59 74 1.0
66 253 1.0
206 123 1.0
178 233 1.0
112 30 1.0
213 15 1.0
253 155 1.0
25 106 1.0
228 53 1.0
215 55 1.0
57 255 1.0
163 154 1.0
256 252 1.0
226 171 1.0
129 56 1.0
182 237 1.0
35 116 1.0
31 48 1.0
99 86 1.0
209 235 1.0
43 93 1.0
50 203 1.0
47 192 1.0
118 42 1.0
20 35 1.0
238 213 1.0
96 29 1.0
3 98 1.0
41 51 1.0
8 135 1.0
47 13 1.0
84 211 1.0
47 76 1.0
91 254 1.0
184 246 1.0
27 153 1.0
28 239 1.0
88 129 1.0
219 212 1.0
49 79 1.0
41 10 1.0
94 9 1.0
242 120 1.0
131 21 1.0
21 23 1.0
167 242 1.0
107 118 1.0
64 136 1.0
58 138 1.0
27 54 1.0
82 85 1.0
9 225 1.0
60 149 1.0
87 127 1.0
18 245 1.0
160 226 1.0
146 133 1.0
207 200 1.0
235 109 1.0
29 208 1.0
184 19 1.0
75 181 1.0
120 191 1.0
229 43 1.0
162 112 1.0
249 27 1.0
179 1 1.0
90 251 1.0
80 244 1.0
27 78 1.0
155 206 1.0
219 11 1.0
230 69 1.0
153 34 1.0
164 256 1.0
188 220 1.0
130 61 1.0
239 126 1.0
194 88 1.0
68 20 1.0
1 243 1.0
198 157 1.0
126 4 1.0
239 221 1.0
1 166 1.0
148 83 1.0
251 178 1.0
170 215 1.0
8 39 1.0
152 110 1.0
12 57 1.0
25 195 1.0
80 16 1.0
45 37 1.0
17 47 1.0
202 100 1.0
133 140 1.0
237 177 1.0
112 170 1.0
157 17 1.0
112 152 1.0
230 38 1.0
5 160 1.0
74 52 1.0
70 139 1.0
23 146 1.0
201 63 1.0
104 121 1.0
195 40 1.0
227 115 1.0
246 190 1.0
60 82 1.0
229 196 1.0
22 5 1.0
8 230 1.0
29 173 1.0
41 231 1.0
85 137 1.0
217 210 1.0
49 163 1.0
203 96 1.0
149 148 1.0
123 117 1.0
145 14 1.0
234 24 1.0
218 68 1.0
211 66 1.0
237 124 1.0
219 71 1.0
42 3 1.0
56 185 1.0
196 236 1.0
59 214 1.0
215 75 1.0
140 143 1.0
89 144 1.0
171 202 1.0
73 36 1.0
152 197 1.0
34 33 1.0
208 209 1.0
233 130 1.0
25 94 1.0
129 103 1.0
190 131 1.0
140 199 1.0
187 135 1.0
115 81 1.0
206 28 1.0
224 97 1.0
190 180 1.0
98 58 1.0
55 198 1.0
247 49 1.0
183 91 1.0
204 31 1.0
97 186 1.0
202 240 1.0
72 108 1.0
239 22 1.0
161 142 1.0
1 253 1.0
187 243 1.0
109 56 1.0
207 50 1.0
66 41 1.0
147 217 1.0
203 166 1.0
239 32 1.0
58 234 1.0
244 62 1.0
185 25 1.0
64 95 1.0
125 216 1.0
156 122 1.0
256 229 1.0
22 44 1.0
167 164 1.0
171 84 1.0
60 161 1.0
57 156 1.0
168 46 1.0
147 87 1.0
137 99 1.0
54 65 1.0
184 123 1.0
140 150 1.0
214 118 1.0
125 192 1.0
156 35 1.0
247 213 1.0
59 98 1.0
178 248 1.0
137 89 1.0
125 13 1.0
6 76 1.0
18 42 1.0
50 254 1.0
245 165 1.0
115 119 1.0
69 29 1.0
194 239 1.0
98 238 1.0
9 211 1.0
13 222 1.0
82 70 1.0
217 106 1.0
31 251 1.0
160 172 1.0
156 154 1.0
36 181 1.0
79 175 1.0
83 114 1.0
6 193 1.0
50 48 1.0
191 8 1.0
207 179 1.0
162 55 1.0
70 93 1.0
114 218 1.0
91 145 1.0
30 67 1.0
93 205 1.0
88 92 1.0
83 101 1.0
199 6 1.0
252 158 1.0
89 107 1.0
139 159 1.0
62 147 1.0
19 26 1.0
114 232 1.0
238 132 1.0
254 126 1.0
163 7 1.0
256 129 1.0
182 11 1.0
46 212 1.0
134 33 1.0
76 256 1.0
132 201 1.0
220 120 1.0
170 241 1.0
139 219 1.0
26 23 1.0
96 187 1.0
153 194 1.0
248 90 1.0
204 102 1.0
83 250 1.0
242 12 1.0
208 207 1.0
9 149 1.0
201 82 1.0
247 184 1.0
14 173 1.0
93 182 1.0
66 74 1.0
32 189 1.0
233 253 1.0
35 163 1.0
207 249 1.0
3 141 1.0
224 72 1.0
84 204 1.0
167 146 1.0
1 121 1.0
45 229 1.0
189 113 1.0
122 105 1.0
6 111 1.0
109 27 1.0
22 18 1.0
70 162 1.0
25 167 1.0
26 115 1.0
7 2 1.0
237 45 1.0
181 227 1.0
41 168 1.0
39 64 1.0
140 169 1.0
133 200 1.0
7 73 1.0
178 224 1.0
235 135 1.0
194 28 1.0
169 148 1.0
249 15 1.0
51 246 1.0
60 153 1.0
44 255 1.0
14 66 1.0
36 233 1.0
159 30 1.0
176 171 1.0
177 237 1.0
129 155 1.0
46 180 1.0
209 130 1.0
26 94 1.0
76 103 1.0
71 154 1.0
172 252 1.0
53 104 1.0
160 116 1.0
191 86 1.0
178 235 1.0
21 80 1.0
182 131 1.0
160 134 1.0
252 60 1.0
236 228 1.0
25 125 1.0
148 59 1.0
247 17 1.0
13 247 1.0
86 195 1.0
156 37 1.0
28 20 1.0
65 206 1.0
238 157 1.0
133 240 1.0
159 34 1.0
213 166 1.0
168 83 1.0
34 176 1.0
11 178 1.0
50 243 1.0
255 245 1.0
159 4 1.0
164 226 1.0
98 133 1.0
243 109 1.0
18 32 1.0
6 181 1.0
248 127 1.0
7 43 1.0
243 112 1.0
22 70 1.0
23 1 1.0
256 8 1.0
39 244 1.0
210 19 1.0
158 78 1.0
185 52 1.0
67 191 1.0
229 139 1.0
69 222 1.0
61 63 1.0
236 251 1.0
39 40 1.0
180 172 1.0
56 203 1.0
156 96 1.0
35 117 1.0
240 14 1.0
73 75 1.0
138 24 1.0
205 68 1.0
77 51 1.0
135 23 1.0
173 185 1.0
184 236 1.0
224 138 1.0
61 54 1.0
165 143 1.0
246 144 1.0
110 202 1.0
249 129 1.0
82 242 1.0
8 25 1.0
158 10 1.0
175 136 1.0
123 9 1.0
59 183 1.0
158 225 1.0
217 84 1.0
231 161 1.0
224 69 1.0
177 46 1.0
20 220 1.0
239 61 1.0
187 21 1.0
80 88 1.0
1 159 1.0
237 67 1.0
231 147 1.0
136 232 1.0
57 132 1.0
40 49 1.0
69 7 1.0
209 218 1.0
192 145 1.0
8 205 1.0
87 169 1.0
102 92 1.0
164 58 1.0
223 198 1.0
73 158 1.0
87 107 1.0
37 3 1.0
179 227 1.0
236 64 1.0
50 151 1.0
217 73 1.0
8 167 1.0
95 224 1.0
154 124 1.0
127 71 1.0
39 62 1.0
124 95 1.0
154 214 1.0
56 216 1.0
142 122 1.0
245 44 1.0
70 2 1.0
72 196 1.0
248 5 1.0
189 230 1.0
84 173 1.0
136 165 1.0
224 210 1.0
167 190 1.0
156 248 1.0
115 215 1.0
247 150 1.0
37 39 1.0
172 110 1.0
198 231 1.0
39 137 1.0
201 12 1.0
11 16 1.0
70 187 1.0
80 140 1.0
11 170 1.0
173 90 1.0
234 57 1.0
252 177 1.0
72 160 1.0
103 77 1.0
206 36 1.0
6 47 1.0
40 197 1.0
109 33 1.0
52 209 1.0
255 174 1.0
242 152 1.0
197 38 1.0
161 188 1.0
71 131 1.0
13 89 1.0
114 13 1.0
188 211 1.0
7 76 1.0
170 15 1.0
227 254 1.0
174 246 1.0
23 119 1.0
44 239 1.0
240 233 1.0
252 238 1.0
59 155 1.0
120 106 1.0
107 48 1.0
179 53 1.0
43 55 1.0
218 172 1.0
189 154 1.0
195 23 1.0
110 242 1.0
109 118 1.0
178 192 1.0
130 136 1.0
191 102 1.0
249 250 1.0
32 85 1.0
189 149 1.0
87 203 1.0
244 42 1.0
19 35 1.0
77 213 1.0
190 29 1.0
66 98 1.0
23 248 1.0
190 31 1.0
72 186 1.0
191 240 1.0
29 156 1.0
87 182 1.0
105 22 1.0
143 253 1.0
202 123 1.0
249 164 1.0
125 141 1.0
231 72 1.0
33 204 1.0
194 128 1.0
160 87 1.0
241 229 1.0
211 99 1.0
62 65 1.0
157 175 1.0
215 114 1.0
186 56 1.0
159 193 1.0
150 41 1.0
161 86 1.0
217 235 1.0
195 93 1.0
31 91 1.0
41 60 1.0
182 125 1.0
219 217 1.0
146 247 1.0
131 142 1.0
173 80 1.0
239 234 1.0
69 52 1.0
46 191 1.0
215 72 1.0
227 146 1.0
47 18 1.0
189 121 1.0
59 40 1.0
178 115 1.0
71 113 1.0
197 105 1.0
33 43 1.0
86 112 1.0
39 27 1.0
182 1 1.0
239 162 1.0
209 244 1.0
134 2 1.0
133 215 1.0
206 228 1.0
1 110 1.0
1 231 1.0
184 57 1.0
220 195 1.0
5 16 1.0
212 37 1.0
131 82 1.0
117 196 1.0
214 5 1.0
129 184 1.0
110 173 1.0
87 137 1.0
238 189 1.0
229 163 1.0
92 206 1.0
143 11 1.0
175 26 1.0
97 34 1.0
77 256 1.0
110 220 1.0
245 241 1.0
86 88 1.0
40 129 1.0
235 212 1.0
161 79 1.0
175 194 1.0
216 9 1.0
219 120 1.0
84 207 1.0
8 21 1.0
114 45 1.0
245 223 1.0
62 168 1.0
184 226 1.0
14 133 1.0
250 200 1.0
236 109 1.0
26 208 1.0
135 224 1.0
117 20 1.0
236 157 1.0
221 4 1.0
213 221 1.0
84 101 1.0
58 83 1.0
137 126 1.0
184 178 1.0
95 164 1.0
207 84 1.0
65 161 1.0
92 156 1.0
93 46 1.0
256 87 1.0
200 99 1.0
27 65 1.0
174 31 1.0
87 186 1.0
183 240 1.0
38 108 1.0
235 22 1.0
121 142 1.0
65 176 1.0
23 88 1.0
183 71 1.0
91 203 1.0
83 185 1.0
190 236 1.0
232 214 1.0
163 75 1.0
158 24 1.0
253 143 1.0
51 144 1.0
226 62 1.0
158 25 1.0
182 95 1.0
95 216 1.0
46 122 1.0
197 183 1.0
75 44 1.0
126 202 1.0
66 135 1.0
33 81 1.0
126 28 1.0
74 97 1.0
137 180 1.0
70 58 1.0
208 94 1.0
95 198 1.0
11 255 1.0
124 96 1.0
99 148 1.0
255 117 1.0
144 14 1.0
104 68 1.0
158 66 1.0
200 124 1.0
196 252 1.0
210 100 1.0
139 104 1.0
230 177 1.0
14 170 1.0
120 17 1.0
14 38 1.0
48 160 1.0
10 36 1.0
181 171 1.0
47 237 1.0
148 209 1.0
228 130 1.0
200 152 1.0
185 103 1.0
54 131 1.0
251 199 1.0
100 47 1.0
211 197 1.0
30 140 1.0
113 33 1.0
151 194 1.0
232 256 1.0
155 201 1.0
214 120 1.0
55 219 1.0
207 159 1.0
248 147 1.0
38 26 1.0
219 232 1.0
49 132 1.0
206 188 1.0
28 49 1.0
213 7 1.0
167 150 1.0
216 118 1.0
136 192 1.0
159 230 1.0
218 231 1.0
133 213 1.0
18 98 1.0
61 248 1.0
129 215 1.0
189 187 1.0
40 90 1.0
92 102 1.0
230 250 1.0
78 12 1.0
192 207 1.0
91 77 1.0
140 181 1.0
10 238 1.0
186 139 1.0
44 222 1.0
149 70 1.0
243 63 1.0
154 251 1.0
148 172 1.0
60 78 1.0
8 89 1.0
128 13 1.0
166 76 1.0
26 254 1.0
109 165 1.0
147 119 1.0
92 29 1.0
135 190 1.0
90 91 1.0
149 243 1.0
165 56 1.0
146 50 1.0
220 41 1.0
23 133 1.0
212 166 1.0
198 32 1.0
63 234 1.0
231 175 1.0
165 114 1.0
240 193 1.0
57 48 1.0
160 8 1.0
240 179 1.0
209 55 1.0
181 19 1.0
238 233 1.0
115 30 1.0
162 171 1.0
10 237 1.0
140 155 1.0
48 130 1.0
129 53 1.0
87 103 1.0
223 154 1.0
222 252 1.0
63 104 1.0
214 116 1.0
90 17 1.0
77 86 1.0
161 235 1.0
74 80 1.0
252 93 1.0
236 134 1.0
115 60 1.0
180 228 1.0
183 125 1.0
200 59 1.0
208 247 1.0
130 195 1.0
3 234 1.0
150 31 1.0
37 141 1.0
20 156 1.0
223 128 1.0
177 182 1.0
119 74 1.0
247 189 1.0
11 253 1.0
105 123 1.0
22 249 1.0
179 72 1.0
163 204 1.0
27 146 1.0
185 87 1.0
96 229 1.0
194 113 1.0
116 105 1.0
226 111 1.0
223 227 1.0
106 27 1.0
151 18 1.0
52 122 1.0
188 167 1.0
133 115 1.0
229 2 1.0
173 45 1.0
29 64 1.0
208 169 1.0
62 151 1.0
74 73 1.0
78 158 1.0
119 224 1.0
18 168 1.0
239 218 1.0
255 145 1.0
168 67 1.0
120 205 1.0
40 92 1.0
4 101 1.0
94 6 1.0
37 107 1.0
169 181 1.0
153 127 1.0
32 43 1.0
49 112 1.0
102 70 1.0
66 1 1.0
65 200 1.0
113 244 1.0
64 19 1.0
177 78 1.0
63 243 1.0
155 245 1.0
178 4 1.0
123 226 1.0
74 133 1.0
99 109 1.0
234 208 1.0
40 178 1.0
131 20 1.0
50 206 1.0
49 157 1.0
56 221 1.0
32 34 1.0
147 166 1.0
153 83 1.0
191 126 1.0
124 11 1.0
11 79 1.0
162 69 1.0
136 46 1.0
113 220 1.0
237 61 1.0
199 21 1.0
122 88 1.0
157 129 1.0
178 242 1.0
145 212 1.0
33 10 1.0
12 136 1.0
80 9 1.0
4 54 1.0
233 120 1.0
194 225 1.0
56 23 1.0
228 118 1.0
182 236 1.0
76 138 1.0
217 143 1.0
36 98 1.0
232 202 1.0
189 203 1.0
48 96 1.0
231 148 1.0
47 42 1.0
138 14 1.0
200 75 1.0
1 24 1.0
129 29 1.0
94 51 1.0
226 135 1.0
215 211 1.0
98 15 1.0
223 106 1.0
53 246 1.0
68 153 1.0
94 255 1.0
196 239 1.0
16 164 1.0
217 141 1.0
31 25 1.0
48 204 1.0
252 46 1.0
220 87 1.0
27 229 1.0
12 65 1.0
39 71 1.0
98 62 1.0
210 95 1.0
103 214 1.0
241 216 1.0
194 122 1.0
238 143 1.0
208 44 1.0
134 202 1.0
253 91 1.0
128 60 1.0
74 186 1.0
197 50 1.0
24 217 1.0
105 166 1.0
251 142 1.0
171 32 1.0
137 234 1.0
229 31 1.0
28 240 1.0
205 156 1.0
187 108 1.0
114 22 1.0
68 99 1.0
247 253 1.0
132 123 1.0
9 233 1.0
228 238 1.0
65 114 1.0
182 155 1.0
169 106 1.0
167 48 1.0
166 53 1.0
29 55 1.0
78 172 1.0
33 154 1.0
188 175 1.0
158 56 1.0
202 193 1.0
124 41 1.0
108 86 1.0
171 179 1.0
236 93 1.0
127 150 1.0
240 42 1.0
12 254 1.0
125 35 1.0
183 213 1.0
220 29 1.0
177 98 1.0
118 248 1.0
119 89 1.0
99 13 1.0
204 211 1.0
208 76 1.0
127 222 1.0
191 165 1.0
248 119 1.0
4 239 1.0
32 52 1.0
115 196 1.0
189 5 1.0
125 230 1.0
65 173 1.0
82 121 1.0
156 210 1.0
112 190 1.0
89 163 1.0
93 191 1.0
64 139 1.0
133 222 1.0
59 63 1.0
200 251 1.0
98 40 1.0
191 115 1.0
161 215 1.0
150 100 1.0
59 140 1.0
66 177 1.0
179 170 1.0
100 17 1.0
208 57 1.0
24 160 1.0
15 77 1.0
233 82 1.0
112 39 1.0
192 110 1.0
192 231 1.0
98 137 1.0
150 195 1.0
107 16 1.0
123 81 1.0
136 67 1.0
249 97 1.0
190 209 1.0
185 180 1.0
252 94 1.0
192 49 1.0
159 199 1.0
255 36 1.0
26 47 1.0
10 197 1.0
156 33 1.0
90 174 1.0
225 152 1.0
5 38 1.0
9 188 1.0
228 131 1.0
53 3 1.0
216 227 1.0
232 64 1.0
52 117 1.0
152 151 1.0
39 24 1.0
216 224 1.0
183 124 1.0
216 218 1.0
174 145 1.0
111 148 1.0
164 14 1.0
78 58 1.0
113 198 1.0
246 158 1.0
45 66 1.0
51 134 1.0
177 82 1.0
120 228 1.0
176 59 1.0
56 182 1.0
20 247 1.0
117 195 1.0
86 16 1.0
188 37 1.0
69 100 1.0
55 104 1.0
159 125 1.0
185 116 1.0
97 17 1.0
196 235 1.0
196 80 1.0
136 36 1.0
37 252 1.0
78 171 1.0
239 237 1.0
232 209 1.0
208 130 1.0
218 86 1.0
142 103 1.0
247 131 1.0
69 199 1.0
208 135 1.0
173 81 1.0
22 28 1.0
180 97 1.0
26 180 1.0
59 94 1.0
91 153 1.0
107 255 1.0
183 96 1.0
177 148 1.0
112 117 1.0
12 14 1.0
238 246 1.0
99 68 1.0
170 66 1.0
28 51 1.0
181 23 1.0
13 203 1.0
8 185 1.0
40 236 1.0
160 75 1.0
4 24 1.0
125 143 1.0
162 144 1.0
90 62 1.0
59 25 1.0
141 10 1.0
243 138 1.0
200 216 1.0
66 54 1.0
211 225 1.0
24 202 1.0
108 164 1.0
110 84 1.0
97 161 1.0
51 69 1.0
120 46 1.0
185 9 1.0
115 183 1.0
140 61 1.0
215 21 1.0
204 23 1.0
128 242 1.0
117 118 1.0
179 192 1.0
55 102 1.0
21 250 1.0
35 85 1.0
194 149 1.0
214 129 1.0
101 212 1.0
88 194 1.0
223 90 1.0
234 201 1.0
229 120 1.0
93 207 1.0
159 219 1.0
62 159 1.0
222 11 1.0
133 79 1.0
168 26 1.0
249 232 1.0
38 256 1.0
214 220 1.0
73 241 1.0
243 7 1.0
52 218 1.0
200 157 1.0
256 221 1.0
255 101 1.0
60 6 1.0
116 126 1.0
92 178 1.0
22 45 1.0
8 223 1.0
132 168 1.0
134 205 1.0
164 169 1.0
45 92 1.0
58 200 1.0
45 73 1.0
173 208 1.0
131 105 1.0
201 43 1.0
254 112 1.0
16 27 1.0
120 162 1.0
91 167 1.0
104 224 1.0
67 2 1.0
245 249 1.0
219 111 1.0
202 72 1.0
144 146 1.0
66 18 1.0
151 121 1.0
133 40 1.0
177 115 1.0
14 196 1.0
218 204 1.0
61 184 1.0
102 173 1.0
171 74 1.0
227 189 1.0
93 113 1.0
194 163 1.0
90 105 1.0
252 62 1.0
126 227 1.0
162 64 1.0
13 214 1.0
13 216 1.0
160 122 1.0
97 167 1.0
192 2 1.0
223 3 1.0
64 169 1.0
12 151 1.0
70 73 1.0
195 158 1.0
125 224 1.0
197 124 1.0
251 218 1.0
50 145 1.0
73 67 1.0
230 205 1.0
110 147 1.0
194 92 1.0
232 101 1.0
134 198 1.0
24 107 1.0
86 159 1.0
106 26 1.0
22 232 1.0
178 174 1.0
192 132 1.0
143 188 1.0
255 49 1.0
64 7 1.0
127 175 1.0
235 60 1.0
238 56 1.0
46 116 1.0
114 217 1.0
183 86 1.0
101 235 1.0
184 80 1.0
140 93 1.0
92 134 1.0
60 186 1.0
240 125 1.0
52 240 1.0
50 247 1.0
227 142 1.0
16 253 1.0
28 234 1.0
139 31 1.0
244 141 1.0
56 156 1.0
195 128 1.0
69 182 1.0
27 74 1.0
203 99 1.0
242 123 1.0
58 249 1.0
222 72 1.0
179 204 1.0
223 95 1.0
239 87 1.0
219 229 1.0
242 44 1.0
52 65 1.0
131 181 1.0
206 191 1.0
64 222 1.0
6 70 1.0
113 63 1.0
40 251 1.0
69 172 1.0
149 78 1.0
223 127 1.0
187 43 1.0
100 245 1.0
254 193 1.0
92 48 1.0
57 8 1.0
91 109 1.0
164 244 1.0
66 19 1.0
191 20 1.0
153 243 1.0
90 50 1.0
75 41 1.0
72 133 1.0
98 166 1.0
91 83 1.0
15 32 1.0
175 178 1.0
56 206 1.0
89 157 1.0
226 240 1.0
146 108 1.0
101 22 1.0
240 176 1.0
234 88 1.0
107 47 1.0
65 197 1.0
104 140 1.0
158 33 1.0
52 170 1.0
173 201 1.0
233 38 1.0
247 219 1.0
66 215 1.0
79 187 1.0
86 90 1.0
56 57 1.0
46 250 1.0
54 12 1.0
92 207 1.0
2 77 1.0
237 150 1.0
228 39 1.0
190 110 1.0
107 230 1.0
65 231 1.0
150 137 1.0
45 16 1.0
192 248 1.0
47 52 1.0
81 196 1.0
19 139 1.0
20 5 1.0
48 254 1.0
87 165 1.0
47 40 1.0
139 210 1.0
245 190 1.0
222 52 1.0
79 196 1.0
161 5 1.0
216 230 1.0
119 173 1.0
144 121 1.0
47 189 1.0
128 190 1.0
139 82 1.0
254 39 1.0
180 110 1.0
69 231 1.0
50 137 1.0
154 195 1.0
53 16 1.0
29 163 1.0
173 181 1.0
17 127 1.0
74 43 1.0
240 112 1.0
242 27 1.0
116 1 1.0
109 200 1.0
94 109 1.0
220 244 1.0
8 19 1.0
193 191 1.0
75 139 1.0
252 146 1.0
90 63 1.0
82 162 1.0
137 40 1.0
212 115 1.0
106 78 1.0
250 36 1.0
120 81 1.0
124 28 1.0
142 97 1.0
167 209 1.0
225 180 1.0
234 94 1.0
180 49 1.0
163 199 1.0
141 135 1.0
100 96 1.0
93 148 1.0
123 14 1.0
122 58 1.0
183 198 1.0
242 68 1.0
124 66 1.0
57 215 1.0
131 100 1.0
3 104 1.0
146 177 1.0
9 170 1.0
49 17 1.0
179 57 1.0
57 160 1.0
141 37 1.0
249 252 1.0
136 197 1.0
128 33 1.0
159 130 1.0
57 152 1.0
102 38 1.0
150 103 1.0
189 131 1.0
222 203 1.0
62 13 1.0
206 76 1.0
2 42 1.0
82 254 1.0
28 213 1.0
28 29 1.0
121 51 1.0
49 23 1.0
208 118 1.0
223 192 1.0
39 35 1.0
1 138 1.0
171 85 1.0
84 98 1.0
104 149 1.0
61 233 1.0
35 171 1.0
133 237 1.0
83 155 1.0
157 48 1.0
202 53 1.0
249 55 1.0
234 154 1.0
47 89 1.0
108 30 1.0
163 211 1.0
177 15 1.0
178 106 1.0
165 246 1.0
75 153 1.0
86 255 1.0
2 239 1.0
161 20 1.0
152 206 1.0
54 157 1.0
158 221 1.0
183 34 1.0
30 101 1.0
119 220 1.0
15 83 1.0
144 126 1.0
82 223 1.0
181 168 1.0
189 4 1.0
142 226 1.0
200 133 1.0
120 208 1.0
5 178 1.0
44 129 1.0
109 242 1.0
160 212 1.0
173 10 1.0
246 136 1.0
87 54 1.0
186 120 1.0
92 225 1.0
49 11 1.0
103 79 1.0
17 69 1.0
139 256 1.0
70 9 1.0
150 241 1.0
74 21 1.0
27 88 1.0
69 45 1.0
13 145 1.0
188 205 1.0
65 169 1.0
16 92 1.0
68 73 1.0
159 158 1.0
27 168 1.0
212 218 1.0
13 67 1.0
141 147 1.0
51 232 1.0
109 101 1.0
176 6 1.0
20 49 1.0
81 107 1.0
195 249 1.0
53 111 1.0
80 72 1.0
250 146 1.0
10 18 1.0
47 87 1.0
18 162 1.0
31 229 1.0
200 115 1.0
193 105 1.0
252 227 1.0
154 64 1.0
112 27 1.0
233 151 1.0
234 167 1.0
44 224 1.0
224 2 1.0
121 23 1.0
166 118 1.0
26 192 1.0
15 102 1.0
122 250 1.0
185 12 1.0
90 149 1.0
154 150 1.0
59 13 1.0
254 42 1.0
97 254 1.0
246 35 1.0
9 213 1.0
214 29 1.0
165 98 1.0
253 248 1.0
149 159 1.0
71 197 1.0
60 33 1.0
207 26 1.0
192 256 1.0
223 132 1.0
58 241 1.0
115 7 1.0
91 47 1.0
228 187 1.0
52 140 1.0
193 194 1.0
126 90 1.0
204 201 1.0
237 120 1.0
210 207 1.0
154 219 1.0
146 175 1.0
193 56 1.0
120 193 1.0
19 41 1.0
171 8 1.0
143 179 1.0
207 32 1.0
90 93 1.0
240 91 1.0
118 243 1.0
230 186 1.0
137 50 1.0
86 217 1.0
243 166 1.0
222 142 1.0
152 234 1.0
146 89 1.0
91 139 1.0
4 76 1.0
139 222 1.0
37 165 1.0
158 119 1.0
108 239 1.0
13 181 1.0
6 238 1.0
64 114 1.0
114 70 1.0
36 63 1.0
79 48 1.0
197 251 1.0
240 55 1.0
195 172 1.0
87 154 1.0
244 71 1.0
73 62 1.0
116 214 1.0
237 216 1.0
231 122 1.0
66 143 1.0
204 44 1.0
211 202 1.0
151 3 1.0
66 185 1.0
186 236 1.0
2 117 1.0
114 75 1.0
219 24 1.0
191 144 1.0
26 124 1.0
41 31 1.0
32 240 1.0
86 156 1.0
176 108 1.0
208 22 1.0
64 99 1.0
47 176 1.0
57 123 1.0
24 164 1.0
51 84 1.0
2 25 1.0
114 161 1.0
146 95 1.0
78 46 1.0
69 87 1.0
252 183 1.0
112 65 1.0
79 181 1.0
77 191 1.0
8 222 1.0
125 70 1.0
38 63 1.0
230 251 1.0
139 244 1.0
17 172 1.0
6 78 1.0
104 52 1.0
113 196 1.0
204 139 1.0
253 5 1.0
104 173 1.0
174 165 1.0
139 40 1.0
132 190 1.0
232 150 1.0
6 110 1.0
195 230 1.0
213 231 1.0
245 137 1.0
120 210 1.0
168 16 1.0
48 248 1.0
68 215 1.0
9 187 1.0
208 39 1.0
249 17 1.0
224 57 1.0
223 177 1.0
256 12 1.0
207 160 1.0
22 77 1.0
84 129 1.0
71 11 1.0
249 79 1.0
116 46 1.0
2 9 1.0
209 183 1.0
160 61 1.0
227 21 1.0
241 206 1.0
78 157 1.0
91 221 1.0
68 69 1.0
187 34 1.0
145 220 1.0
92 176 1.0
85 88 1.0
88 20 1.0
102 243 1.0
141 4 1.0
244 133 1.0
54 166 1.0
21 83 1.0
71 208 1.0
124 178 1.0
98 127 1.0
107 43 1.0
241 245 1.0
11 112 1.0
13 226 1.0
81 1 1.0
36 200 1.0
93 109 1.0
188 19 1.0
104 30 1.0
87 28 1.0
104 15 1.0
249 106 1.0
87 94 1.0
171 153 1.0
198 255 1.0
252 154 1.0
193 135 1.0
216 96 1.0
27 148 1.0
36 42 1.0
194 14 1.0
239 246 1.0
180 68 1.0
105 239 1.0
131 51 1.0
234 203 1.0
82 118 1.0
102 236 1.0
59 75 1.0
75 24 1.0
35 143 1.0
152 144 1.0
145 23 1.0
11 242 1.0
92 25 1.0
6 10 1.0
178 136 1.0
160 138 1.0
167 54 1.0
142 225 1.0
209 202 1.0
67 141 1.0
67 204 1.0
182 184 1.0
164 128 1.0
54 189 1.0
83 113 1.0
136 163 1.0
188 134 1.0
17 82 1.0
69 228 1.0
117 59 1.0
207 182 1.0
124 247 1.0
253 74 1.0
217 195 1.0
164 253 1.0
96 60 1.0
15 104 1.0
98 125 1.0
188 116 1.0
121 17 1.0
189 235 1.0
115 80 1.0
92 37 1.0
252 233 1.0
160 252 1.0
208 171 1.0
205 237 1.0
3 155 1.0
87 130 1.0
13 86 1.0
112 103 1.0
17 131 1.0
102 20 1.0
52 159 1.0
184 157 1.0
237 221 1.0
117 34 1.0
42 220 1.0
174 83 1.0
4 126 1.0
112 129 1.0
4 11 1.0
110 79 1.0
185 26 1.0
172 256 1.0
36 201 1.0
199 241 1.0
232 21 1.0
90 88 1.0
226 242 1.0
148 212 1.0
111 194 1.0
45 90 1.0
84 250 1.0
115 120 1.0
149 207 1.0
183 23 1.0
216 203 1.0
161 118 1.0
61 192 1.0
208 35 1.0
118 102 1.0
192 85 1.0
208 98 1.0
183 149 1.0
219 13 1.0
19 76 1.0
74 42 1.0
202 254 1.0
190 213 1.0
61 29 1.0
103 239 1.0
3 248 1.0
154 89 1.0
187 238 1.0
229 211 1.0
214 15 1.0
162 106 1.0
249 165 1.0
81 119 1.0
171 172 1.0
70 233 1.0
45 114 1.0
84 193 1.0
169 155 1.0
253 48 1.0
76 53 1.0
124 55 1.0
50 93 1.0
179 154 1.0
107 175 1.0
246 60 1.0
202 56 1.0
105 50 1.0
114 41 1.0
244 217 1.0
155 86 1.0
82 179 1.0
135 32 1.0
11 91 1.0
144 186 1.0
84 240 1.0
184 247 1.0
160 142 1.0
125 253 1.0
207 234 1.0
160 31 1.0
221 141 1.0
232 204 1.0
153 156 1.0
34 128 1.0
48 182 1.0
150 22 1.0
51 99 1.0
83 123 1.0
238 164 1.0
233 25 1.0
253 95 1.0
149 216 1.0
85 87 1.0
109 229 1.0
78 44 1.0
168 65 1.0
191 71 1.0
140 62 1.0
221 227 1.0
156 64 1.0
93 214 1.0
22 122 1.0
218 143 1.0
8 2 1.0
255 3 1.0
128 169 1.0
34 92 1.0
116 151 1.0
135 24 1.0
10 158 1.0
41 224 1.0
16 124 1.0
9 218 1.0
117 145 1.0
41 67 1.0
20 148 1.0
216 147 1.0
141 58 1.0
228 198 1.0
17 107 1.0
141 36 1.0
197 81 1.0
53 197 1.0
13 209 1.0
134 180 1.0
22 174 1.0
14 132 1.0
147 188 1.0
137 49 1.0
14 7 1.0
50 47 1.0
195 140 1.0
137 33 1.0
61 170 1.0
227 152 1.0
131 38 1.0
252 131 1.0
217 175 1.0
254 56 1.0
192 41 1.0
229 8 1.0
201 179 1.0
22 32 1.0
96 19 1.0
154 181 1.0
8 238 1.0
130 114 1.0
58 193 1.0
158 70 1.0
211 63 1.0
200 48 1.0
255 251 1.0
246 55 1.0
28 78 1.0
89 206 1.0
52 69 1.0
208 46 1.0
177 108 1.0
53 22 1.0
128 99 1.0
6 176 1.0
45 88 1.0
134 20 1.0
225 243 1.0
233 157 1.0
69 50 1.0
125 240 1.0
13 133 1.0
66 166 1.0
90 142 1.0
181 178 1.0
26 71 1.0
9 62 1.0
181 138 1.0
184 216 1.0
82 54 1.0
183 143 1.0
71 225 1.0
241 202 1.0
226 164 1.0
132 84 1.0
235 25 1.0
24 161 1.0
36 10 1.0
218 9 1.0
163 183 1.0
165 65 1.0
49 135 1.0
19 96 1.0
188 28 1.0
120 148 1.0
225 14 1.0
256 58 1.0
86 198 1.0
219 68 1.0
235 66 1.0
129 203 1.0
33 185 1.0
210 236 1.0
38 117 1.0
93 75 1.0
119 24 1.0
103 144 1.0
92 124 1.0
228 252 1.0
100 171 1.0
88 104 1.0
11 237 1.0
66 130 1.0
217 152 1.0
89 235 1.0
178 103 1.0
10 131 1.0
246 36 1.0
41 81 1.0
192 97 1.0
116 209 1.0
161 180 1.0
83 94 1.0
67 255 1.0
76 199 1.0
167 82 1.0
196 228 1.0
203 59 1.0
175 182 1.0
252 74 1.0
117 16 1.0
125 163 1.0
191 134 1.0
251 100 1.0
18 177 1.0
20 116 1.0
122 17 1.0
92 57 1.0
177 195 1.0
175 80 1.0
2 37 1.0
164 111 1.0
228 72 1.0
168 146 1.0
72 27 1.0
67 18 1.0
19 162 1.0
241 115 1.0
81 2 1.0
36 249 1.0
247 196 1.0
200 5 1.0
185 184 1.0
226 173 1.0
12 121 1.0
230 40 1.0
243 189 1.0
60 113 1.0
4 223 1.0
124 168 1.0
75 4 1.0
108 226 1.0
218 92 1.0
67 101 1.0
87 208 1.0
151 178 1.0
228 105 1.0
144 45 1.0
192 43 1.0
35 112 1.0
217 1 1.0
110 200 1.0
102 109 1.0
182 244 1.0
81 224 1.0
32 20 1.0
90 243 1.0
93 4 1.0
204 133 1.0
136 166 1.0
54 83 1.0
172 208 1.0
213 178 1.0
97 206 1.0
241 157 1.0
37 221 1.0
97 69 1.0
188 34 1.0
126 220 1.0
28 126 1.0
125 88 1.0
168 129 1.0
234 11 1.0
178 212 1.0
78 79 1.0
181 256 1.0
195 9 1.0
175 120 1.0
182 61 1.0
239 21 1.0
154 23 1.0
241 242 1.0
15 10 1.0
22 136 1.0
42 138 1.0
146 54 1.0
57 225 1.0
105 149 1.0
191 82 1.0
247 230 1.0
10 231 1.0
44 137 1.0
214 210 1.0
224 16 1.0
78 163 1.0
235 52 1.0
99 196 1.0
170 139 1.0
6 5 1.0
233 146 1.0
126 173 1.0
141 121 1.0
160 40 1.0
117 190 1.0
58 181 1.0
208 191 1.0
254 70 1.0
57 63 1.0
68 1 1.0
108 251 1.0
98 244 1.0
187 115 1.0
184 78 1.0
236 127 1.0
167 43 1.0
35 245 1.0
213 112 1.0
149 226 1.0
115 200 1.0
183 109 1.0
194 19 1.0
218 135 1.0
249 28 1.0
186 148 1.0
65 97 1.0
190 58 1.0
99 198 1.0
42 49 1.0
114 66 1.0
83 36 1.0
149 81 1.0
214 197 1.0
16 209 1.0
123 180 1.0
254 174 1.0
43 94 1.0
180 188 1.0
186 199 1.0
152 47 1.0
151 140 1.0
201 33 1.0
148 170 1.0
76 152 1.0
95 38 1.0
132 160 1.0
124 131 1.0
222 215 1.0
139 100 1.0
155 39 1.0
167 177 1.0
27 110 1.0
114 17 1.0
188 57 1.0
60 195 1.0
216 77 1.0
220 31 1.0
20 84 1.0
111 161 1.0
146 156 1.0
191 46 1.0
77 22 1.0
235 99 1.0
15 123 1.0
99 164 1.0
189 62 1.0
196 25 1.0
5 95 1.0
74 216 1.0
110 87 1.0
35 229 1.0
167 44 1.0
235 65 1.0
66 71 1.0
249 185 1.0
47 236 1.0
64 214 1.0
226 122 1.0
39 143 1.0
238 202 1.0
10 3 1.0
47 96 1.0
39 117 1.0
111 14 1.0
63 151 1.0
28 24 1.0
254 158 1.0
36 144 1.0
250 124 1.0
228 215 1.0
89 39 1.0
242 110 1.0
159 57 1.0
200 250 1.0
98 12 1.0
128 98 1.0
82 77 1.0
171 47 1.0
40 187 1.0
62 140 1.0
18 194 1.0
251 90 1.0
75 201 1.0
201 120 1.0
214 207 1.0
94 219 1.0
34 89 1.0
88 139 1.0
35 76 1.0
229 222 1.0
116 165 1.0
108 119 1.0
95 172 1.0
243 190 1.0
179 150 1.0
23 196 1.0
11 230 1.0
34 254 1.0
163 231 1.0
181 137 1.0
175 210 1.0
73 248 1.0
20 3 1.0
83 145 1.0
33 205 1.0
109 169 1.0
74 92 1.0
110 73 1.0
44 158 1.0
1 168 1.0
69 105 1.0
211 227 1.0
142 64 1.0
218 214 1.0
77 151 1.0
120 167 1.0
179 224 1.0
162 2 1.0
78 197 1.0
224 33 1.0
237 26 1.0
23 174 1.0
205 132 1.0
157 188 1.0
22 7 1.0
176 218 1.0
54 159 1.0
176 67 1.0
93 147 1.0
225 232 1.0
59 101 1.0
221 6 1.0
2 49 1.0
49 107 1.0
57 134 1.0
81 31 1.0
218 186 1.0
90 59 1.0
204 182 1.0
83 247 1.0
148 74 1.0
249 142 1.0
56 253 1.0
103 60 1.0
128 104 1.0
22 125 1.0
121 116 1.0
203 217 1.0
148 80 1.0
60 234 1.0
147 249 1.0
246 111 1.0
251 72 1.0
63 146 1.0
23 216 1.0
145 122 1.0
139 229 1.0
23 44 1.0
239 141 1.0
176 204 1.0
82 156 1.0
78 128 1.0
28 87 1.0
17 189 1.0
254 113 1.0
129 123 1.0
246 135 1.0
20 13 1.0
71 76 1.0
96 42 1.0
136 14 1.0
15 246 1.0
161 153 1.0
242 29 1.0
43 239 1.0
122 203 1.0
245 118 1.0
256 236 1.0
133 75 1.0
47 213 1.0
233 85 1.0
175 98 1.0
112 51 1.0
104 233 1.0
182 252 1.0
112 171 1.0
70 237 1.0
78 155 1.0
175 48 1.0
44 86 1.0
170 235 1.0
217 103 1.0
11 93 1.0
235 30 1.0
13 211 1.0
85 15 1.0
228 106 1.0
171 53 1.0
226 255 1.0
157 154 1.0
244 135 1.0
122 96 1.0
59 28 1.0
147 148 1.0
53 14 1.0
84 246 1.0
242 153 1.0
87 66 1.0
128 36 1.0
249 30 1.0
23 15 1.0
233 155 1.0
35 180 1.0
184 94 1.0
177 103 1.0
21 255 1.0
174 199 1.0
134 23 1.0
89 242 1.0
90 185 1.0
136 216 1.0
28 138 1.0
115 54 1.0
116 143 1.0
176 225 1.0
148 202 1.0
11 203 1.0
205 236 1.0
155 117 1.0
143 75 1.0
15 24 1.0
40 68 1.0
226 144 1.0
88 51 1.0
234 206 1.0
102 84 1.0
178 69 1.0
122 46 1.0
174 108 1.0
256 22 1.0
154 61 1.0
151 176 1.0
16 88 1.0
215 129 1.0
116 25 1.0
246 161 1.0
239 10 1.0
25 9 1.0
125 183 1.0
175 21 1.0
25 127 1.0
93 245 1.0
254 41 1.0
123 133 1.0
14 8 1.0
150 109 1.0
169 32 1.0
115 19 1.0
11 20 1.0
235 243 1.0
252 157 1.0
174 50 1.0
201 240 1.0
85 166 1.0
243 83 1.0
150 178 1.0
11 52 1.0
83 139 1.0
97 222 1.0
115 63 1.0
35 165 1.0
171 40 1.0
200 172 1.0
172 190 1.0
160 181 1.0
118 191 1.0
56 43 1.0
203 112 1.0
235 70 1.0
181 1 1.0
213 251 1.0
243 244 1.0
253 78 1.0
253 215 1.0
51 39 1.0
98 110 1.0
2 57 1.0
226 12 1.0
238 16 1.0
224 77 1.0
214 150 1.0
171 196 1.0
13 5 1.0
98 230 1.0
129 173 1.0
189 231 1.0
196 137 1.0
37 210 1.0
42 248 1.0
218 36 1.0
49 197 1.0
40 33 1.0
130 26 1.0
224 174 1.0
230 132 1.0
38 188 1.0
136 219 1.0
146 7 1.0
189 47 1.0
110 187 1.0
255 140 1.0
62 170 1.0
217 90 1.0
175 152 1.0
181 177 1.0
60 38 1.0
62 160 1.0
204 145 1.0
246 205 1.0
26 169 1.0
226 92 1.0
182 73 1.0
183 158 1.0
169 107 1.0
51 124 1.0
192 218 1.0
106 159 1.0
162 67 1.0
214 147 1.0
151 232 1.0
217 101 1.0
111 198 1.0
85 49 1.0
143 91 1.0
125 186 1.0
163 240 1.0
157 108 1.0
164 166 1.0
250 142 1.0
8 253 1.0
193 234 1.0
132 175 1.0
150 243 1.0
6 56 1.0
178 50 1.0
154 41 1.0
110 217 1.0
255 179 1.0
51 32 1.0
254 233 1.0
29 114 1.0
99 193 1.0
46 155 1.0
132 48 1.0
254 86 1.0
119 55 1.0
116 93 1.0
10 154 1.0
109 89 1.0
154 238 1.0
194 211 1.0
191 222 1.0
9 106 1.0
72 165 1.0
1 53 1.0
77 119 1.0
21 172 1.0
229 13 1.0
143 76 1.0
231 42 1.0
53 254 1.0
147 29 1.0
192 239 1.0
168 248 1.0
41 23 1.0
196 150 1.0
155 118 1.0
220 192 1.0
110 35 1.0
250 102 1.0
59 213 1.0
233 12 1.0
193 98 1.0
203 187 1.0
133 212 1.0
160 194 1.0
118 90 1.0
44 250 1.0
137 120 1.0
253 207 1.0
209 149 1.0
151 129 1.0
201 11 1.0
174 79 1.0
65 26 1.0
94 256 1.0
158 201 1.0
250 241 1.0
60 219 1.0
186 159 1.0
91 67 1.0
129 147 1.0
30 232 1.0
181 132 1.0
168 6 1.0
106 126 1.0
118 7 1.0
191 218 1.0
180 223 1.0
204 168 1.0
252 205 1.0
141 169 1.0
186 92 1.0
103 101 1.0
23 158 1.0
36 107 1.0
148 45 1.0
173 43 1.0
60 64 1.0
18 200 1.0
25 73 1.0
118 167 1.0
77 224 1.0
61 105 1.0
207 111 1.0
178 72 1.0
103 146 1.0
40 27 1.0
255 18 1.0
116 162 1.0
222 115 1.0
124 2 1.0
126 249 1.0
164 141 1.0
100 204 1.0
165 173 1.0
17 121 1.0
129 229 1.0
178 189 1.0
68 113 1.0
184 82 1.0
50 228 1.0
24 59 1.0
132 184 1.0
37 182 1.0
212 74 1.0
90 16 1.0
138 163 1.0
93 134 1.0
182 100 1.0
28 125 1.0
170 17 1.0
30 247 1.0
101 195 1.0
104 80 1.0
24 37 1.0
19 252 1.0
65 171 1.0
109 104 1.0
158 237 1.0
202 116 1.0
132 130 1.0
127 86 1.0
248 235 1.0
200 131 1.0
33 164 1.0
148 62 1.0
176 25 1.0
9 95 1.0
15 216 1.0
173 87 1.0
191 183 1.0
138 44 1.0
142 71 1.0
143 185 1.0
202 236 1.0
58 214 1.0
18 122 1.0
144 143 1.0
39 144 1.0
65 202 1.0
256 3 1.0
212 96 1.0
32 148 1.0
98 117 1.0
77 14 1.0
25 75 1.0
16 24 1.0
197 68 1.0
9 124 1.0
51 135 1.0
219 28 1.0
73 97 1.0
146 58 1.0
177 198 1.0
45 255 1.0
219 66 1.0
33 36 1.0
54 81 1.0
173 197 1.0
218 237 1.0
109 209 1.0
83 180 1.0
141 130 1.0
131 94 1.0
60 103 1.0
172 199 1.0
191 252 1.0
185 104 1.0
217 170 1.0
9 152 1.0
35 38 1.0
173 160 1.0
40 131 1.0
63 215 1.0
176 100 1.0
23 228 1.0
226 177 1.0
92 110 1.0
85 17 1.0
147 57 1.0
167 195 1.0
157 37 1.0
77 82 1.0
23 184 1.0
76 173 1.0
35 231 1.0
169 137 1.0
31 189 1.0
50 16 1.0
153 163 1.0
176 187 1.0
203 140 1.0
246 194 1.0
29 90 1.0
138 102 1.0
146 250 1.0
148 207 1.0
105 77 1.0
71 215 1.0
241 150 1.0
180 118 1.0
34 192 1.0
128 35 1.0
231 213 1.0
168 12 1.0
151 98 1.0
108 13 1.0
209 76 1.0
45 230 1.0
169 254 1.0
189 165 1.0
180 29 1.0
105 190 1.0
80 248 1.0
117 89 1.0
122 238 1.0
96 139 1.0
93 222 1.0
45 63 1.0
163 251 1.0
64 119 1.0
213 172 1.0
28 181 1.0
247 175 1.0
184 114 1.0
5 193 1.0
168 70 1.0
69 48 1.0
77 8 1.0
97 55 1.0
46 93 1.0
71 78 1.0
123 243 1.0
116 56 1.0
110 50 1.0
119 41 1.0
174 217 1.0
205 179 1.0
188 32 1.0
86 91 1.0
8 31 1.0
101 186 1.0
167 240 1.0
158 108 1.0
227 166 1.0
138 142 1.0
242 176 1.0
182 234 1.0
115 84 1.0
248 161 1.0
232 156 1.0
190 46 1.0
55 22 1.0
246 99 1.0
116 65 1.0
34 123 1.0
91 238 1.0
16 211 1.0
240 15 1.0
125 155 1.0
195 106 1.0
189 53 1.0
23 172 1.0
115 154 1.0
60 89 1.0
11 13 1.0
140 76 1.0
99 42 1.0
141 254 1.0
34 246 1.0
46 153 1.0
154 29 1.0
253 239 1.0
132 60 1.0
96 56 1.0
166 125 1.0
3 41 1.0
202 217 1.0
221 247 1.0
63 80 1.0
199 234 1.0
73 233 1.0
228 175 1.0
256 171 1.0
130 237 1.0
245 48 1.0
220 86 1.0
108 235 1.0
223 55 1.0
61 93 1.0
254 249 1.0
53 141 1.0
50 204 1.0
149 156 1.0
236 128 1.0
49 87 1.0
196 99 1.0
30 65 1.0
212 123 1.0
218 91 1.0
202 31 1.0
114 186 1.0
31 240 1.0
102 182 1.0
136 74 1.0
248 142 1.0
241 253 1.0
181 71 1.0
163 3 1.0
83 227 1.0
79 64 1.0
211 214 1.0
24 151 1.0
102 167 1.0
193 224 1.0
95 2 1.0
81 62 1.0
201 72 1.0
25 95 1.0
114 216 1.0
241 122 1.0
158 229 1.0
118 44 1.0
134 105 1.0
155 191 1.0
171 27 1.0
218 18 1.0
165 1 1.0
186 162 1.0
226 244 1.0
149 115 1.0
71 2 1.0
116 52 1.0
147 196 1.0
36 72 1.0
155 5 1.0
145 146 1.0
32 121 1.0
76 40 1.0
181 113 1.0
222 20 1.0
13 223 1.0
193 157 1.0
54 4 1.0
216 133 1.0
145 101 1.0
69 83 1.0
117 208 1.0
64 178 1.0
175 45 1.0
148 43 1.0
206 168 1.0
117 112 1.0
110 226 1.0
220 200 1.0
205 109 1.0
91 224 1.0
83 129 1.0
103 11 1.0
6 212 1.0
94 79 1.0
123 256 1.0
180 9 1.0
239 120 1.0
84 241 1.0
10 21 1.0
63 206 1.0
73 221 1.0
71 26 1.0
177 34 1.0
122 220 1.0
68 126 1.0
87 88 1.0
57 203 1.0
198 118 1.0
245 192 1.0
65 35 1.0
51 213 1.0
88 98 1.0
92 51 1.0
241 23 1.0
76 242 1.0
215 194 1.0
182 136 1.0
89 102 1.0
105 250 1.0
149 85 1.0
100 207 1.0
208 149 1.0
193 47 1.0
1 187 1.0
94 140 1.0
228 177 1.0
142 170 1.0
81 17 1.0
250 38 1.0
6 160 1.0
40 215 1.0
183 39 1.0
148 110 1.0
50 231 1.0
49 57 1.0
135 195 1.0
199 16 1.0
5 77 1.0
35 218 1.0
39 81 1.0
86 67 1.0
1 147 1.0
164 180 1.0
124 58 1.0
20 94 1.0
199 198 1.0
162 49 1.0
123 36 1.0
205 197 1.0
204 33 1.0
28 209 1.0
194 174 1.0
172 152 1.0
58 188 1.0
96 131 1.0
1 7 1.0
240 181 1.0
255 43 1.0
199 112 1.0
41 70 1.0
123 1 1.0
121 251 1.0
239 244 1.0
24 78 1.0
103 127 1.0
152 243 1.0
76 245 1.0
245 226 1.0
83 133 1.0
212 200 1.0
32 109 1.0
223 208 1.0
220 19 1.0
254 150 1.0
176 196 1.0
44 5 1.0
132 230 1.0
202 173 1.0
149 137 1.0
54 210 1.0
134 163 1.0
113 52 1.0
219 191 1.0
237 139 1.0
108 222 1.0
205 63 1.0
3 121 1.0
199 40 1.0
3 115 1.0
76 190 1.0
224 91 1.0
180 60 1.0
253 56 1.0
82 50 1.0
140 41 1.0
142 217 1.0
48 247 1.0
96 32 1.0
195 234 1.0
167 31 1.0
143 186 1.0
228 240 1.0
82 108 1.0
11 22 1.0
195 142 1.0
222 253 1.0
179 123 1.0
121 233 1.0
141 238 1.0
205 211 1.0
130 15 1.0
101 155 1.0
95 106 1.0
10 53 1.0
104 172 1.0
50 154 1.0
208 175 1.0
2 114 1.0
245 193 1.0
61 48 1.0
200 86 1.0
96 179 1.0
239 55 1.0
161 93 1.0
196 71 1.0
183 3 1.0
101 227 1.0
182 64 1.0
160 214 1.0
102 151 1.0
171 24 1.0
203 143 1.0
57 224 1.0
108 145 1.0
175 148 1.0
130 169 1.0
1 92 1.0
138 158 1.0
89 66 1.0
85 124 1.0
21 164 1.0
42 141 1.0
14 204 1.0
73 156 1.0
91 46 1.0
24 87 1.0
253 99 1.0
167 65 1.0
66 62 1.0
20 25 1.0
207 95 1.0
19 216 1.0
112 122 1.0
59 229 1.0
98 44 1.0
108 2 1.0
15 105 1.0
161 111 1.0
26 146 1.0
152 27 1.0
101 18 1.0
1 162 1.0
232 115 1.0
195 2 1.0
235 249 1.0
168 141 1.0
40 72 1.0
56 204 1.0
203 128 1.0
206 87 1.0
243 229 1.0
221 189 1.0
125 113 1.0
52 31 1.0
57 228 1.0
69 59 1.0
256 184 1.0
179 182 1.0
188 74 1.0
60 253 1.0
48 163 1.0
53 134 1.0
219 60 1.0
44 125 1.0
182 17 1.0
225 247 1.0
46 195 1.0
241 80 1.0
135 234 1.0
81 47 1.0
252 197 1.0
149 33 1.0
40 26 1.0
95 256 1.0
116 201 1.0
184 120 1.0
256 241 1.0
160 219 1.0
255 159 1.0
212 67 1.0
140 147 1.0
113 232 1.0
93 132 1.0
13 49 1.0
142 7 1.0
2 218 1.0
211 145 1.0
153 205 1.0
80 169 1.0
198 92 1.0
54 101 1.0
68 6 1.0
186 158 1.0
123 107 1.0
232 45 1.0
81 227 1.0
176 64 1.0
252 151 1.0
85 73 1.0
126 167 1.0
198 224 1.0
8 168 1.0
185 23 1.0
199 242 1.0
11 118 1.0
8 236 1.0
44 136 1.0
22 138 1.0
177 54 1.0
34 143 1.0
200 202 1.0
185 129 1.0
89 212 1.0
159 79 1.0
125 10 1.0
126 9 1.0
17 183 1.0
79 225 1.0
124 21 1.0
153 206 1.0
187 11 1.0
120 69 1.0
57 46 1.0
72 34 1.0
72 220 1.0
54 61 1.0
220 88 1.0
65 20 1.0
131 157 1.0
157 4 1.0
43 221 1.0
64 166 1.0
55 83 1.0
20 126 1.0
83 178 1.0
148 252 1.0
38 171 1.0
121 104 1.0
240 237 1.0
148 116 1.0
163 86 1.0
22 235 1.0
134 93 1.0
31 233 1.0
202 30 1.0
60 155 1.0
238 106 1.0
46 130 1.0
48 94 1.0
26 103 1.0
74 255 1.0
191 154 1.0
146 135 1.0
256 96 1.0
14 28 1.0
121 148 1.0
149 15 1.0
26 14 1.0
12 246 1.0
255 153 1.0
31 239 1.0
224 203 1.0
135 42 1.0
57 75 1.0
254 24 1.0
23 29 1.0
128 144 1.0
235 51 1.0
146 159 1.0
167 67 1.0
40 147 1.0
58 26 1.0
103 232 1.0
237 132 1.0
113 49 1.0
50 7 1.0
183 218 1.0
179 145 1.0
146 205 1.0
79 92 1.0
41 101 1.0
231 6 1.0
188 158 1.0
195 107 1.0
163 215 1.0
4 187 1.0
228 140 1.0
71 170 1.0
117 90 1.0
228 57 1.0
90 250 1.0
151 207 1.0
145 77 1.0
77 47 1.0
234 197 1.0
225 33 1.0
56 174 1.0
63 201 1.0
256 120 1.0
65 188 1.0
59 219 1.0
26 249 1.0
49 141 1.0
236 72 1.0
210 204 1.0
255 128 1.0
124 87 1.0
107 229 1.0
71 65 1.0
227 31 1.0
174 59 1.0
186 156 1.0
236 182 1.0
147 74 1.0
218 99 1.0
239 253 1.0
111 123 1.0
238 3 1.0
234 227 1.0
73 64 1.0
54 169 1.0
66 151 1.0
10 73 1.0
251 224 1.0
203 124 1.0
57 105 1.0
105 62 1.0
3 95 1.0
238 214 1.0
206 216 1.0
227 122 1.0
161 167 1.0
175 44 1.0
125 2 1.0
47 20 1.0
145 206 1.0
215 157 1.0
64 240 1.0
236 108 1.0
224 166 1.0
48 142 1.0
204 176 1.0
103 243 1.0
3 245 1.0
201 50 1.0
166 41 1.0
197 133 1.0
34 179 1.0
53 32 1.0
135 178 1.0
214 164 1.0
63 62 1.0
205 25 1.0
47 10 1.0
9 216 1.0
30 9 1.0
197 54 1.0
113 183 1.0
150 225 1.0
50 84 1.0
79 161 1.0
31 69 1.0
143 46 1.0
148 22 1.0
191 61 1.0
1 65 1.0
211 88 1.0
23 52 1.0
45 196 1.0
174 76 1.0
118 230 1.0
128 254 1.0
102 165 1.0
157 210 1.0
39 190 1.0
161 248 1.0
122 150 1.0
227 39 1.0
248 110 1.0
234 231 1.0
252 137 1.0
142 12 1.0
181 16 1.0
239 181 1.0
206 127 1.0
71 43 1.0
133 193 1.0
167 70 1.0
106 48 1.0
110 8 1.0
34 55 1.0
202 19 1.0
105 191 1.0
78 139 1.0
177 222 1.0
77 63 1.0
99 251 1.0
128 119 1.0
226 172 1.0
88 78 1.0
154 252 1.0
61 104 1.0
243 116 1.0
5 17 1.0
1 152 1.0
62 235 1.0
96 80 1.0
230 131 1.0
118 134 1.0
10 100 1.0
158 228 1.0
175 125 1.0
72 59 1.0
215 247 1.0
240 195 1.0
176 37 1.0
22 82 1.0
63 196 1.0
93 184 1.0
209 173 1.0
141 182 1.0
191 74 1.0
84 189 1.0
214 16 1.0
221 163 1.0
81 249 1.0
124 72 1.0
130 5 1.0
93 146 1.0
57 121 1.0
180 40 1.0
234 113 1.0
173 71 1.0
117 185 1.0
12 236 1.0
31 138 1.0
137 143 1.0
213 144 1.0
153 202 1.0
238 203 1.0
55 96 1.0
94 148 1.0
250 117 1.0
188 14 1.0
225 75 1.0
54 24 1.0
115 68 1.0
206 51 1.0
160 135 1.0
109 28 1.0
209 97 1.0
42 180 1.0
82 246 1.0
14 198 1.0
149 255 1.0
64 66 1.0
35 36 1.0
182 81 1.0
168 171 1.0
245 237 1.0
102 209 1.0
49 130 1.0
76 94 1.0
207 103 1.0
192 199 1.0
59 129 1.0
112 11 1.0
27 212 1.0
155 79 1.0
228 194 1.0
189 256 1.0
175 201 1.0
244 120 1.0
47 219 1.0
137 23 1.0
92 242 1.0
31 90 1.0
44 102 1.0
56 250 1.0
26 85 1.0
21 207 1.0
147 149 1.0
218 150 1.0
15 118 1.0
153 192 1.0
161 42 1.0
38 35 1.0
83 213 1.0
198 98 1.0
60 248 1.0
103 89 1.0
160 13 1.0
115 76 1.0
158 254 1.0
82 165 1.0
187 119 1.0
38 29 1.0
73 239 1.0
78 105 1.0
171 111 1.0
41 43 1.0
149 27 1.0
168 18 1.0
167 162 1.0
48 244 1.0
229 115 1.0
39 2 1.0
189 45 1.0
49 168 1.0
133 112 1.0
91 169 1.0
138 200 1.0
92 109 1.0
136 208 1.0
185 224 1.0
174 20 1.0
57 223 1.0
121 157 1.0
233 205 1.0
252 92 1.0
107 101 1.0
252 6 1.0
216 178 1.0
150 159 1.0
92 221 1.0
212 26 1.0
130 34 1.0
69 220 1.0
183 241 1.0
194 126 1.0
47 7 1.0
3 181 1.0
44 238 1.0
186 222 1.0
191 70 1.0
92 106 1.0
191 251 1.0
68 172 1.0
27 154 1.0
237 89 1.0
76 13 1.0
151 211 1.0
235 76 1.0
204 254 1.0
168 165 1.0
225 119 1.0
209 29 1.0
87 239 1.0
51 150 1.0
138 118 1.0
170 192 1.0
17 42 1.0
155 35 1.0
246 213 1.0
69 98 1.0
239 248 1.0
247 23 1.0
227 187 1.0
253 90 1.0
79 102 1.0
153 250 1.0
223 12 1.0
158 207 1.0
18 149 1.0
174 129 1.0
216 11 1.0
130 212 1.0
238 33 1.0
119 194 1.0
53 201 1.0
132 120 1.0
51 219 1.0
56 159 1.0
16 26 1.0
157 232 1.0
237 256 1.0
187 132 1.0
41 241 1.0
173 126 1.0
123 7 1.0
67 218 1.0
129 145 1.0
100 67 1.0
208 205 1.0
243 147 1.0
21 92 1.0
40 101 1.0
65 6 1.0
164 107 1.0
147 45 1.0
156 168 1.0
104 169 1.0
46 200 1.0
224 73 1.0
3 158 1.0
190 224 1.0
223 135 1.0
195 81 1.0
191 28 1.0
253 97 1.0
172 180 1.0
154 94 1.0
83 198 1.0
58 49 1.0
31 96 1.0
234 148 1.0
7 117 1.0
196 14 1.0
153 58 1.0
3 68 1.0
104 66 1.0
194 124 1.0
32 71 1.0
230 3 1.0
199 185 1.0
84 236 1.0
218 75 1.0
239 24 1.0
199 143 1.0
249 144 1.0
119 62 1.0
139 25 1.0
192 95 1.0
240 214 1.0
76 216 1.0
9 122 1.0
251 44 1.0
39 202 1.0
229 164 1.0
211 84 1.0
196 161 1.0
165 156 1.0
163 46 1.0
169 87 1.0
134 183 1.0
162 99 1.0
177 65 1.0
64 31 1.0
222 186 1.0
149 240 1.0
77 108 1.0
126 22 1.0
36 176 1.0
69 123 1.0
120 91 1.0
196 243 1.0
188 50 1.0
113 41 1.0
70 217 1.0
31 166 1.0
236 142 1.0
65 32 1.0
246 234 1.0
112 175 1.0
74 114 1.0
24 56 1.0
119 193 1.0
205 48 1.0
243 8 1.0
208 179 1.0
64 55 1.0
58 93 1.0
200 127 1.0
134 223 1.0
128 245 1.0
44 4 1.0
103 226 1.0
95 133 1.0
189 200 1.0
179 109 1.0
167 208 1.0
229 20 1.0
119 157 1.0
19 221 1.0
23 101 1.0
33 83 1.0
190 126 1.0
50 178 1.0
50 52 1.0
22 191 1.0
57 139 1.0
52 146 1.0
86 63 1.0
113 121 1.0
109 40 1.0
185 115 1.0
232 181 1.0
235 43 1.0
54 112 1.0
31 27 1.0
213 1 1.0
135 162 1.0
6 244 1.0
70 19 1.0
58 78 1.0
42 215 1.0
185 82 1.0
151 39 1.0
75 110 1.0
169 231 1.0
183 57 1.0
245 195 1.0
167 16 1.0
150 37 1.0
74 196 1.0
251 5 1.0
108 230 1.0
244 173 1.0
40 137 1.0
92 210 1.0
34 190 1.0
44 163 1.0
220 36 1.0
130 47 1.0
86 197 1.0
254 33 1.0
61 209 1.0
181 130 1.0
169 152 1.0
127 103 1.0
225 131 1.0
245 199 1.0
113 100 1.0
181 104 1.0
112 177 1.0
147 170 1.0
211 17 1.0
209 38 1.0
237 160 1.0
105 175 1.0
175 56 1.0
34 237 1.0
17 116 1.0
241 86 1.0
27 235 1.0
185 93 1.0
232 134 1.0
183 60 1.0
238 186 1.0
112 125 1.0
141 217 1.0
251 247 1.0
196 142 1.0
170 80 1.0
118 234 1.0
71 89 1.0
45 13 1.0
227 211 1.0
127 76 1.0
94 15 1.0
70 246 1.0
102 153 1.0
139 239 1.0
66 233 1.0
221 30 1.0
42 171 1.0
225 155 1.0
104 106 1.0
242 48 1.0
157 53 1.0
91 55 1.0
58 255 1.0
149 154 1.0
98 23 1.0
153 242 1.0
19 118 1.0
175 192 1.0
63 138 1.0
247 54 1.0
31 85 1.0
96 149 1.0
33 203 1.0
248 42 1.0
47 254 1.0
129 35 1.0
60 213 1.0
141 29 1.0
206 98 1.0
214 51 1.0
27 206 1.0
131 11 1.0
99 79 1.0
214 69 1.0
40 34 1.0
96 256 1.0
103 220 1.0
1 61 1.0
170 88 1.0
78 129 1.0
144 212 1.0
151 10 1.0
70 136 1.0
59 9 1.0
11 120 1.0
151 225 1.0
126 21 1.0
119 23 1.0
137 118 1.0
21 192 1.0
60 102 1.0
31 250 1.0
109 85 1.0
99 149 1.0
132 129 1.0
10 242 1.0
73 212 1.0
127 194 1.0
233 90 1.0
173 9 1.0
16 120 1.0
211 207 1.0
151 21 1.0
28 89 1.0
167 211 1.0
199 76 1.0
184 15 1.0
105 165 1.0
249 119 1.0
100 172 1.0
207 239 1.0
63 203 1.0
104 13 1.0
167 42 1.0
39 254 1.0
172 35 1.0
66 213 1.0
65 29 1.0
190 98 1.0
52 248 1.0
124 175 1.0
168 56 1.0
60 193 1.0
145 41 1.0
117 86 1.0
215 179 1.0
46 80 1.0
122 93 1.0
230 233 1.0
203 238 1.0
134 114 1.0
146 155 1.0
24 106 1.0
239 48 1.0
220 53 1.0
227 55 1.0
143 154 1.0
255 31 1.0
223 240 1.0
210 156 1.0
232 182 1.0
71 22 1.0
140 99 1.0
6 253 1.0
21 123 1.0
187 91 1.0
169 60 1.0
140 186 1.0
106 125 1.0
144 217 1.0
10 247 1.0
93 142 1.0
253 234 1.0
206 71 1.0
186 62 1.0
2 214 1.0
248 216 1.0
213 122 1.0
182 167 1.0
51 44 1.0
138 2 1.0
3 164 1.0
76 141 1.0
108 72 1.0
147 204 1.0
2 95 1.0
70 128 1.0
210 87 1.0
85 229 1.0
60 65 1.0
138 218 1.0
221 145 1.0
233 148 1.0
166 92 1.0
175 58 1.0
13 198 1.0
162 158 1.0
201 107 1.0
21 3 1.0
251 227 1.0
192 64 1.0
86 169 1.0
161 151 1.0
130 73 1.0
194 224 1.0
202 124 1.0
73 47 1.0
229 197 1.0
24 33 1.0
80 174 1.0
145 152 1.0
140 38 1.0
192 188 1.0
249 131 1.0
62 36 1.0
30 81 1.0
59 67 1.0
182 147 1.0
127 209 1.0
90 232 1.0
63 132 1.0
120 49 1.0
214 7 1.0
58 150 1.0
234 39 1.0
99 110 1.0
179 231 1.0
67 137 1.0
216 12 1.0
118 16 1.0
247 248 1.0
80 215 1.0
57 187 1.0
241 140 1.0
37 170 1.0
174 90 1.0
65 57 1.0
45 177 1.0
7 160 1.0
195 77 1.0
72 52 1.0
25 196 1.0
219 5 1.0
244 230 1.0
67 173 1.0
217 165 1.0
172 210 1.0
179 190 1.0
168 191 1.0
132 139 1.0
209 222 1.0
244 63 1.0
222 251 1.0
157 40 1.0
216 172 1.0
29 78 1.0
220 181 1.0
199 127 1.0
154 43 1.0
13 112 1.0
251 70 1.0
20 1 1.0
174 8 1.0
118 109 1.0
228 244 1.0
189 19 1.0
193 243 1.0
115 245 1.0
96 4 1.0
175 226 1.0
126 133 1.0
128 32 1.0
227 178 1.0
25 20 1.0
19 206 1.0
187 157 1.0
254 240 1.0
81 34 1.0
74 166 1.0
249 220 1.0
202 83 1.0
18 176 1.0
254 84 1.0
18 161 1.0
49 69 1.0
221 46 1.0
88 9 1.0
16 61 1.0
196 21 1.0
158 88 1.0
238 129 1.0
191 242 1.0
182 25 1.0
68 10 1.0
238 136 1.0
188 54 1.0
221 183 1.0
189 225 1.0
45 23 1.0
48 185 1.0
27 236 1.0
4 75 1.0
253 138 1.0
201 143 1.0
121 144 1.0
116 202 1.0
163 203 1.0
209 96 1.0
42 148 1.0
34 117 1.0
97 14 1.0
121 24 1.0
237 68 1.0
113 51 1.0
220 135 1.0
100 30 1.0
184 28 1.0
127 15 1.0
23 106 1.0
123 246 1.0
223 153 1.0
142 255 1.0
46 66 1.0
134 233 1.0
172 171 1.0
50 237 1.0
252 155 1.0
247 130 1.0
155 94 1.0
79 103 1.0
23 154 1.0
44 252 1.0
31 60 1.0
251 104 1.0
80 116 1.0
58 17 1.0
111 86 1.0
19 235 1.0
219 80 1.0
106 131 1.0
80 134 1.0
10 228 1.0
154 125 1.0
110 59 1.0
114 247 1.0
8 195 1.0
91 253 1.0
209 37 1.0
152 82 1.0
82 141 1.0
151 184 1.0
256 173 1.0
144 182 1.0
190 74 1.0
85 189 1.0
231 163 1.0
61 249 1.0
126 72 1.0
228 204 1.0
183 146 1.0
20 87 1.0
3 229 1.0
138 115 1.0
85 113 1.0
204 105 1.0
109 111 1.0
215 227 1.0
72 64 1.0
220 27 1.0
177 18 1.0
102 162 1.0
77 167 1.0
107 2 1.0
221 134 1.0
216 228 1.0
180 59 1.0
210 247 1.0
1 195 1.0
39 253 1.0
203 234 1.0
146 252 1.0
32 60 1.0
216 104 1.0
179 125 1.0
166 116 1.0
256 17 1.0
176 86 1.0
237 235 1.0
54 80 1.0
39 233 1.0
122 171 1.0
69 237 1.0
163 155 1.0
1 130 1.0
3 53 1.0
9 103 1.0
31 93 1.0
227 154 1.0
70 135 1.0
99 30 1.0
238 211 1.0
158 15 1.0
118 106 1.0
250 246 1.0
132 153 1.0
4 255 1.0
48 45 1.0
61 169 1.0
179 92 1.0
67 151 1.0
50 73 1.0
149 158 1.0
40 224 1.0
136 168 1.0
41 105 1.0
42 111 1.0
96 227 1.0
189 64 1.0
48 27 1.0
30 122 1.0
12 167 1.0
109 2 1.0
251 249 1.0
24 72 1.0
75 146 1.0
180 18 1.0
118 87 1.0
13 229 1.0
92 115 1.0
169 113 1.0
206 31 1.0
107 141 1.0
219 204 1.0
135 156 1.0
145 128 1.0
50 182 1.0
109 74 1.0
231 189 1.0
71 123 1.0
203 215 1.0
241 187 1.0
256 118 1.0
235 90 1.0
52 57 1.0
138 250 1.0
66 12 1.0
97 207 1.0
252 77 1.0
223 47 1.0
238 140 1.0
65 33 1.0
182 194 1.0
9 201 1.0
247 120 1.0
119 219 1.0
241 159 1.0
56 197 1.0
53 26 1.0
176 232 1.0
92 256 1.0
12 132 1.0
223 188 1.0
139 49 1.0
137 7 1.0
19 218 1.0
32 145 1.0
124 67 1.0
5 205 1.0
163 147 1.0
112 101 1.0
205 6 1.0
190 107 1.0
182 175 1.0
86 114 1.0
8 56 1.0
170 193 1.0
122 41 1.0
101 48 1.0
61 8 1.0
97 179 1.0
127 19 1.0
51 181 1.0
226 238 1.0
143 222 1.0
113 70 1.0
141 63 1.0
2 251 1.0
102 55 1.0
76 172 1.0
197 78 1.0
35 89 1.0
181 196 1.0
248 139 1.0
201 76 1.0
102 254 1.0
54 165 1.0
194 119 1.0
203 190 1.0
229 150 1.0
128 192 1.0
111 230 1.0
252 231 1.0
174 213 1.0
46 29 1.0
216 98 1.0
55 248 1.0
10 164 1.0
38 84 1.0
241 161 1.0
19 46 1.0
233 9 1.0
39 183 1.0
180 99 1.0
247 65 1.0
76 71 1.0
26 62 1.0
143 25 1.0
217 95 1.0
174 214 1.0
169 216 1.0
134 54 1.0
217 44 1.0
44 202 1.0
181 20 1.0
131 243 1.0
116 50 1.0
215 133 1.0
88 166 1.0
231 142 1.0
38 32 1.0
217 234 1.0
91 206 1.0
86 186 1.0
73 240 1.0
36 69 1.0
235 108 1.0
179 22 1.0
158 176 1.0
218 88 1.0
97 81 1.0
44 28 1.0
50 97 1.0
22 180 1.0
99 94 1.0
102 198 1.0
114 255 1.0
250 199 1.0
184 36 1.0
141 252 1.0
71 171 1.0
111 237 1.0
112 209 1.0
56 130 1.0
75 152 1.0
139 103 1.0
236 131 1.0
20 203 1.0
198 185 1.0
126 236 1.0
154 75 1.0
55 24 1.0
158 143 1.0
202 144 1.0
21 135 1.0
154 96 1.0
6 148 1.0
32 117 1.0
176 14 1.0
63 58 1.0
199 68 1.0
103 66 1.0
34 124 1.0
184 196 1.0
138 5 1.0
45 184 1.0
240 173 1.0
62 189 1.0
45 113 1.0
120 163 1.0
232 52 1.0
134 111 1.0
89 72 1.0
28 146 1.0
13 18 1.0
241 121 1.0
219 162 1.0
95 40 1.0
98 115 1.0
189 100 1.0
212 104 1.0
246 177 1.0
130 170 1.0
220 17 1.0
71 235 1.0
105 80 1.0
104 37 1.0
252 134 1.0
126 82 1.0
191 228 1.0
249 59 1.0
134 182 1.0
70 57 1.0
133 137 1.0
122 195 1.0
204 16 1.0
69 20 1.0
15 157 1.0
162 221 1.0
194 34 1.0
114 101 1.0
180 83 1.0
132 126 1.0
70 178 1.0
215 159 1.0
83 11 1.0
112 79 1.0
82 26 1.0
234 256 1.0
59 220 1.0
51 241 1.0
8 88 1.0
171 105 1.0
112 43 1.0
200 112 1.0
186 27 1.0
106 1 1.0
161 200 1.0
87 244 1.0
150 224 1.0
218 2 1.0
186 45 1.0
66 223 1.0
11 168 1.0
10 4 1.0
247 226 1.0
254 133 1.0
70 109 1.0
70 208 1.0
106 164 1.0
226 84 1.0
221 25 1.0
170 161 1.0
109 46 1.0
118 9 1.0
198 183 1.0
104 61 1.0
129 21 1.0
245 206 1.0
249 157 1.0
169 240 1.0
7 69 1.0
95 108 1.0
152 22 1.0
209 176 1.0
66 88 1.0
196 203 1.0
34 185 1.0
73 236 1.0
208 75 1.0
148 24 1.0
237 143 1.0
192 144 1.0
124 51 1.0
71 23 1.0
174 62 1.0
39 10 1.0
141 138 1.0
151 216 1.0
98 54 1.0
239 225 1.0
22 202 1.0
48 81 1.0
50 28 1.0
17 97 1.0
247 180 1.0
240 94 1.0
239 255 1.0
9 199 1.0
99 135 1.0
137 96 1.0
50 148 1.0
236 117 1.0
83 14 1.0
191 246 1.0
81 153 1.0
244 68 1.0
155 66 1.0
58 100 1.0
153 104 1.0
39 125 1.0
118 116 1.0
15 17 1.0
11 80 1.0
244 37 1.0
90 36 1.0
234 252 1.0
202 171 1.0
126 237 1.0
136 209 1.0
241 130 1.0
52 86 1.0
141 235 1.0
235 103 1.0
165 131 1.0
66 47 1.0
178 140 1.0
99 33 1.0
3 170 1.0
130 201 1.0
81 38 1.0
256 207 1.0
201 219 1.0
200 159 1.0
19 197 1.0
216 26 1.0
122 232 1.0
107 174 1.0
95 132 1.0
85 188 1.0
59 7 1.0
59 150 1.0
239 230 1.0
115 231 1.0
159 137 1.0
212 210 1.0
159 16 1.0
110 248 1.0
113 215 1.0
112 187 1.0
25 39 1.0
65 110 1.0
75 90 1.0
248 57 1.0
130 250 1.0
110 12 1.0
149 77 1.0
172 181 1.0
62 191 1.0
40 70 1.0
219 63 1.0
46 48 1.0
38 251 1.0
82 244 1.0
27 172 1.0
77 78 1.0
145 52 1.0
145 196 1.0
32 139 1.0
218 5 1.0
240 222 1.0
181 173 1.0
152 165 1.0
175 40 1.0
178 190 1.0
242 20 1.0
229 243 1.0
173 50 1.0
168 133 1.0
16 166 1.0
89 83 1.0
222 32 1.0
45 178 1.0
11 127 1.0
243 43 1.0
96 245 1.0
256 193 1.0
106 41 1.0
90 8 1.0
52 109 1.0
21 19 1.0
188 233 1.0
34 171 1.0
254 237 1.0
40 155 1.0
72 48 1.0
38 86 1.0
47 55 1.0
154 93 1.0
126 154 1.0
96 175 1.0
179 60 1.0
111 56 1.0
95 125 1.0
249 41 1.0
157 217 1.0
87 235 1.0
121 80 1.0
254 134 1.0
11 186 1.0
129 240 1.0
155 182 1.0
5 247 1.0
25 142 1.0
210 253 1.0
56 234 1.0
199 31 1.0
167 141 1.0
73 204 1.0
168 156 1.0
109 128 1.0
101 74 1.0
243 99 1.0
100 123 1.0
86 249 1.0
203 62 1.0
230 72 1.0
171 95 1.0
141 216 1.0
21 87 1.0
144 229 1.0
96 44 1.0
150 65 1.0
48 105 1.0
241 227 1.0
125 64 1.0
84 214 1.0
158 122 1.0
170 167 1.0
240 2 1.0
141 3 1.0
4 145 1.0
95 169 1.0
116 92 1.0
153 151 1.0
214 73 1.0
6 158 1.0
204 224 1.0
28 124 1.0
204 218 1.0
22 67 1.0
156 205 1.0
10 147 1.0
216 101 1.0
252 198 1.0
172 49 1.0
74 107 1.0
233 45 1.0
122 43 1.0
222 112 1.0
70 1 1.0
73 200 1.0
162 109 1.0
132 244 1.0
63 19 1.0
79 20 1.0
81 223 1.0
175 168 1.0
85 4 1.0
40 226 1.0
231 133 1.0
242 101 1.0
112 208 1.0
204 178 1.0
8 206 1.0
250 157 1.0
188 221 1.0
24 34 1.0
40 220 1.0
10 83 1.0
98 126 1.0
138 88 1.0
207 129 1.0
158 11 1.0
244 79 1.0
217 69 1.0
25 256 1.0
182 9 1.0
206 241 1.0
148 21 1.0
73 242 1.0
158 212 1.0
181 194 1.0
9 136 1.0
128 54 1.0
25 120 1.0
48 225 1.0
199 149 1.0
115 23 1.0
226 203 1.0
241 118 1.0
196 192 1.0
67 35 1.0
23 102 1.0
212 213 1.0
211 85 1.0
118 98 1.0
100 13 1.0
111 76 1.0
219 42 1.0
81 254 1.0
140 29 1.0
65 239 1.0
86 51 1.0
242 89 1.0
180 30 1.0
234 211 1.0
50 15 1.0
65 106 1.0
87 246 1.0
19 53 1.0
18 153 1.0
108 255 1.0
126 20 1.0
204 206 1.0
32 157 1.0
245 221 1.0
61 34 1.0
21 220 1.0
109 83 1.0
196 126 1.0
216 243 1.0
101 245 1.0
239 4 1.0
78 226 1.0
54 133 1.0
230 166 1.0
219 208 1.0
183 178 1.0
117 181 1.0
50 127 1.0
158 43 1.0
207 112 1.0
113 1 1.0
49 200 1.0
142 109 1.0
65 244 1.0
97 19 1.0
98 191 1.0
97 139 1.0
92 222 1.0
121 70 1.0
194 63 1.0
75 251 1.0
62 115 1.0
76 78 1.0
23 13 1.0
217 148 1.0
252 42 1.0
35 14 1.0
134 213 1.0
47 29 1.0
141 239 1.0
250 51 1.0
168 23 1.0
22 203 1.0
211 118 1.0
106 236 1.0
108 75 1.0
110 138 1.0
256 143 1.0
218 98 1.0
48 202 1.0
239 242 1.0
227 212 1.0
221 10 1.0
179 136 1.0
76 54 1.0
23 120 1.0
116 225 1.0
28 129 1.0
88 11 1.0
39 79 1.0
125 69 1.0
217 46 1.0
158 9 1.0
146 61 1.0
154 21 1.0
54 88 1.0
68 36 1.0
7 81 1.0
3 97 1.0
19 209 1.0
118 180 1.0
82 94 1.0
116 49 1.0
187 199 1.0
91 135 1.0
215 96 1.0
105 28 1.0
84 148 1.0
82 14 1.0
202 58 1.0
207 198 1.0
133 158 1.0
81 66 1.0
125 3 1.0
90 227 1.0
18 64 1.0
150 117 1.0
86 151 1.0
228 24 1.0
90 224 1.0
24 124 1.0
88 71 1.0
253 62 1.0
244 214 1.0
83 216 1.0
116 122 1.0
100 143 1.0
68 44 1.0
91 202 1.0
40 52 1.0
80 196 1.0
55 5 1.0
41 230 1.0
19 173 1.0
31 121 1.0
49 40 1.0
69 210 1.0
64 190 1.0
105 82 1.0
192 39 1.0
147 110 1.0
110 231 1.0
16 137 1.0
219 16 1.0
206 163 1.0
237 215 1.0
43 100 1.0
160 177 1.0
74 170 1.0
60 17 1.0
189 57 1.0
238 195 1.0
22 160 1.0
184 77 1.0
214 47 1.0
41 197 1.0
97 140 1.0
155 33 1.0
17 174 1.0
167 152 1.0
79 38 1.0
8 188 1.0
28 131 1.0
120 89 1.0
240 211 1.0
241 76 1.0
150 222 1.0
187 165 1.0
123 119 1.0
37 172 1.0
193 239 1.0
18 233 1.0
139 238 1.0
93 114 1.0
219 193 1.0
34 155 1.0
214 106 1.0
183 48 1.0
232 53 1.0
189 55 1.0
193 154 1.0
112 23 1.0
42 118 1.0
109 192 1.0
195 102 1.0
224 250 1.0
231 85 1.0
5 98 1.0
170 149 1.0
191 150 1.0
61 13 1.0
116 42 1.0
6 254 1.0
161 35 1.0
137 213 1.0
205 29 1.0
140 248 1.0
179 31 1.0
193 156 1.0
3 46 1.0
197 108 1.0
104 22 1.0
195 99 1.0
166 253 1.0
251 123 1.0
176 164 1.0
128 141 1.0
111 25 1.0
91 161 1.0
6 95 1.0
205 87 1.0
247 229 1.0
198 65 1.0
229 175 1.0
29 56 1.0
248 41 1.0
18 86 1.0
118 179 1.0
211 32 1.0
110 93 1.0
61 91 1.0
134 243 1.0
53 186 1.0
185 50 1.0
104 240 1.0
205 217 1.0
135 166 1.0
122 142 1.0
54 234 1.0
123 249 1.0
131 111 1.0
77 72 1.0
29 146 1.0
113 18 1.0
22 162 1.0
254 40 1.0
50 115 1.0
255 105 1.0
53 45 1.0
108 43 1.0
256 112 1.0
115 27 1.0
165 200 1.0
82 167 1.0
51 224 1.0
72 2 1.0
78 134 1.0
192 82 1.0
132 228 1.0
32 59 1.0
248 182 1.0
3 247 1.0
228 74 1.0
27 195 1.0
232 16 1.0
46 196 1.0
129 204 1.0
229 184 1.0
57 173 1.0
75 121 1.0
28 189 1.0
253 113 1.0
42 163 1.0
95 11 1.0
92 79 1.0
234 26 1.0
213 256 1.0
75 220 1.0
132 241 1.0
141 7 1.0
102 129 1.0
105 187 1.0
201 212 1.0
107 194 1.0
196 90 1.0
113 201 1.0
183 120 1.0
224 207 1.0
191 219 1.0
75 223 1.0
125 168 1.0
20 205 1.0
62 169 1.0
31 92 1.0
60 73 1.0
174 208 1.0
3 218 1.0
84 159 1.0
216 157 1.0
48 221 1.0
129 232 1.0
208 101 1.0
11 6 1.0
156 126 1.0
256 178 1.0
32 127 1.0
6 245 1.0
56 112 1.0
227 226 1.0
181 200 1.0
19 109 1.0
85 19 1.0
236 181 1.0
178 191 1.0
126 43 1.0
76 70 1.0
54 63 1.0
13 1 1.0
102 251 1.0
140 244 1.0
254 172 1.0
119 78 1.0
167 206 1.0
203 221 1.0
210 69 1.0
228 34 1.0
196 220 1.0
173 176 1.0
83 88 1.0
199 20 1.0
58 243 1.0
178 157 1.0
171 4 1.0
12 133 1.0
5 166 1.0
253 83 1.0
89 208 1.0
144 178 1.0
210 215 1.0
201 187 1.0
167 39 1.0
96 177 1.0
250 110 1.0
144 57 1.0
134 195 1.0
132 77 1.0
4 47 1.0
153 140 1.0
244 170 1.0
45 17 1.0
157 152 1.0
244 38 1.0
80 160 1.0
81 131 1.0
37 52 1.0
93 196 1.0
161 139 1.0
176 5 1.0
200 222 1.0
233 121 1.0
163 40 1.0
251 190 1.0
180 150 1.0
40 230 1.0
78 173 1.0
74 231 1.0
78 137 1.0
109 210 1.0
124 16 1.0
1 248 1.0
198 3 1.0
87 145 1.0
218 148 1.0
256 169 1.0
63 92 1.0
117 151 1.0
111 24 1.0
230 158 1.0
253 124 1.0
223 71 1.0
194 227 1.0
121 64 1.0
255 214 1.0
132 122 1.0
129 143 1.0
230 224 1.0
75 2 1.0
43 36 1.0
114 81 1.0
162 197 1.0
132 33 1.0
114 209 1.0
218 180 1.0
236 174 1.0
233 94 1.0
95 188 1.0
256 7 1.0
151 218 1.0
156 67 1.0
133 147 1.0
118 58 1.0
168 198 1.0
132 49 1.0
233 66 1.0
199 91 1.0
189 31 1.0
208 186 1.0
197 240 1.0
252 108 1.0
34 247 1.0
167 142 1.0
4 253 1.0
158 234 1.0
201 60 1.0
107 56 1.0
71 50 1.0
227 41 1.0
85 217 1.0
238 179 1.0
164 32 1.0
157 164 1.0
7 62 1.0
23 25 1.0
126 95 1.0
234 216 1.0
198 87 1.0
250 229 1.0
2 44 1.0
146 141 1.0
180 204 1.0
119 156 1.0
17 128 1.0
60 22 1.0
37 99 1.0
199 65 1.0
229 123 1.0
38 23 1.0
174 203 1.0
64 118 1.0
143 192 1.0
99 35 1.0
188 213 1.0
110 85 1.0
158 98 1.0
93 13 1.0
16 76 1.0
148 42 1.0
77 254 1.0
164 165 1.0
188 29 1.0
142 239 1.0
206 248 1.0
131 89 1.0
96 238 1.0
177 211 1.0
138 15 1.0
54 106 1.0
204 53 1.0
191 119 1.0
72 172 1.0
214 233 1.0
19 175 1.0
81 114 1.0
25 193 1.0
69 155 1.0
208 48 1.0
121 86 1.0
88 55 1.0
205 93 1.0
22 154 1.0
182 20 1.0
110 223 1.0
173 4 1.0
14 226 1.0
135 92 1.0
56 101 1.0
1 83 1.0
182 208 1.0
182 178 1.0
47 159 1.0
27 157 1.0
194 221 1.0
58 34 1.0
230 220 1.0
5 126 1.0
48 88 1.0
236 129 1.0
148 11 1.0
221 79 1.0
39 26 1.0
32 256 1.0
91 201 1.0
189 120 1.0
188 241 1.0
130 21 1.0
166 242 1.0
204 212 1.0
242 194 1.0
3 90 1.0
51 102 1.0
114 250 1.0
234 207 1.0
94 149 1.0
83 82 1.0
154 228 1.0
111 59 1.0
39 184 1.0
127 182 1.0
203 74 1.0
26 16 1.0
237 163 1.0
91 249 1.0
165 196 1.0
140 72 1.0
180 5 1.0
169 173 1.0
195 121 1.0
209 40 1.0
96 189 1.0
123 113 1.0
51 105 1.0
82 111 1.0
7 146 1.0
104 27 1.0
211 18 1.0
172 162 1.0
55 115 1.0
242 2 1.0
253 45 1.0
146 43 1.0
77 168 1.0
34 112 1.0
173 1 1.0
97 200 1.0
152 109 1.0
90 244 1.0
238 224 1.0
172 135 1.0
144 96 1.0
167 28 1.0
24 148 1.0
15 97 1.0
208 14 1.0
1 58 1.0
90 198 1.0
137 66 1.0
165 36 1.0
27 81 1.0
117 209 1.0
64 180 1.0
144 130 1.0
177 94 1.0
65 103 1.0
211 255 1.0
33 199 1.0
140 252 1.0
227 171 1.0
131 104 1.0
197 237 1.0
47 116 1.0
92 152 1.0
164 235 1.0
41 131 1.0
187 134 1.0
162 100 1.0
130 177 1.0
177 17 1.0
254 57 1.0
76 195 1.0
203 80 1.0
239 37 1.0
1 181 1.0
10 191 1.0
108 139 1.0
3 146 1.0
100 27 1.0
133 63 1.0
60 162 1.0
124 115 1.0
136 78 1.0
146 52 1.0
112 196 1.0
42 5 1.0
183 173 1.0
126 121 1.0
74 40 1.0
45 189 1.0
1 190 1.0
140 82 1.0
174 39 1.0
90 110 1.0
254 230 1.0
166 231 1.0
110 137 1.0
251 16 1.0
55 163 1.0
165 215 1.0
93 100 1.0
194 177 1.0
44 17 1.0
250 57 1.0
113 195 1.0
108 160 1.0
171 37 1.0
175 252 1.0
90 197 1.0
62 104 1.0
71 237 1.0
34 170 1.0
62 130 1.0
247 152 1.0
246 38 1.0
55 131 1.0
148 36 1.0
74 81 1.0
153 97 1.0
198 209 1.0
160 180 1.0
66 94 1.0
62 103 1.0
218 255 1.0
88 199 1.0
114 135 1.0
243 96 1.0
51 28 1.0
224 148 1.0
202 14 1.0
204 58 1.0
38 198 1.0
202 66 1.0
136 3 1.0
28 236 1.0
66 117 1.0
185 75 1.0
19 24 1.0
60 68 1.0
223 144 1.0
27 124 1.0
143 71 1.0
137 62 1.0
19 185 1.0
41 214 1.0
59 216 1.0
108 122 1.0
219 143 1.0
33 44 1.0
123 202 1.0
162 164 1.0
224 25 1.0
186 161 1.0
117 95 1.0
58 87 1.0
175 183 1.0
146 65 1.0
58 31 1.0
131 84 1.0
8 156 1.0
77 46 1.0
172 108 1.0
29 22 1.0
42 99 1.0
206 176 1.0
87 123 1.0
146 91 1.0
140 243 1.0
184 186 1.0
74 50 1.0
208 240 1.0
145 166 1.0
146 142 1.0
86 234 1.0
10 175 1.0
222 56 1.0
49 41 1.0
151 217 1.0
28 8 1.0
6 179 1.0
80 32 1.0
217 93 1.0
185 181 1.0
74 238 1.0
192 114 1.0
213 193 1.0
67 70 1.0
237 48 1.0
104 251 1.0
221 55 1.0
180 154 1.0
170 89 1.0
45 139 1.0
168 222 1.0
52 63 1.0
234 165 1.0
179 119 1.0
142 172 1.0
216 239 1.0
178 150 1.0
95 13 1.0
59 76 1.0
233 230 1.0
10 254 1.0
34 35 1.0
8 213 1.0
75 29 1.0
172 248 1.0
135 47 1.0
186 187 1.0
127 140 1.0
146 194 1.0
49 90 1.0
59 201 1.0
59 250 1.0
221 120 1.0
162 207 1.0
108 23 1.0
165 118 1.0
246 192 1.0
41 102 1.0
157 12 1.0
121 98 1.0
254 149 1.0
245 218 1.0
234 159 1.0
84 67 1.0
197 147 1.0
2 232 1.0
24 101 1.0
126 6 1.0
129 49 1.0
20 197 1.0
157 33 1.0
29 26 1.0
110 256 1.0
11 132 1.0
87 241 1.0
21 219 1.0
44 7 1.0
64 105 1.0
209 45 1.0
127 227 1.0
149 64 1.0
192 27 1.0
218 151 1.0
107 167 1.0
189 224 1.0
172 2 1.0
141 145 1.0
195 205 1.0
16 169 1.0
29 92 1.0
55 73 1.0
60 158 1.0
196 107 1.0
214 168 1.0
83 249 1.0
25 141 1.0
28 204 1.0
17 184 1.0
175 128 1.0
252 87 1.0
33 189 1.0
24 113 1.0
92 163 1.0
122 111 1.0
158 72 1.0
15 146 1.0
209 18 1.0
136 162 1.0
100 229 1.0
182 115 1.0
141 60 1.0
222 104 1.0
176 125 1.0
143 116 1.0
9 17 1.0
51 247 1.0
160 80 1.0
173 37 1.0
244 134 1.0
23 31 1.0
26 228 1.0
230 59 1.0
189 182 1.0
80 74 1.0
92 195 1.0
127 253 1.0
56 30 1.0
86 28 1.0
124 15 1.0
150 155 1.0
164 106 1.0
18 94 1.0
183 255 1.0
175 154 1.0
175 233 1.0
167 252 1.0
241 171 1.0
5 237 1.0
152 130 1.0
114 86 1.0
61 235 1.0
110 103 1.0
254 131 1.0
107 203 1.0
62 118 1.0
166 236 1.0
41 75 1.0
35 24 1.0
86 144 1.0
253 51 1.0
192 135 1.0
90 96 1.0
214 148 1.0
215 42 1.0
184 14 1.0
16 246 1.0
212 153 1.0
106 68 1.0
164 239 1.0
114 129 1.0
47 11 1.0
254 25 1.0
175 79 1.0
26 46 1.0
178 9 1.0
35 183 1.0
198 61 1.0
118 21 1.0
141 23 1.0
171 242 1.0
122 10 1.0
144 136 1.0
29 138 1.0
83 54 1.0
231 143 1.0
132 225 1.0
27 202 1.0
211 159 1.0
249 67 1.0
127 147 1.0
131 26 1.0
243 232 1.0
129 132 1.0
216 126 1.0
157 7 1.0
46 129 1.0
75 11 1.0
181 33 1.0
50 256 1.0
120 201 1.0
22 120 1.0
147 241 1.0
11 219 1.0
184 23 1.0
60 187 1.0
92 212 1.0
188 194 1.0
168 90 1.0
125 102 1.0
241 250 1.0
115 207 1.0
27 149 1.0
141 150 1.0
70 118 1.0
162 192 1.0
147 35 1.0
240 213 1.0
134 12 1.0
192 98 1.0
24 89 1.0
250 13 1.0
195 76 1.0
34 42 1.0
177 254 1.0
25 165 1.0
10 29 1.0
15 239 1.0
78 248 1.0
219 238 1.0
57 211 1.0
145 222 1.0
201 106 1.0
105 251 1.0
49 119 1.0
224 172 1.0
169 154 1.0
1 233 1.0
5 175 1.0
189 114 1.0
83 193 1.0
130 155 1.0
251 48 1.0
150 8 1.0
24 55 1.0
184 93 1.0
81 243 1.0
179 56 1.0
107 50 1.0
77 41 1.0
240 217 1.0
172 179 1.0
199 32 1.0
15 234 1.0
119 91 1.0
125 31 1.0
79 186 1.0
7 240 1.0
211 108 1.0
127 166 1.0
5 142 1.0
18 253 1.0
100 84 1.0
187 161 1.0
42 156 1.0
62 46 1.0
107 22 1.0
179 99 1.0
53 65 1.0
169 123 1.0
188 164 1.0
188 62 1.0
11 25 1.0
161 95 1.0
54 216 1.0
221 87 1.0
184 122 1.0
108 229 1.0
40 44 1.0
113 71 1.0
164 185 1.0
159 236 1.0
236 214 1.0
72 143 1.0
71 144 1.0
11 202 1.0
226 3 1.0
175 96 1.0
28 148 1.0
245 117 1.0
60 14 1.0
128 151 1.0
163 24 1.0
130 158 1.0
4 124 1.0
159 135 1.0
252 28 1.0
21 97 1.0
2 180 1.0
219 58 1.0
188 198 1.0
26 49 1.0
185 66 1.0
153 36 1.0
16 81 1.0
58 197 1.0
75 33 1.0
32 209 1.0
48 174 1.0
139 94 1.0
133 188 1.0
211 199 1.0
75 47 1.0
136 140 1.0
76 170 1.0
227 17 1.0
204 152 1.0
42 38 1.0
125 160 1.0
234 131 1.0
168 127 1.0
251 243 1.0
144 245 1.0
127 4 1.0
1 41 1.0
224 133 1.0
173 8 1.0
191 109 1.0
247 32 1.0
167 181 1.0
51 43 1.0
100 112 1.0
109 70 1.0
71 1 1.0
125 251 1.0
96 244 1.0
160 19 1.0
80 78 1.0
178 206 1.0
216 84 1.0
201 161 1.0
107 69 1.0
54 46 1.0
1 108 1.0
91 220 1.0
234 61 1.0
253 88 1.0
43 20 1.0
203 157 1.0
152 240 1.0
12 166 1.0
25 83 1.0
75 176 1.0
100 178 1.0
91 23 1.0
3 242 1.0
14 185 1.0
76 236 1.0
131 138 1.0
44 54 1.0
209 143 1.0
192 202 1.0
218 129 1.0
226 25 1.0
225 10 1.0
89 136 1.0
104 9 1.0
192 183 1.0
208 225 1.0
30 21 1.0
167 135 1.0
146 96 1.0
240 28 1.0
226 148 1.0
52 15 1.0
186 246 1.0
100 153 1.0
133 66 1.0
67 203 1.0
9 117 1.0
64 14 1.0
83 75 1.0
26 24 1.0
235 68 1.0
247 144 1.0
202 51 1.0
16 252 1.0
22 104 1.0
250 237 1.0
176 116 1.0
150 86 1.0
149 235 1.0
231 131 1.0
130 36 1.0
127 30 1.0
93 171 1.0
20 155 1.0
90 180 1.0
26 130 1.0
156 94 1.0
148 103 1.0
176 255 1.0
130 199 1.0
57 82 1.0
125 59 1.0
214 184 1.0
239 182 1.0
56 74 1.0
255 189 1.0
174 16 1.0
9 163 1.0
255 134 1.0
105 60 1.0
5 228 1.0
139 125 1.0
155 17 1.0
243 247 1.0
87 195 1.0
51 80 1.0
22 37 1.0
73 105 1.0
68 111 1.0
55 146 1.0
38 27 1.0
207 18 1.0
155 162 1.0
28 167 1.0
117 115 1.0
163 2 1.0
225 249 1.0
175 141 1.0
93 72 1.0
223 204 1.0
9 173 1.0
128 121 1.0
127 229 1.0
29 113 1.0
11 218 1.0
233 145 1.0
140 205 1.0
56 92 1.0
85 101 1.0
51 6 1.0
134 158 1.0
181 107 1.0
76 45 1.0
46 43 1.0
64 168 1.0
227 64 1.0
186 169 1.0
136 200 1.0
56 73 1.0
37 224 1.0
40 145 1.0
236 205 1.0
162 169 1.0
162 92 1.0
225 158 1.0
29 107 1.0
233 124 1.0
44 218 1.0
125 159 1.0
49 67 1.0
207 147 1.0
32 232 1.0
147 101 1.0
5 132 1.0
97 6 1.0
77 49 1.0
108 111 1.0
250 72 1.0
233 95 1.0
218 216 1.0
11 122 1.0
104 229 1.0
20 44 1.0
250 2 1.0
209 105 1.0
89 3 1.0
25 227 1.0
198 64 1.0
252 214 1.0
178 151 1.0
59 73 1.0
22 167 1.0
73 224 1.0
139 215 1.0
62 39 1.0
96 110 1.0
202 231 1.0
191 57 1.0
176 12 1.0
46 98 1.0
30 77 1.0
109 150 1.0
218 196 1.0
216 76 1.0
197 230 1.0
17 254 1.0
23 137 1.0
96 210 1.0
213 248 1.0
2 197 1.0
98 33 1.0
221 26 1.0
135 174 1.0
182 201 1.0
239 188 1.0
251 219 1.0
251 7 1.0
72 47 1.0
229 187 1.0
187 140 1.0
174 194 1.0
250 90 1.0
232 250 1.0
180 120 1.0
101 207 1.0
36 127 1.0
68 243 1.0
215 245 1.0
226 41 1.0
84 133 1.0
251 8 1.0
35 179 1.0
132 32 1.0
212 19 1.0
249 20 1.0
105 157 1.0
214 50 1.0
76 240 1.0
65 166 1.0
92 142 1.0
119 176 1.0
215 178 1.0
92 89 1.0
106 238 1.0
199 139 1.0
120 222 1.0
124 63 1.0
41 165 1.0
18 119 1.0
170 172 1.0
171 190 1.0
37 181 1.0
48 114 1.0
34 193 1.0
210 70 1.0
75 48 1.0
80 251 1.0
87 55 1.0
72 78 1.0
106 71 1.0
152 62 1.0
97 185 1.0
188 236 1.0
215 138 1.0
69 216 1.0
191 54 1.0
73 143 1.0
188 202 1.0
206 203 1.0
53 117 1.0
172 75 1.0
183 24 1.0
19 68 1.0
153 144 1.0
105 51 1.0
3 206 1.0
53 84 1.0
129 69 1.0
189 46 1.0
4 108 1.0
125 22 1.0
71 61 1.0
150 88 1.0
117 164 1.0
179 25 1.0
137 161 1.0
91 10 1.0
3 9 1.0
199 183 1.0
127 225 1.0
9 65 1.0
200 181 1.0
244 191 1.0
85 43 1.0
89 27 1.0
246 63 1.0
40 1 1.0
180 251 1.0
176 244 1.0
171 115 1.0
155 78 1.0
137 52 1.0
26 139 1.0
179 5 1.0
181 146 1.0
67 121 1.0
188 40 1.0
102 190 1.0
187 82 1.0
244 196 1.0
9 230 1.0
158 173 1.0
194 231 1.0
68 137 1.0
247 210 1.0
144 16 1.0
93 163 1.0
194 215 1.0
25 100 1.0
86 39 1.0
33 177 1.0
102 110 1.0
85 57 1.0
118 195 1.0
135 37 1.0
248 129 1.0
190 11 1.0
107 212 1.0
77 79 1.0
95 10 1.0
249 256 1.0
24 9 1.0
150 120 1.0
219 21 1.0
15 206 1.0
107 221 1.0
169 69 1.0
143 34 1.0
115 220 1.0
46 61 1.0
234 126 1.0
236 88 1.0
208 20 1.0
46 243 1.0
244 157 1.0
19 4 1.0
64 133 1.0
173 166 1.0
250 83 1.0
94 178 1.0
42 127 1.0
231 245 1.0
220 112 1.0
144 226 1.0
44 200 1.0
38 109 1.0
160 208 1.0
169 19 1.0
245 233 1.0
137 30 1.0
196 211 1.0
183 15 1.0
21 155 1.0
139 106 1.0
185 53 1.0
169 255 1.0
104 154 1.0
86 135 1.0
129 13 1.0
91 76 1.0
233 254 1.0
41 246 1.0
10 153 1.0
243 29 1.0
228 239 1.0
250 203 1.0
78 118 1.0
23 192 1.0
13 42 1.0
215 35 1.0
3 213 1.0
127 98 1.0
170 51 1.0
65 23 1.0
188 242 1.0
5 136 1.0
214 138 1.0
26 54 1.0
134 85 1.0
121 225 1.0
242 149 1.0
226 249 1.0
144 141 1.0
160 204 1.0
191 156 1.0
202 128 1.0
139 87 1.0
46 189 1.0
48 113 1.0
223 31 1.0
164 186 1.0
217 59 1.0
79 182 1.0
76 74 1.0
111 142 1.0
124 253 1.0
31 123 1.0
247 134 1.0
12 60 1.0
164 56 1.0
132 125 1.0
9 116 1.0
62 217 1.0
40 247 1.0
76 80 1.0
223 234 1.0
18 252 1.0
194 171 1.0
35 237 1.0
127 48 1.0
210 86 1.0
116 235 1.0
46 103 1.0
197 93 1.0
146 105 1.0
10 111 1.0
180 27 1.0
246 18 1.0
20 122 1.0
225 167 1.0
136 115 1.0
119 2 1.0
92 45 1.0
100 227 1.0
32 64 1.0
32 169 1.0
111 151 1.0
40 73 1.0
153 224 1.0
151 168 1.0
234 218 1.0
124 145 1.0
229 205 1.0
119 92 1.0
250 101 1.0
38 6 1.0
140 158 1.0
78 107 1.0
115 159 1.0
140 67 1.0
51 147 1.0
229 26 1.0
21 232 1.0
16 132 1.0
227 49 1.0
198 7 1.0
221 252 1.0
232 104 1.0
97 237 1.0
59 116 1.0
2 86 1.0
148 235 1.0
73 80 1.0
52 93 1.0
205 134 1.0
126 60 1.0
247 228 1.0
119 125 1.0
246 59 1.0
180 17 1.0
160 247 1.0
256 195 1.0
45 234 1.0
249 31 1.0
36 156 1.0
137 182 1.0
142 74 1.0
97 189 1.0
96 253 1.0
233 123 1.0
179 249 1.0
163 141 1.0
229 72 1.0
51 204 1.0
155 146 1.0
82 128 1.0
43 87 1.0
145 229 1.0
240 113 1.0
125 238 1.0
84 139 1.0
255 222 1.0
82 63 1.0
123 251 1.0
192 119 1.0
250 172 1.0
30 78 1.0
212 181 1.0
101 175 1.0
247 114 1.0
236 193 1.0
248 70 1.0
26 48 1.0
172 8 1.0
148 179 1.0
41 55 1.0
130 93 1.0
78 243 1.0
117 56 1.0
97 50 1.0
179 41 1.0
181 133 1.0
195 32 1.0
180 234 1.0
35 91 1.0
232 31 1.0
58 186 1.0
153 240 1.0
85 108 1.0
211 166 1.0
198 22 1.0
247 142 1.0
124 176 1.0
62 47 1.0
171 197 1.0
37 33 1.0
184 256 1.0
209 201 1.0
27 120 1.0
82 188 1.0
158 219 1.0
91 215 1.0
80 187 1.0
150 140 1.0
87 194 1.0
241 90 1.0
133 102 1.0
170 250 1.0
79 207 1.0
215 77 1.0
244 150 1.0
63 118 1.0
106 192 1.0
174 35 1.0
17 213 1.0
199 12 1.0
75 98 1.0
189 248 1.0
101 89 1.0
92 13 1.0
57 76 1.0
150 230 1.0
69 254 1.0
6 165 1.0
17 29 1.0
20 190 1.0
255 196 1.0
68 5 1.0
53 230 1.0
239 173 1.0
41 210 1.0
5 190 1.0
91 163 1.0
183 215 1.0
130 150 1.0
33 39 1.0
5 110 1.0
193 231 1.0
160 57 1.0
219 137 1.0
47 195 1.0
154 16 1.0
116 181 1.0
225 43 1.0
98 112 1.0
226 70 1.0
234 1 1.0
123 200 1.0
190 244 1.0
94 19 1.0
137 78 1.0
176 52 1.0
131 191 1.0
193 139 1.0
180 222 1.0
112 63 1.0
150 121 1.0
87 251 1.0
224 40 1.0
82 115 1.0
248 81 1.0
18 67 1.0
36 97 1.0
171 180 1.0
218 94 1.0
66 198 1.0
122 49 1.0
252 199 1.0
18 218 1.0
217 145 1.0
45 148 1.0
135 117 1.0
215 14 1.0
163 58 1.0
101 158 1.0
252 66 1.0
142 124 1.0
135 100 1.0
79 140 1.0
51 177 1.0
198 170 1.0
238 17 1.0
4 38 1.0
198 160 1.0
97 77 1.0
16 36 1.0
146 47 1.0
79 197 1.0
116 33 1.0
37 209 1.0
41 174 1.0
115 152 1.0
87 188 1.0
43 131 1.0
16 203 1.0
130 96 1.0
89 42 1.0
70 14 1.0
165 75 1.0
48 24 1.0
89 29 1.0
48 144 1.0
213 51 1.0
72 23 1.0
43 118 1.0
231 236 1.0
148 138 1.0
125 54 1.0
18 143 1.0
75 202 1.0
30 233 1.0
77 30 1.0
24 171 1.0
11 155 1.0
191 106 1.0
174 130 1.0
218 53 1.0
102 103 1.0
243 154 1.0
170 135 1.0
36 211 1.0
86 148 1.0
65 15 1.0
109 246 1.0
115 153 1.0
22 255 1.0
243 239 1.0
219 20 1.0
253 157 1.0
185 221 1.0
212 34 1.0
236 166 1.0
167 83 1.0
252 126 1.0
119 178 1.0
167 127 1.0
231 243 1.0
42 245 1.0
154 4 1.0
248 226 1.0
120 133 1.0
210 109 1.0
88 208 1.0
228 129 1.0
154 242 1.0
164 212 1.0
76 10 1.0
210 136 1.0
49 9 1.0
133 183 1.0
110 225 1.0
88 21 1.0
177 206 1.0
13 11 1.0
13 79 1.0
53 69 1.0
8 46 1.0
190 220 1.0
79 61 1.0
53 88 1.0
105 164 1.0
54 141 1.0
76 204 1.0
21 156 1.0
95 128 1.0
44 87 1.0
189 229 1.0
227 99 1.0
191 65 1.0
11 62 1.0
86 72 1.0
140 95 1.0
212 214 1.0
185 216 1.0
188 122 1.0
39 44 1.0
155 2 1.0
47 91 1.0
236 60 1.0
87 125 1.0
203 41 1.0
37 217 1.0
97 247 1.0
239 142 1.0
17 80 1.0
178 234 1.0
149 31 1.0
118 186 1.0
30 240 1.0
166 182 1.0
14 74 1.0
103 253 1.0
56 123 1.0
53 233 1.0
52 238 1.0
221 15 1.0
193 155 1.0
229 106 1.0
83 53 1.0
91 172 1.0
44 154 1.0
186 175 1.0
48 171 1.0
185 56 1.0
23 193 1.0
168 48 1.0
76 86 1.0
216 235 1.0
145 55 1.0
143 93 1.0
247 203 1.0
40 118 1.0
168 192 1.0
61 42 1.0
131 35 1.0
163 213 1.0
154 98 1.0
36 248 1.0
223 89 1.0
197 13 1.0
225 211 1.0
248 76 1.0
11 254 1.0
256 246 1.0
71 119 1.0
78 29 1.0
115 239 1.0
28 196 1.0
196 5 1.0
210 230 1.0
96 173 1.0
141 137 1.0
107 210 1.0
80 190 1.0
230 248 1.0
227 52 1.0
186 191 1.0
153 139 1.0
169 222 1.0
210 63 1.0
232 165 1.0
227 40 1.0
232 172 1.0
95 187 1.0
225 140 1.0
196 170 1.0
92 90 1.0
134 177 1.0
141 38 1.0
197 160 1.0
176 215 1.0
57 150 1.0
199 39 1.0
176 110 1.0
244 231 1.0
149 57 1.0
42 12 1.0
242 16 1.0
32 77 1.0
42 218 1.0
136 159 1.0
79 67 1.0
200 147 1.0
108 232 1.0
155 132 1.0
62 198 1.0
195 49 1.0
252 36 1.0
142 47 1.0
167 197 1.0
179 33 1.0
91 209 1.0
49 174 1.0
191 152 1.0
76 188 1.0
17 219 1.0
116 7 1.0
215 71 1.0
149 3 1.0
235 227 1.0
237 64 1.0
220 151 1.0
63 73 1.0
165 167 1.0
240 224 1.0
112 145 1.0
165 205 1.0
155 169 1.0
156 92 1.0
92 101 1.0
235 158 1.0
184 107 1.0
7 124 1.0
18 215 1.0
203 228 1.0
42 177 1.0
48 110 1.0
116 57 1.0
179 195 1.0
76 16 1.0
28 37 1.0
100 252 1.0
207 100 1.0
228 104 1.0
92 170 1.0
119 17 1.0
86 152 1.0
92 38 1.0
256 160 1.0
251 131 1.0
15 36 1.0
130 197 1.0
135 237 1.0
22 209 1.0
39 130 1.0
49 94 1.0
243 103 1.0
55 199 1.0
163 135 1.0
5 81 1.0
131 28 1.0
24 97 1.0
213 180 1.0
117 58 1.0
192 198 1.0
31 255 1.0
44 66 1.0
181 203 1.0
140 96 1.0
208 148 1.0
126 117 1.0
93 14 1.0
208 24 1.0
185 68 1.0
152 124 1.0
229 71 1.0
195 185 1.0
234 236 1.0
121 214 1.0
140 75 1.0
98 143 1.0
245 144 1.0
93 202 1.0
237 164 1.0
95 62 1.0
225 25 1.0
200 95 1.0
222 216 1.0
92 122 1.0
196 183 1.0
58 44 1.0
44 84 1.0
178 161 1.0
180 156 1.0
219 46 1.0
128 87 1.0
8 99 1.0
169 65 1.0
18 123 1.0
167 23 1.0
33 242 1.0
90 136 1.0
81 102 1.0
91 250 1.0
80 85 1.0
243 207 1.0
210 149 1.0
198 129 1.0
167 11 1.0
40 212 1.0
5 79 1.0
91 194 1.0
18 9 1.0
21 120 1.0
86 21 1.0
90 206 1.0
215 26 1.0
205 34 1.0
149 256 1.0
33 220 1.0
67 241 1.0
142 126 1.0
9 88 1.0
10 20 1.0
228 223 1.0
112 157 1.0
64 4 1.0
24 221 1.0
90 133 1.0
196 101 1.0
209 83 1.0
222 178 1.0
81 45 1.0
238 168 1.0
169 226 1.0
251 200 1.0
64 109 1.0
230 208 1.0
218 224 1.0
11 105 1.0
246 191 1.0
79 43 1.0
70 112 1.0
114 27 1.0
89 18 1.0
8 1 1.0
178 162 1.0
156 244 1.0
23 2 1.0
117 52 1.0
233 72 1.0
27 5 1.0
96 146 1.0
210 121 1.0
110 40 1.0
234 115 1.0
105 113 1.0
178 82 1.0
95 196 1.0
89 184 1.0
236 173 1.0
216 231 1.0
102 137 1.0
30 189 1.0
40 163 1.0
65 100 1.0
164 104 1.0
236 177 1.0
117 170 1.0
107 17 1.0
38 57 1.0
64 160 1.0
62 37 1.0
209 215 1.0
211 82 1.0
216 39 1.0
232 110 1.0
230 231 1.0
213 137 1.0
51 195 1.0
83 16 1.0
119 81 1.0
39 28 1.0
126 97 1.0
44 180 1.0
37 94 1.0
34 49 1.0
124 199 1.0
132 36 1.0
48 47 1.0
180 197 1.0
173 33 1.0
103 209 1.0
135 130 1.0
42 152 1.0
155 38 1.0
45 103 1.0
160 131 1.0
92 181 1.0
231 127 1.0
179 43 1.0
4 112 1.0
62 27 1.0
125 1 1.0
188 200 1.0
153 244 1.0
138 19 1.0
87 78 1.0
89 223 1.0
256 245 1.0
29 4 1.0
244 226 1.0
117 133 1.0
73 109 1.0
83 208 1.0
161 196 1.0
50 5 1.0
34 230 1.0
83 173 1.0
21 121 1.0
71 189 1.0
232 190 1.0
80 163 1.0
236 52 1.0
177 191 1.0
86 139 1.0
164 146 1.0
151 63 1.0
45 162 1.0
24 40 1.0
228 115 1.0
177 91 1.0
43 243 1.0
198 50 1.0
165 217 1.0
206 166 1.0
59 142 1.0
19 32 1.0
87 234 1.0
146 31 1.0
117 186 1.0
37 240 1.0
152 156 1.0
190 108 1.0
207 22 1.0
233 176 1.0
209 123 1.0
30 181 1.0
61 238 1.0
187 70 1.0
14 106 1.0
161 48 1.0
111 251 1.0
59 55 1.0
241 172 1.0
138 154 1.0
236 175 1.0
54 114 1.0
162 56 1.0
40 193 1.0
93 41 1.0
96 8 1.0
188 179 1.0
165 93 1.0
200 3 1.0
234 185 1.0
11 236 1.0
191 75 1.0
65 24 1.0
234 143 1.0
127 144 1.0
42 124 1.0
96 135 1.0
30 96 1.0
239 148 1.0
154 117 1.0
228 14 1.0
24 58 1.0
229 198 1.0
203 68 1.0
56 66 1.0
183 164 1.0
140 84 1.0
199 25 1.0
11 161 1.0
123 46 1.0
117 87 1.0
249 183 1.0
79 99 1.0
148 65 1.0
61 71 1.0
179 62 1.0
15 95 1.0
10 214 1.0
161 216 1.0
35 122 1.0
122 44 1.0
28 202 1.0
246 105 1.0
135 62 1.0
96 214 1.0
100 216 1.0
107 122 1.0
33 167 1.0
203 44 1.0
204 2 1.0
101 249 1.0
172 141 1.0
110 72 1.0
61 204 1.0
62 95 1.0
154 87 1.0
21 229 1.0
134 65 1.0
118 31 1.0
67 156 1.0
158 128 1.0
15 182 1.0
116 74 1.0
249 99 1.0
113 253 1.0
62 123 1.0
90 134 1.0
38 60 1.0
111 186 1.0
64 125 1.0
71 240 1.0
84 217 1.0
162 247 1.0
84 142 1.0
39 234 1.0
37 47 1.0
239 197 1.0
139 140 1.0
160 33 1.0
124 174 1.0
254 201 1.0
36 38 1.0
224 188 1.0
102 219 1.0
42 159 1.0
54 147 1.0
34 26 1.0
142 232 1.0
236 132 1.0
16 49 1.0
5 7 1.0
74 218 1.0
74 145 1.0
179 67 1.0
169 205 1.0
222 92 1.0
117 101 1.0
105 198 1.0
244 158 1.0
83 107 1.0
243 3 1.0
93 227 1.0
213 64 1.0
4 169 1.0
93 151 1.0
26 73 1.0
177 224 1.0
159 124 1.0
16 23 1.0
16 118 1.0
30 192 1.0
256 138 1.0
121 54 1.0
111 85 1.0
159 98 1.0
13 149 1.0
253 129 1.0
235 242 1.0
255 212 1.0
254 10 1.0
166 136 1.0
97 9 1.0
114 120 1.0
232 225 1.0
6 21 1.0
253 11 1.0
61 79 1.0
8 69 1.0
196 256 1.0
244 220 1.0
233 241 1.0
116 88 1.0
213 20 1.0
247 206 1.0
122 157 1.0
80 221 1.0
229 34 1.0
203 101 1.0
59 83 1.0
113 126 1.0
148 178 1.0
249 175 1.0
31 56 1.0
133 116 1.0
153 86 1.0
247 235 1.0
169 80 1.0
211 93 1.0
115 233 1.0
42 30 1.0
209 171 1.0
17 237 1.0
55 155 1.0
234 106 1.0
96 48 1.0
72 53 1.0
52 55 1.0
77 154 1.0
52 89 1.0
39 211 1.0
203 76 1.0
251 15 1.0
166 246 1.0
246 153 1.0
201 255 1.0
245 239 1.0
193 203 1.0
159 13 1.0
154 42 1.0
175 254 1.0
100 35 1.0
11 213 1.0
11 29 1.0
247 51 1.0
136 62 1.0
110 25 1.0
191 10 1.0
8 216 1.0
212 54 1.0
98 183 1.0
30 225 1.0
233 23 1.0
60 203 1.0
121 185 1.0
119 236 1.0
62 138 1.0
207 75 1.0
162 143 1.0
22 144 1.0
40 202 1.0
143 96 1.0
53 148 1.0
33 117 1.0
55 14 1.0
250 24 1.0
225 68 1.0
15 66 1.0
185 51 1.0
80 135 1.0
217 81 1.0
137 28 1.0
214 97 1.0
69 180 1.0
30 246 1.0
105 153 1.0
37 255 1.0
106 36 1.0
163 171 1.0
107 237 1.0
9 209 1.0
32 130 1.0
161 94 1.0
160 103 1.0
27 131 1.0
221 199 1.0
202 252 1.0
226 100 1.0
103 104 1.0
206 125 1.0
96 116 1.0
221 17 1.0
181 86 1.0
100 235 1.0
13 80 1.0
211 134 1.0
195 228 1.0
7 59 1.0
134 247 1.0
146 195 1.0
58 16 1.0
207 37 1.0
251 82 1.0
17 196 1.0
233 204 1.0
29 184 1.0
70 173 1.0
28 182 1.0
13 74 1.0
11 189 1.0
97 163 1.0
154 215 1.0
148 187 1.0
91 170 1.0
69 90 1.0
139 57 1.0
128 250 1.0
109 12 1.0
18 207 1.0
185 77 1.0
148 150 1.0
185 39 1.0
178 110 1.0
239 231 1.0
127 137 1.0
47 16 1.0
236 248 1.0
215 52 1.0
203 196 1.0
23 5 1.0
123 230 1.0
256 254 1.0
247 165 1.0
129 40 1.0
67 210 1.0
56 190 1.0
203 191 1.0
77 139 1.0
79 222 1.0
142 70 1.0
37 63 1.0
83 251 1.0
230 172 1.0
2 78 1.0
21 181 1.0
191 127 1.0
249 43 1.0
14 193 1.0
133 48 1.0
70 8 1.0
134 109 1.0
256 55 1.0
178 19 1.0
198 243 1.0
187 245 1.0
8 50 1.0
151 41 1.0
171 133 1.0
144 166 1.0
236 32 1.0
129 178 1.0
3 20 1.0
185 206 1.0
91 157 1.0
15 240 1.0
97 108 1.0
155 22 1.0
215 83 1.0
59 176 1.0
8 164 1.0
205 84 1.0
147 161 1.0
43 69 1.0
198 46 1.0
100 9 1.0
62 61 1.0
181 21 1.0
51 88 1.0
87 233 1.0
118 238 1.0
71 222 1.0
165 155 1.0
41 106 1.0
70 53 1.0
224 55 1.0
245 172 1.0
204 154 1.0
85 89 1.0
32 13 1.0
5 211 1.0
160 76 1.0
68 254 1.0
238 165 1.0
100 119 1.0
24 239 1.0
144 91 1.0
133 60 1.0
206 50 1.0
229 217 1.0
36 166 1.0
119 142 1.0
11 32 1.0
235 234 1.0
189 175 1.0
178 114 1.0
207 56 1.0
163 193 1.0
56 41 1.0
55 48 1.0
35 86 1.0
11 179 1.0
193 93 1.0
144 164 1.0
231 141 1.0
46 204 1.0
47 46 1.0
137 87 1.0
184 229 1.0
44 99 1.0
85 65 1.0
85 31 1.0
119 186 1.0
67 240 1.0
54 156 1.0
31 108 1.0
197 22 1.0
169 253 1.0
220 123 1.0
74 3 1.0
108 227 1.0
34 64 1.0
57 151 1.0
118 24 1.0
159 143 1.0
75 224 1.0
118 71 1.0
131 62 1.0
203 25 1.0
68 95 1.0
158 214 1.0
49 216 1.0
147 122 1.0
115 44 1.0
71 202 1.0
113 105 1.0
186 111 1.0
102 43 1.0
14 112 1.0
37 27 1.0
142 162 1.0
36 167 1.0
228 2 1.0
84 249 1.0
2 72 1.0
224 146 1.0
78 18 1.0
165 121 1.0
217 40 1.0
109 115 1.0
190 113 1.0
130 20 1.0
246 223 1.0
201 157 1.0
23 205 1.0
46 221 1.0
224 101 1.0
238 6 1.0
133 178 1.0
38 45 1.0
143 168 1.0
135 169 1.0
127 92 1.0
166 200 1.0
52 73 1.0
92 208 1.0
157 224 1.0
221 129 1.0
138 212 1.0
87 79 1.0
104 194 1.0
13 201 1.0
40 120 1.0
31 219 1.0
31 159 1.0
110 11 1.0
245 26 1.0
91 232 1.0
119 256 1.0
70 220 1.0
120 241 1.0
170 126 1.0
238 7 1.0
47 150 1.0
229 192 1.0
236 42 1.0
53 35 1.0
198 213 1.0
235 29 1.0
119 98 1.0
13 248 1.0
177 23 1.0
14 242 1.0
10 118 1.0
187 90 1.0
188 102 1.0
113 250 1.0
86 85 1.0
219 207 1.0
222 149 1.0
176 135 1.0
37 96 1.0
40 148 1.0
12 117 1.0
126 14 1.0
90 58 1.0
152 198 1.0
77 68 1.0
12 66 1.0
194 81 1.0
61 28 1.0
5 97 1.0
97 209 1.0
122 180 1.0
55 94 1.0
185 255 1.0
50 199 1.0
112 71 1.0
166 62 1.0
46 95 1.0
36 138 1.0
117 216 1.0
164 54 1.0
55 143 1.0
133 44 1.0
32 202 1.0
218 203 1.0
162 185 1.0
32 236 1.0
149 75 1.0
198 24 1.0
207 144 1.0
232 124 1.0
135 206 1.0
74 240 1.0
233 69 1.0
74 108 1.0
94 22 1.0
92 99 1.0
244 176 1.0
175 88 1.0
170 164 1.0
179 84 1.0
12 25 1.0
109 161 1.0
144 46 1.0
91 9 1.0
51 183 1.0
166 65 1.0
180 175 1.0
151 56 1.0
169 193 1.0
148 41 1.0
241 8 1.0
214 179 1.0
243 19 1.0
105 20 1.0
115 243 1.0
151 186 1.0
41 50 1.0
135 133 1.0
37 166 1.0
106 142 1.0
235 32 1.0
128 234 1.0
182 89 1.0
105 196 1.0
163 139 1.0
75 76 1.0
6 222 1.0
170 165 1.0
26 119 1.0
191 190 1.0
199 181 1.0
27 238 1.0
35 114 1.0
98 70 1.0
186 63 1.0
201 48 1.0
21 251 1.0
57 55 1.0
147 172 1.0
227 78 1.0
145 215 1.0
85 187 1.0
130 118 1.0
249 110 1.0
129 57 1.0
9 250 1.0
21 12 1.0
150 77 1.0
235 150 1.0
196 230 1.0
200 254 1.0
118 231 1.0
233 137 1.0
89 210 1.0
90 98 1.0
38 248 1.0
94 159 1.0
199 197 1.0
131 33 1.0
122 26 1.0
49 232 1.0
14 256 1.0
74 132 1.0
196 188 1.0
74 7 1.0
141 47 1.0
191 140 1.0
63 194 1.0
109 90 1.0
86 201 1.0
165 120 1.0
194 207 1.0
183 219 1.0
71 3 1.0
29 145 1.0
204 205 1.0
55 169 1.0
213 92 1.0
124 151 1.0
4 73 1.0
178 158 1.0
174 168 1.0
224 218 1.0
2 67 1.0
78 147 1.0
110 101 1.0
240 6 1.0
56 49 1.0
253 107 1.0
223 91 1.0
184 60 1.0
149 186 1.0
92 125 1.0
145 240 1.0
230 247 1.0
98 142 1.0
44 234 1.0
51 175 1.0
248 56 1.0
197 41 1.0
98 217 1.0
184 86 1.0
134 179 1.0
1 80 1.0
177 93 1.0
26 233 1.0
242 238 1.0
252 114 1.0
96 193 1.0
116 155 1.0
113 48 1.0
50 53 1.0
67 55 1.0
38 154 1.0
199 89 1.0
198 211 1.0
156 15 1.0
94 106 1.0
23 165 1.0
203 119 1.0
243 172 1.0
160 239 1.0
18 203 1.0
107 13 1.0
239 76 1.0
38 42 1.0
124 254 1.0
80 35 1.0
239 213 1.0
115 29 1.0
129 248 1.0
40 23 1.0
220 118 1.0
80 192 1.0
223 102 1.0
22 85 1.0
176 98 1.0
143 149 1.0
5 129 1.0
170 242 1.0
177 212 1.0
3 194 1.0
23 90 1.0
1 9 1.0
96 250 1.0
172 120 1.0
245 207 1.0
22 11 1.0
192 79 1.0
187 26 1.0
66 256 1.0
169 220 1.0
163 241 1.0
35 21 1.0
232 88 1.0
155 20 1.0
134 159 1.0
10 157 1.0
76 221 1.0
170 34 1.0
227 101 1.0
173 83 1.0
162 126 1.0
32 223 1.0
197 168 1.0
169 4 1.0
87 226 1.0
134 92 1.0
138 109 1.0
102 208 1.0
165 178 1.0
227 105 1.0
131 45 1.0
236 43 1.0
151 112 1.0
211 27 1.0
216 1 1.0
112 200 1.0
200 244 1.0
82 224 1.0
164 2 1.0
52 111 1.0
223 72 1.0
245 146 1.0
157 18 1.0
93 162 1.0
194 40 1.0
158 115 1.0
46 52 1.0
70 196 1.0
165 5 1.0
114 184 1.0
15 173 1.0
244 121 1.0
187 189 1.0
31 113 1.0
24 163 1.0
238 134 1.0
241 82 1.0
62 228 1.0
127 59 1.0
91 182 1.0
164 74 1.0
250 195 1.0
112 16 1.0
167 100 1.0
140 104 1.0
121 177 1.0
91 116 1.0
132 17 1.0
200 57 1.0
23 80 1.0
51 37 1.0
155 36 1.0
185 252 1.0
52 171 1.0
96 237 1.0
149 130 1.0
108 152 1.0
135 235 1.0
56 103 1.0
192 131 1.0
56 20 1.0
117 243 1.0
80 245 1.0
196 4 1.0
30 226 1.0
115 133 1.0
162 166 1.0
181 208 1.0
212 178 1.0
61 206 1.0
185 157 1.0
71 221 1.0
30 34 1.0
111 220 1.0
239 83 1.0
90 176 1.0
143 88 1.0
196 129 1.0
48 84 1.0
216 161 1.0
32 69 1.0
222 46 1.0
7 9 1.0
225 61 1.0
43 21 1.0
223 242 1.0
106 25 1.0
55 10 1.0
196 136 1.0
103 54 1.0
15 183 1.0
195 225 1.0
117 202 1.0
121 150 1.0
178 39 1.0
244 110 1.0
12 230 1.0
73 231 1.0
72 137 1.0
104 16 1.0
201 248 1.0
212 52 1.0
66 196 1.0
19 5 1.0
140 173 1.0
256 165 1.0
28 40 1.0
44 210 1.0
109 190 1.0
148 181 1.0
51 191 1.0
250 139 1.0
247 222 1.0
162 70 1.0
119 63 1.0
41 251 1.0
136 172 1.0
195 78 1.0
202 127 1.0
202 43 1.0
84 112 1.0
31 1 1.0
130 8 1.0
154 109 1.0
186 244 1.0
61 19 1.0
247 218 1.0
146 145 1.0
95 67 1.0
181 148 1.0
200 92 1.0
111 58 1.0
196 198 1.0
18 107 1.0
196 36 1.0
96 81 1.0
106 147 1.0
242 209 1.0
14 232 1.0
136 132 1.0
110 188 1.0
73 49 1.0
121 7 1.0
122 47 1.0
132 197 1.0
244 140 1.0
213 33 1.0
98 170 1.0
241 174 1.0
11 152 1.0
168 38 1.0
47 131 1.0
158 215 1.0
165 187 1.0
52 17 1.0
21 57 1.0
100 177 1.0
90 12 1.0
19 160 1.0
73 77 1.0
172 31 1.0
79 141 1.0
142 156 1.0
246 128 1.0
217 182 1.0
20 22 1.0
124 99 1.0
183 253 1.0
49 123 1.0
206 164 1.0
1 72 1.0
69 204 1.0
144 95 1.0
188 87 1.0
6 229 1.0
211 65 1.0
81 71 1.0
212 62 1.0
112 227 1.0
66 214 1.0
163 216 1.0
74 122 1.0
106 167 1.0
7 44 1.0
101 2 1.0
219 3 1.0
169 64 1.0
151 169 1.0
95 151 1.0
48 73 1.0
125 158 1.0
116 224 1.0
19 124 1.0
166 23 1.0
118 187 1.0
57 118 1.0
184 192 1.0
176 90 1.0
240 102 1.0
53 250 1.0
96 12 1.0
136 149 1.0
181 47 1.0
135 140 1.0
111 33 1.0
76 194 1.0
122 201 1.0
162 120 1.0
68 207 1.0
123 219 1.0
192 89 1.0
112 13 1.0
254 211 1.0
73 76 1.0
157 222 1.0
221 254 1.0
77 165 1.0
160 119 1.0
86 239 1.0
248 150 1.0
133 42 1.0
70 35 1.0
87 213 1.0
27 29 1.0
70 98 1.0
224 248 1.0
95 45 1.0
62 145 1.0
70 168 1.0
51 169 1.0
131 92 1.0
256 200 1.0
172 73 1.0
203 158 1.0
98 224 1.0
33 105 1.0
249 227 1.0
104 64 1.0
204 27 1.0
121 162 1.0
37 167 1.0
190 2 1.0
2 159 1.0
36 197 1.0
49 26 1.0
245 232 1.0
193 256 1.0
243 132 1.0
101 241 1.0
126 7 1.0
25 218 1.0
243 67 1.0
99 205 1.0
145 147 1.0
229 101 1.0
93 6 1.0
128 126 1.0
206 107 1.0
32 134 1.0
184 228 1.0
116 59 1.0
225 182 1.0
186 247 1.0
216 195 1.0
249 253 1.0
182 37 1.0
207 252 1.0
30 60 1.0
147 104 1.0
239 125 1.0
208 116 1.0
246 17 1.0
176 235 1.0
255 80 1.0
241 249 1.0
213 111 1.0
44 72 1.0
74 146 1.0
15 18 1.0
52 87 1.0
150 229 1.0
121 115 1.0
142 113 1.0
106 82 1.0
114 141 1.0
186 204 1.0
75 184 1.0
174 173 1.0
144 74 1.0
73 189 1.0
63 163 1.0
200 96 1.0
230 148 1.0
173 117 1.0
146 14 1.0
222 68 1.0
233 239 1.0
219 51 1.0
243 23 1.0
202 203 1.0
175 118 1.0
138 236 1.0
193 75 1.0
255 138 1.0
151 24 1.0
75 143 1.0
201 144 1.0
91 233 1.0
44 171 1.0
4 237 1.0
45 155 1.0
166 130 1.0
60 86 1.0
33 103 1.0
216 131 1.0
249 154 1.0
132 135 1.0
114 30 1.0
69 28 1.0
203 15 1.0
20 106 1.0
149 246 1.0
165 94 1.0
145 153 1.0
6 255 1.0
181 91 1.0
154 31 1.0
197 186 1.0
3 240 1.0
138 182 1.0
79 247 1.0
216 74 1.0
168 142 1.0
189 253 1.0
22 60 1.0
223 56 1.0
138 125 1.0
45 41 1.0
124 217 1.0
86 235 1.0
151 80 1.0
124 234 1.0
6 233 1.0
84 175 1.0
217 171 1.0
174 237 1.0
137 155 1.0
104 48 1.0
235 86 1.0
100 55 1.0
172 93 1.0
18 30 1.0
224 211 1.0
193 15 1.0
93 106 1.0
98 53 1.0
133 153 1.0
1 255 1.0
255 154 1.0
212 3 1.0
205 145 1.0
69 205 1.0
116 169 1.0
41 92 1.0
179 151 1.0
102 73 1.0
119 158 1.0
212 124 1.0
1 105 1.0
12 227 1.0
204 64 1.0
228 214 1.0
41 167 1.0
33 224 1.0
146 2 1.0
136 249 1.0
31 62 1.0
166 72 1.0
227 95 1.0
197 216 1.0
144 87 1.0
61 122 1.0
172 229 1.0
114 44 1.0
12 141 1.0
94 204 1.0
248 156 1.0
162 128 1.0
96 99 1.0
31 65 1.0
197 123 1.0
98 215 1.0
236 187 1.0
245 39 1.0
93 110 1.0
88 57 1.0
48 250 1.0
221 12 1.0
21 77 1.0
113 47 1.0
98 140 1.0
30 170 1.0
35 90 1.0
105 152 1.0
187 38 1.0
36 160 1.0
180 219 1.0
91 36 1.0
151 159 1.0
126 197 1.0
195 33 1.0
46 26 1.0
21 174 1.0
42 132 1.0
153 188 1.0
97 7 1.0
64 218 1.0
220 67 1.0
26 147 1.0
5 232 1.0
17 101 1.0
31 198 1.0
188 49 1.0
170 107 1.0
139 127 1.0
171 245 1.0
71 112 1.0
136 41 1.0
217 8 1.0
45 109 1.0
116 32 1.0
93 19 1.0
207 181 1.0
171 191 1.0
157 43 1.0
229 70 1.0
144 63 1.0
174 48 1.0
73 251 1.0
30 244 1.0
101 172 1.0
66 78 1.0
196 52 1.0
99 139 1.0
159 5 1.0
221 222 1.0
86 165 1.0
187 40 1.0
66 190 1.0
97 150 1.0
197 196 1.0
19 230 1.0
134 173 1.0
158 231 1.0
13 137 1.0
88 210 1.0
30 16 1.0
222 248 1.0
136 164 1.0
214 84 1.0
147 25 1.0
155 161 1.0
2 10 1.0
22 46 1.0
211 9 1.0
177 183 1.0
47 21 1.0
215 23 1.0
181 242 1.0
118 138 1.0
35 216 1.0
16 54 1.0
236 143 1.0
113 225 1.0
53 202 1.0
187 20 1.0
183 243 1.0
47 157 1.0
46 50 1.0
163 133 1.0
115 166 1.0
238 83 1.0
203 178 1.0
78 206 1.0
155 240 1.0
77 69 1.0
75 108 1.0
216 22 1.0
248 61 1.0
138 176 1.0
19 88 1.0
14 36 1.0
20 30 1.0
237 28 1.0
1 97 1.0
48 209 1.0
166 180 1.0
226 94 1.0
190 255 1.0
201 199 1.0
65 252 1.0
77 171 1.0
80 237 1.0
198 130 1.0
249 86 1.0
168 235 1.0
132 103 1.0
9 131 1.0
84 203 1.0
180 185 1.0
24 236 1.0
146 117 1.0
158 75 1.0
76 24 1.0
116 144 1.0
123 51 1.0
103 135 1.0
74 96 1.0
4 148 1.0
132 14 1.0
223 246 1.0
62 153 1.0
198 68 1.0
101 66 1.0
178 249 1.0
249 141 1.0
31 204 1.0
109 184 1.0
101 173 1.0
34 121 1.0
163 189 1.0
207 113 1.0
49 111 1.0
37 72 1.0
188 146 1.0
224 18 1.0
193 162 1.0
164 229 1.0
147 115 1.0
140 2 1.0
190 134 1.0
151 100 1.0
183 104 1.0
228 125 1.0
140 116 1.0
10 17 1.0
203 247 1.0
28 80 1.0
12 37 1.0
15 82 1.0
94 228 1.0
235 59 1.0
78 182 1.0
67 74 1.0
102 195 1.0
180 16 1.0
70 163 1.0
150 218 1.0
11 159 1.0
130 157 1.0
89 147 1.0
31 232 1.0
158 101 1.0
216 220 1.0
43 6 1.0
155 126 1.0
155 11 1.0
46 79 1.0
107 26 1.0
74 256 1.0
44 201 1.0
94 241 1.0
100 219 1.0
227 7 1.0
29 105 1.0
4 45 1.0
180 43 1.0
252 64 1.0
142 27 1.0
87 200 1.0
84 73 1.0
145 167 1.0
202 224 1.0
182 223 1.0
76 168 1.0
52 205 1.0
145 169 1.0
43 92 1.0
1 208 1.0
130 178 1.0
110 23 1.0
69 118 1.0
24 192 1.0
237 35 1.0
6 102 1.0
217 85 1.0
237 98 1.0
230 149 1.0
58 129 1.0
218 187 1.0
216 212 1.0
253 194 1.0
171 90 1.0
126 250 1.0
179 120 1.0
98 207 1.0
179 89 1.0
104 238 1.0
146 211 1.0
238 222 1.0
138 106 1.0
28 165 1.0
149 119 1.0
66 172 1.0
64 239 1.0
243 150 1.0
153 13 1.0
244 76 1.0
184 42 1.0
40 254 1.0
251 213 1.0
192 29 1.0
104 248 1.0
22 175 1.0
127 243 1.0
143 56 1.0
123 41 1.0
64 217 1.0
92 86 1.0
199 179 1.0
124 32 1.0
147 93 1.0
136 233 1.0
224 114 1.0
115 193 1.0
106 155 1.0
109 48 1.0
14 53 1.0
198 55 1.0
236 154 1.0
73 31 1.0
134 84 1.0
147 156 1.0
238 46 1.0
186 108 1.0
2 22 1.0
153 99 1.0
50 123 1.0
241 91 1.0
250 186 1.0
211 50 1.0
124 240 1.0
52 166 1.0
54 142 1.0
87 253 1.0
33 234 1.0
149 71 1.0
207 62 1.0
128 227 1.0
135 236 1.0
54 214 1.0
213 216 1.0
41 122 1.0
96 143 1.0
206 202 1.0
68 164 1.0
100 25 1.0
47 161 1.0
220 95 1.0
5 87 1.0
87 229 1.0
61 44 1.0
120 65 1.0
20 135 1.0
89 96 1.0
134 28 1.0
43 148 1.0
185 97 1.0
159 14 1.0
107 58 1.0
80 198 1.0
197 66 1.0
204 3 1.0
30 117 1.0
200 151 1.0
67 24 1.0
92 158 1.0
174 224 1.0
213 124 1.0
121 47 1.0
26 197 1.0
166 140 1.0
138 33 1.0
205 170 1.0
251 152 1.0
237 38 1.0
72 131 1.0
99 36 1.0
202 81 1.0
144 209 1.0
72 180 1.0
14 174 1.0
238 94 1.0
182 188 1.0
117 49 1.0
145 199 1.0
127 82 1.0
221 39 1.0
26 110 1.0
26 230 1.0
222 231 1.0
253 137 1.0
19 16 1.0
212 163 1.0
236 215 1.0
186 100 1.0
244 177 1.0
96 17 1.0
99 57 1.0
187 195 1.0
220 160 1.0
69 77 1.0
120 52 1.0
158 196 1.0
222 139 1.0
85 5 1.0
224 173 1.0
223 121 1.0
225 40 1.0
155 210 1.0
194 190 1.0
230 181 1.0
253 191 1.0
256 222 1.0
180 70 1.0
27 63 1.0
35 251 1.0
242 115 1.0
33 78 1.0
112 127 1.0
61 43 1.0
121 245 1.0
55 112 1.0
207 1 1.0
255 200 1.0
83 109 1.0
19 244 1.0
10 19 1.0
49 20 1.0
136 243 1.0
65 4 1.0
202 226 1.0
148 133 1.0
70 166 1.0
73 83 1.0
131 208 1.0
38 178 1.0
33 206 1.0
99 157 1.0
199 221 1.0
241 34 1.0
19 220 1.0
114 126 1.0
177 88 1.0
25 129 1.0
154 11 1.0
245 79 1.0
147 69 1.0
14 46 1.0
210 9 1.0
134 120 1.0
151 61 1.0
149 21 1.0
68 242 1.0
118 212 1.0
97 10 1.0
24 136 1.0
170 138 1.0
79 54 1.0
209 225 1.0
181 149 1.0
7 23 1.0
251 203 1.0
139 118 1.0
133 236 1.0
136 75 1.0
91 213 1.0
48 143 1.0
135 98 1.0
134 13 1.0
174 148 1.0
82 42 1.0
63 14 1.0
148 246 1.0
3 29 1.0
84 239 1.0
79 51 1.0
247 135 1.0
241 30 1.0
111 211 1.0
244 15 1.0
39 106 1.0
141 53 1.0
50 153 1.0
240 255 1.0
67 233 1.0
57 252 1.0
4 171 1.0
155 237 1.0
199 155 1.0
105 48 1.0
255 86 1.0
17 103 1.0
62 93 1.0
228 154 1.0
29 60 1.0
136 104 1.0
74 125 1.0
101 116 1.0
1 17 1.0
222 235 1.0
125 80 1.0
27 134 1.0
159 31 1.0
136 228 1.0
136 59 1.0
148 182 1.0
143 247 1.0
181 142 1.0
157 253 1.0
206 234 1.0
66 141 1.0
98 204 1.0
129 156 1.0
197 128 1.0
54 74 1.0
90 189 1.0
246 113 1.0
23 123 1.0
148 249 1.0
102 111 1.0
53 72 1.0
108 146 1.0
105 216 1.0
186 87 1.0
186 229 1.0
174 115 1.0
184 105 1.0
11 227 1.0
241 64 1.0
233 214 1.0
243 122 1.0
153 167 1.0
120 224 1.0
137 2 1.0
196 238 1.0
4 211 1.0
232 15 1.0
5 106 1.0
193 53 1.0
111 119 1.0
25 172 1.0
251 154 1.0
208 89 1.0
253 13 1.0
176 76 1.0
204 42 1.0
225 254 1.0
47 165 1.0
12 29 1.0
179 239 1.0
48 203 1.0
147 118 1.0
12 192 1.0
229 35 1.0
195 213 1.0
59 85 1.0
55 98 1.0
100 248 1.0
213 23 1.0
18 242 1.0
141 194 1.0
82 90 1.0
176 102 1.0
228 250 1.0
66 207 1.0
54 149 1.0
192 129 1.0
76 11 1.0
184 212 1.0
116 79 1.0
29 256 1.0
89 201 1.0
241 120 1.0
55 241 1.0
89 219 1.0
252 159 1.0
57 157 1.0
133 221 1.0
72 26 1.0
217 34 1.0
184 220 1.0
97 126 1.0
129 7 1.0
254 20 1.0
27 223 1.0
36 205 1.0
164 92 1.0
178 101 1.0
164 6 1.0
106 208 1.0
106 178 1.0
207 45 1.0
10 43 1.0
178 168 1.0
180 112 1.0
46 226 1.0
155 200 1.0
63 109 1.0
145 224 1.0
75 218 1.0
118 81 1.0
201 67 1.0
46 147 1.0
249 180 1.0
67 58 1.0
51 198 1.0
94 49 1.0
91 66 1.0
229 3 1.0
86 145 1.0
135 148 1.0
174 169 1.0
174 92 1.0
60 24 1.0
155 158 1.0
167 124 1.0
145 71 1.0
117 227 1.0
86 64 1.0
115 214 1.0
214 151 1.0
175 143 1.0
70 224 1.0
35 2 1.0
72 164 1.0
37 62 1.0
215 25 1.0
44 95 1.0
65 216 1.0
94 122 1.0
64 229 1.0
65 44 1.0
10 141 1.0
217 204 1.0
109 156 1.0
181 46 1.0
40 87 1.0
93 99 1.0
189 65 1.0
38 123 1.0
93 91 1.0
61 31 1.0
158 186 1.0
39 240 1.0
150 108 1.0
256 247 1.0
243 22 1.0
143 142 1.0
76 253 1.0
151 60 1.0
65 56 1.0
164 50 1.0
28 41 1.0
12 217 1.0
150 32 1.0
167 234 1.0
138 233 1.0
160 175 1.0
100 114 1.0
56 193 1.0
247 155 1.0
68 48 1.0
8 86 1.0
191 179 1.0
37 55 1.0
148 93 1.0
189 127 1.0
4 245 1.0
118 226 1.0
39 200 1.0
49 109 1.0
242 208 1.0
24 19 1.0
234 20 1.0
201 243 1.0
21 157 1.0
39 4 1.0
84 221 1.0
195 133 1.0
237 166 1.0
32 83 1.0
142 178 1.0
178 52 1.0
33 139 1.0
255 5 1.0
75 222 1.0
249 121 1.0
88 40 1.0
89 115 1.0
54 190 1.0
59 181 1.0
239 191 1.0
49 43 1.0
51 112 1.0
193 70 1.0
250 63 1.0
124 1 1.0
247 251 1.0
2 244 1.0
38 78 1.0
119 215 1.0
195 39 1.0
114 177 1.0
50 110 1.0
126 57 1.0
218 195 1.0
123 16 1.0
250 77 1.0
90 150 1.0
253 196 1.0
229 230 1.0
2 173 1.0
177 231 1.0
2 137 1.0
213 210 1.0
181 163 1.0
39 36 1.0
50 197 1.0
251 33 1.0
39 209 1.0
110 174 1.0
181 94 1.0
102 188 1.0
130 7 1.0
205 47 1.0
256 187 1.0
229 140 1.0
143 170 1.0
31 17 1.0
56 152 1.0
142 38 1.0
32 160 1.0
62 131 1.0
153 252 1.0
167 171 1.0
95 104 1.0
192 237 1.0
180 130 1.0
43 86 1.0
24 235 1.0
240 103 1.0
48 131 1.0
38 134 1.0
78 60 1.0
115 125 1.0
229 116 1.0
75 17 1.0
65 247 1.0
14 195 1.0
29 80 1.0
1 37 1.0
147 135 1.0
128 96 1.0
133 28 1.0
246 148 1.0
156 14 1.0
99 246 1.0
104 153 1.0
18 68 1.0
150 239 1.0
3 233 1.0
199 30 1.0
154 15 1.0
191 155 1.0
252 106 1.0
216 94 1.0
73 255 1.0
81 154 1.0
84 23 1.0
139 242 1.0
253 136 1.0
109 138 1.0
120 54 1.0
182 143 1.0
76 225 1.0
246 202 1.0
190 203 1.0
96 118 1.0
246 236 1.0
218 42 1.0
102 75 1.0
92 24 1.0
8 144 1.0
195 51 1.0
198 206 1.0
6 69 1.0
138 46 1.0
211 34 1.0
118 220 1.0
40 61 1.0
1 176 1.0
213 88 1.0
43 129 1.0
206 11 1.0
71 212 1.0
31 79 1.0
250 10 1.0
93 9 1.0
136 183 1.0
168 21 1.0
7 218 1.0
224 159 1.0
157 67 1.0
139 147 1.0
149 232 1.0
131 132 1.0
32 6 1.0
31 49 1.0
157 145 1.0
198 205 1.0
115 169 1.0
143 92 1.0
53 101 1.0
185 158 1.0
186 107 1.0
101 168 1.0
16 187 1.0
45 140 1.0
156 194 1.0
80 90 1.0
221 250 1.0
222 120 1.0
125 207 1.0
89 47 1.0
164 197 1.0
211 33 1.0
61 26 1.0
146 256 1.0
221 201 1.0
232 241 1.0
207 219 1.0
32 7 1.0
229 249 1.0
212 141 1.0
104 204 1.0
92 184 1.0
127 128 1.0
82 87 1.0
60 229 1.0
192 189 1.0
220 113 1.0
91 31 1.0
70 228 1.0
156 59 1.0
153 182 1.0
61 74 1.0
150 253 1.0
173 163 1.0
147 105 1.0
138 45 1.0
31 227 1.0
178 64 1.0
249 151 1.0
143 73 1.0
239 167 1.0
83 224 1.0
50 111 1.0
153 72 1.0
10 146 1.0
155 27 1.0
155 18 1.0
92 162 1.0
108 115 1.0
210 2 1.0
101 91 1.0
166 186 1.0
103 240 1.0
141 166 1.0
117 142 1.0
30 176 1.0
8 234 1.0
226 175 1.0
104 243 1.0
10 56 1.0
54 50 1.0
115 41 1.0
182 217 1.0
7 8 1.0
213 179 1.0
29 32 1.0
50 164 1.0
16 25 1.0
246 95 1.0
147 216 1.0
216 87 1.0
45 183 1.0
240 44 1.0
95 65 1.0
165 31 1.0
224 84 1.0
51 161 1.0
200 156 1.0
66 46 1.0
115 108 1.0
189 22 1.0
155 99 1.0
8 123 1.0
156 13 1.0
146 76 1.0
71 230 1.0
170 254 1.0
151 213 1.0
182 29 1.0
256 239 1.0
115 248 1.0
181 215 1.0
99 150 1.0
231 118 1.0
182 192 1.0
63 35 1.0
184 102 1.0
140 12 1.0
9 98 1.0
174 149 1.0
186 181 1.0
59 114 1.0
53 193 1.0
211 70 1.0
156 48 1.0
245 251 1.0
147 55 1.0
14 93 1.0
90 154 1.0
226 89 1.0
162 238 1.0
187 139 1.0
21 222 1.0
129 63 1.0
68 165 1.0
76 119 1.0
183 172 1.0
127 252 1.0
227 104 1.0
215 237 1.0
216 170 1.0
166 152 1.0
200 38 1.0
6 131 1.0
232 215 1.0
144 100 1.0
181 228 1.0
170 177 1.0
99 17 1.0
64 57 1.0
19 195 1.0
254 160 1.0
114 37 1.0
56 82 1.0
17 110 1.0
256 230 1.0
9 231 1.0
41 137 1.0
3 189 1.0
250 16 1.0
244 163 1.0
170 52 1.0
64 196 1.0
232 139 1.0
69 5 1.0
251 173 1.0
115 121 1.0
94 40 1.0
36 113 1.0
195 71 1.0
125 62 1.0
144 185 1.0
212 236 1.0
156 214 1.0
63 122 1.0
93 143 1.0
37 202 1.0
254 3 1.0
93 117 1.0
149 14 1.0
157 75 1.0
98 24 1.0
13 68 1.0
141 144 1.0
57 124 1.0
140 135 1.0
171 96 1.0
178 28 1.0
16 148 1.0
119 97 1.0
192 58 1.0
53 198 1.0
234 66 1.0
76 36 1.0
22 81 1.0
14 197 1.0
235 209 1.0
12 180 1.0
60 130 1.0
65 94 1.0
187 103 1.0
47 255 1.0
131 199 1.0
12 129 1.0
188 11 1.0
40 79 1.0
248 256 1.0
232 9 1.0
51 120 1.0
111 241 1.0
95 21 1.0
80 23 1.0
177 242 1.0
195 212 1.0
23 194 1.0
35 136 1.0
135 102 1.0
46 54 1.0
127 207 1.0
219 149 1.0
155 203 1.0
83 118 1.0
11 192 1.0
78 35 1.0
168 213 1.0
212 85 1.0
72 98 1.0
100 89 1.0
196 13 1.0
242 76 1.0
158 42 1.0
196 254 1.0
108 246 1.0
51 29 1.0
98 239 1.0
90 51 1.0
215 105 1.0
170 191 1.0
111 146 1.0
243 27 1.0
1 63 1.0
84 162 1.0
10 244 1.0
7 115 1.0
1 78 1.0
71 45 1.0
177 43 1.0
3 168 1.0
41 112 1.0
183 226 1.0
246 1 1.0
24 200 1.0
122 109 1.0
134 224 1.0
147 20 1.0
242 223 1.0
229 4 1.0
182 133 1.0
187 101 1.0
169 83 1.0
240 208 1.0
79 178 1.0
35 206 1.0
148 157 1.0
142 221 1.0
133 69 1.0
74 34 1.0
94 220 1.0
115 126 1.0
57 88 1.0
