*Vertices 128
1 "V0"
2 "V100"
3 "V11"
4 "V89"
5 "V15"
6 "V85"
7 "V119"
8 "V104"
9 "V45"
10 "V30"
11 "V34"
12 "V64"
13 "V123"
14 "V121"
15 "V125"
16 "V9"
17 "V68"
18 "V66"
19 "V70"
20 "V13"
21 "V17"
22 "V87"
23 "V28"
24 "V102"
25 "V117"
26 "V32"
27 "V106"
28 "V51"
29 "V49"
30 "V47"
31 "V53"
32 "V81"
33 "V83"
34 "V22"
35 "V26"
36 "V96"
37 "V37"
38 "V111"
39 "V126"
40 "V41"
41 "V115"
42 "V60"
43 "V58"
44 "V56"
45 "V62"
46 "V7"
47 "V5"
48 "V3"
49 "V1"
50 "V90"
51 "V92"
52 "V109"
53 "V98"
54 "V20"
55 "V24"
56 "V94"
57 "V113"
58 "V54"
59 "V43"
60 "V39"
61 "V73"
62 "V18"
63 "V77"
64 "V75"
65 "V79"
66 "V63"
67 "V122"
68 "V52"
69 "V48"
70 "V118"
71 "V107"
72 "V29"
73 "V103"
74 "V33"
75 "V27"
76 "V86"
77 "V84"
78 "V88"
79 "V82"
80 "V120"
81 "V50"
82 "V124"
83 "V31"
84 "V35"
85 "V105"
86 "V46"
87 "V14"
88 "V10"
89 "V16"
90 "V12"
91 "V101"
92 "V99"
93 "V65"
94 "V71"
95 "V67"
96 "V69"
97 "V59"
98 "V40"
99 "V44"
100 "V114"
101 "V55"
102 "V25"
103 "V19"
104 "V21"
105 "V110"
106 "V108"
107 "V23"
108 "V76"
109 "V74"
110 "V80"
111 "V78"
112 "V72"
113 "V61"
114 "V57"
115 "V127"
116 "V38"
117 "V116"
118 "V112"
119 "V42"
120 "V36"
121 "V95"
122 "V93"
123 "V97"
124 "V91"
125 "V8"
126 "V6"
127 "V4"
128 "V2"
*Arcs
36 23 1.0
1 122 1.0
104 5 1.0
95 43 1.0
100 66 1.0
4 52 1.0
116 21 1.0
6 23 1.0
88 1 1.0
44 16 1.0
11 123 1.0
73 123 1.0
75 79 1.0
109 69 1.0
14 36 1.0
13 77 1.0
9 34 1.0
89 106 1.0
51 34 1.0
66 54 1.0
105 68 1.0
17 56 1.0
11 88 1.0
32 73 1.0
68 65 1.0
20 60 1.0
115 54 1.0
47 106 1.0
19 16 1.0
92 114 1.0
107 5 1.0
40 94 1.0
24 28 1.0
117 90 1.0
97 79 1.0
78 117 1.0
90 101 1.0
10 125 1.0
85 103 1.0
30 34 1.0
69 41 1.0
13 44 1.0
49 40 1.0
63 5 1.0
103 77 1.0
56 35 1.0
118 53 1.0
32 48 1.0
18 48 1.0
101 5 1.0
35 80 1.0
91 56 1.0
37 3 1.0
33 24 1.0
125 31 1.0
7 70 1.0
99 1 1.0
50 11 1.0
35 54 1.0
112 32 1.0
41 69 1.0
74 116 1.0
106 101 1.0
42 48 1.0
65 59 1.0
5 58 1.0
113 16 1.0
123 105 1.0
47 88 1.0
34 49 1.0
39 64 1.0
127 73 1.0
81 103 1.0
3 66 1.0
76 110 1.0
41 91 1.0
60 47 1.0
17 26 1.0
56 81 1.0
1 38 1.0
67 2 1.0
64 53 1.0
8 88 1.0
23 3 1.0
114 21 1.0
60 18 1.0
61 123 1.0
12 86 1.0
21 110 1.0
122 39 1.0
86 89 1.0
62 39 1.0
31 21 1.0
126 23 1.0
79 10 1.0
84 20 1.0
38 65 1.0
20 3 1.0
4 39 1.0
42 126 1.0
27 35 1.0
68 115 1.0
83 13 1.0
55 99 1.0
2 106 1.0
94 55 1.0
25 48 1.0
71 20 1.0
119 73 1.0
95 45 1.0
76 31 1.0
57 93 1.0
116 35 1.0
77 69 1.0
16 117 1.0
111 116 1.0
82 5 1.0
128 102 1.0
29 87 1.0
121 39 1.0
54 105 1.0
124 69 1.0
9 99 1.0
80 43 1.0
80 66 1.0
45 95 1.0
89 30 1.0
24 96 1.0
83 122 1.0
44 125 1.0
61 12 1.0
75 94 1.0
107 68 1.0
88 105 1.0
53 20 1.0
117 122 1.0
98 3 1.0
96 107 1.0
92 124 1.0
11 16 1.0
93 4 1.0
52 89 1.0
115 91 1.0
28 85 1.0
110 90 1.0
47 1 1.0
30 105 1.0
13 123 1.0
56 44 1.0
72 49 1.0
49 68 1.0
108 72 1.0
43 83 1.0
85 124 1.0
99 3 1.0
22 49 1.0
90 96 1.0
91 47 1.0
102 57 1.0
112 87 1.0
46 40 1.0
58 116 1.0
107 1 1.0
118 126 1.0
120 100 1.0
33 101 1.0
62 43 1.0
93 21 1.0
111 20 1.0
15 77 1.0
48 41 1.0
65 20 1.0
26 116 1.0
71 100 1.0
114 41 1.0
113 81 1.0
87 126 1.0
50 61 1.0
59 5 1.0
70 39 1.0
118 44 1.0
73 22 1.0
120 24 1.0
88 84 1.0
114 30 1.0
6 64 1.0
60 90 1.0
124 84 1.0
100 16 1.0
17 20 1.0
36 16 1.0
104 73 1.0
81 3 1.0
128 126 1.0
68 88 1.0
126 67 1.0
32 69 1.0
55 85 1.0
92 20 1.0
5 44 1.0
25 66 1.0
8 43 1.0
19 74 1.0
20 38 1.0
78 126 1.0
40 99 1.0
109 106 1.0
23 101 1.0
86 113 1.0
15 105 1.0
14 101 1.0
66 35 1.0
51 42 1.0
21 81 1.0
84 102 1.0
19 106 1.0
105 51 1.0
37 127 1.0
57 121 1.0
77 123 1.0
125 1 1.0
101 64 1.0
24 30 1.0
23 100 1.0
35 5 1.0
25 42 1.0
61 95 1.0
99 88 1.0
7 66 1.0
97 74 1.0
29 21 1.0
27 28 1.0
10 25 1.0
63 128 1.0
128 44 1.0
82 26 1.0
69 11 1.0
121 52 1.0
103 22 1.0
18 126 1.0
33 40 1.0
76 49 1.0
98 109 1.0
41 57 1.0
36 63 1.0
96 46 1.0
34 90 1.0
64 23 1.0
72 75 1.0
8 21 1.0
40 79 1.0
43 74 1.0
3 44 1.0
106 22 1.0
74 48 1.0
45 81 1.0
45 102 1.0
5 78 1.0
124 98 1.0
123 126 1.0
46 28 1.0
28 20 1.0
127 51 1.0
39 126 1.0
110 96 1.0
94 44 1.0
70 68 1.0
52 27 1.0
54 62 1.0
31 122 1.0
102 100 1.0
2 47 1.0
42 88 1.0
71 121 1.0
58 85 1.0
119 1 1.0
87 125 1.0
4 101 1.0
122 73 1.0
62 20 1.0
12 34 1.0
1 87 1.0
67 52 1.0
30 127 1.0
79 116 1.0
46 73 1.0
38 83 1.0
64 87 1.0
120 64 1.0
80 101 1.0
9 40 1.0
109 110 1.0
67 16 1.0
89 128 1.0
51 5 1.0
44 5 1.0
6 98 1.0
16 65 1.0
75 87 1.0
74 30 1.0
73 56 1.0
95 73 1.0
54 30 1.0
116 46 1.0
100 86 1.0
78 116 1.0
48 105 1.0
111 21 1.0
83 99 1.0
36 114 1.0
29 116 1.0
15 73 1.0
85 42 1.0
10 95 1.0
108 94 1.0
13 5 1.0
49 1 1.0
69 22 1.0
117 2 1.0
40 48 1.0
22 93 1.0
90 14 1.0
97 55 1.0
86 44 1.0
68 77 1.0
53 68 1.0
90 125 1.0
107 85 1.0
91 117 1.0
19 12 1.0
66 122 1.0
52 16 1.0
95 102 1.0
11 50 1.0
115 119 1.0
47 73 1.0
32 102 1.0
65 49 1.0
26 105 1.0
106 5 1.0
97 99 1.0
113 42 1.0
50 107 1.0
5 6 1.0
59 87 1.0
100 52 1.0
7 82 1.0
112 126 1.0
35 45 1.0
91 125 1.0
102 92 1.0
58 72 1.0
125 126 1.0
33 88 1.0
37 125 1.0
118 94 1.0
110 28 1.0
93 75 1.0
103 41 1.0
56 102 1.0
12 74 1.0
112 43 1.0
105 126 1.0
86 63 1.0
122 28 1.0
21 92 1.0
64 81 1.0
14 79 1.0
115 95 1.0
116 125 1.0
8 125 1.0
23 111 1.0
88 22 1.0
76 41 1.0
114 94 1.0
41 100 1.0
122 14 1.0
60 80 1.0
104 122 1.0
123 1 1.0
17 74 1.0
39 89 1.0
127 39 1.0
127 68 1.0
81 30 1.0
16 27 1.0
77 95 1.0
57 31 1.0
116 22 1.0
18 44 1.0
6 86 1.0
80 24 1.0
7 78 1.0
61 21 1.0
24 72 1.0
10 86 1.0
75 63 1.0
101 31 1.0
12 58 1.0
45 125 1.0
89 122 1.0
124 93 1.0
99 49 1.0
16 57 1.0
28 127 1.0
115 1 1.0
47 49 1.0
110 79 1.0
74 24 1.0
52 106 1.0
31 100 1.0
21 17 1.0
92 48 1.0
84 18 1.0
79 128 1.0
126 88 1.0
25 39 1.0
119 41 1.0
78 108 1.0
55 28 1.0
94 120 1.0
27 52 1.0
27 56 1.0
28 110 1.0
83 39 1.0
20 17 1.0
42 95 1.0
121 74 1.0
54 89 1.0
128 60 1.0
63 123 1.0
29 23 1.0
82 81 1.0
2 20 1.0
34 87 1.0
58 20 1.0
112 59 1.0
102 48 1.0
59 126 1.0
70 62 1.0
38 18 1.0
113 90 1.0
4 117 1.0
87 45 1.0
26 30 1.0
71 41 1.0
44 123 1.0
81 47 1.0
15 39 1.0
48 60 1.0
111 103 1.0
104 42 1.0
36 125 1.0
49 44 1.0
60 63 1.0
100 108 1.0
50 22 1.0
95 74 1.0
53 87 1.0
34 33 1.0
96 29 1.0
53 38 1.0
117 91 1.0
98 16 1.0
22 109 1.0
3 39 1.0
43 99 1.0
59 99 1.0
85 73 1.0
72 110 1.0
108 39 1.0
67 106 1.0
1 60 1.0
30 55 1.0
62 94 1.0
56 92 1.0
93 57 1.0
38 16 1.0
63 77 1.0
120 83 1.0
46 81 1.0
33 43 1.0
13 22 1.0
49 123 1.0
63 78 1.0
10 52 1.0
27 83 1.0
69 96 1.0
97 68 1.0
90 56 1.0
78 81 1.0
40 3 1.0
25 117 1.0
73 34 1.0
19 17 1.0
101 83 1.0
75 120 1.0
125 106 1.0
77 86 1.0
37 106 1.0
118 14 1.0
79 88 1.0
18 23 1.0
121 101 1.0
103 28 1.0
69 101 1.0
9 55 1.0
14 23 1.0
51 45 1.0
23 64 1.0
82 83 1.0
109 29 1.0
44 96 1.0
73 72 1.0
84 82 1.0
6 85 1.0
88 82 1.0
92 80 1.0
87 14 1.0
107 90 1.0
126 48 1.0
68 61 1.0
105 97 1.0
11 128 1.0
32 42 1.0
21 101 1.0
66 87 1.0
96 110 1.0
122 41 1.0
86 1 1.0
67 38 1.0
12 61 1.0
62 77 1.0
8 81 1.0
98 67 1.0
114 87 1.0
1 105 1.0
64 30 1.0
72 52 1.0
55 20 1.0
103 12 1.0
2 54 1.0
70 106 1.0
119 60 1.0
94 102 1.0
106 52 1.0
84 87 1.0
38 5 1.0
109 5 1.0
31 87 1.0
79 107 1.0
46 105 1.0
5 106 1.0
50 40 1.0
45 72 1.0
106 29 1.0
113 98 1.0
74 47 1.0
35 81 1.0
91 93 1.0
61 76 1.0
7 127 1.0
117 125 1.0
99 128 1.0
17 126 1.0
121 45 1.0
41 56 1.0
98 72 1.0
76 81 1.0
3 122 1.0
65 56 1.0
39 107 1.0
127 49 1.0
28 9 1.0
123 64 1.0
126 41 1.0
34 3 1.0
96 5 1.0
117 1 1.0
2 44 1.0
3 82 1.0
68 28 1.0
107 94 1.0
53 100 1.0
43 66 1.0
85 35 1.0
9 74 1.0
40 53 1.0
90 48 1.0
22 26 1.0
124 111 1.0
89 34 1.0
66 106 1.0
14 20 1.0
80 49 1.0
9 16 1.0
110 126 1.0
47 105 1.0
115 56 1.0
52 53 1.0
18 41 1.0
11 60 1.0
6 19 1.0
116 72 1.0
57 60 1.0
22 2 1.0
95 106 1.0
54 41 1.0
109 49 1.0
75 122 1.0
24 34 1.0
26 94 1.0
44 117 1.0
16 21 1.0
71 116 1.0
83 79 1.0
42 59 1.0
31 64 1.0
20 39 1.0
4 73 1.0
36 47 1.0
29 7 1.0
82 39 1.0
128 48 1.0
111 102 1.0
60 35 1.0
100 102 1.0
76 65 1.0
88 62 1.0
114 99 1.0
73 76 1.0
37 49 1.0
23 6 1.0
14 47 1.0
39 60 1.0
64 5 1.0
86 100 1.0
113 48 1.0
43 1 1.0
106 85 1.0
26 48 1.0
65 35 1.0
48 77 1.0
15 113 1.0
81 89 1.0
48 51 1.0
123 39 1.0
104 31 1.0
17 89 1.0
51 95 1.0
58 126 1.0
125 91 1.0
33 54 1.0
102 88 1.0
91 61 1.0
55 105 1.0
59 72 1.0
7 113 1.0
57 99 1.0
112 89 1.0
87 128 1.0
50 111 1.0
108 56 1.0
10 99 1.0
30 23 1.0
13 62 1.0
49 116 1.0
93 23 1.0
56 9 1.0
103 20 1.0
120 34 1.0
65 23 1.0
118 100 1.0
45 117 1.0
66 52 1.0
52 94 1.0
99 30 1.0
124 54 1.0
5 87 1.0
61 16 1.0
70 117 1.0
80 117 1.0
24 90 1.0
72 6 1.0
35 49 1.0
16 68 1.0
77 45 1.0
101 57 1.0
57 107 1.0
77 14 1.0
37 90 1.0
54 109 1.0
121 17 1.0
18 26 1.0
82 1 1.0
128 119 1.0
69 59 1.0
63 18 1.0
27 126 1.0
83 100 1.0
97 5 1.0
81 119 1.0
20 24 1.0
78 38 1.0
119 72 1.0
25 102 1.0
85 30 1.0
19 41 1.0
55 41 1.0
92 95 1.0
89 40 1.0
31 62 1.0
126 47 1.0
32 16 1.0
84 107 1.0
105 39 1.0
94 3 1.0
12 21 1.0
21 28 1.0
51 76 1.0
71 23 1.0
26 59 1.0
111 34 1.0
48 81 1.0
15 40 1.0
29 128 1.0
70 73 1.0
59 82 1.0
4 35 1.0
87 100 1.0
42 123 1.0
101 56 1.0
58 34 1.0
2 77 1.0
104 65 1.0
102 2 1.0
105 14 1.0
94 31 1.0
108 61 1.0
93 69 1.0
120 106 1.0
38 105 1.0
79 87 1.0
46 17 1.0
67 80 1.0
30 82 1.0
108 107 1.0
1 99 1.0
62 126 1.0
122 31 1.0
43 56 1.0
22 100 1.0
3 79 1.0
72 23 1.0
119 75 1.0
8 40 1.0
96 62 1.0
34 24 1.0
98 20 1.0
41 53 1.0
123 122 1.0
127 106 1.0
110 120 1.0
74 94 1.0
53 54 1.0
125 123 1.0
28 52 1.0
39 7 1.0
