*Vertices 64
1 "V0"
2 "V63"
3 "V52"
4 "V11"
5 "V15"
6 "V48"
7 "V45"
8 "V30"
9 "V29"
10 "V34"
11 "V33"
12 "V27"
13 "V9"
14 "V13"
15 "V17"
16 "V50"
17 "V28"
18 "V31"
19 "V35"
20 "V32"
21 "V46"
22 "V14"
23 "V51"
24 "V49"
25 "V16"
26 "V10"
27 "V53"
28 "V12"
29 "V47"
30 "V22"
31 "V26"
32 "V59"
33 "V37"
34 "V40"
35 "V44"
36 "V41"
37 "V55"
38 "V60"
39 "V58"
40 "V19"
41 "V25"
42 "V62"
43 "V56"
44 "V21"
45 "V23"
46 "V7"
47 "V5"
48 "V3"
49 "V1"
50 "V20"
51 "V61"
52 "V57"
53 "V24"
54 "V54"
55 "V38"
56 "V43"
57 "V42"
58 "V39"
59 "V36"
60 "V18"
61 "V6"
62 "V8"
63 "V4"
64 "V2"
*Arcs
1 21 1.0
30 46 1.0
11 24 1.0
16 36 1.0
47 43 1.0
23 64 1.0
63 3 1.0
4 22 1.0
30 48 1.0
8 16 1.0
58 28 1.0
10 52 1.0
34 12 1.0
1 50 1.0
17 27 1.0
4 44 1.0
39 14 1.0
52 54 1.0
9 8 1.0
13 52 1.0
1 40 1.0
15 8 1.0
29 50 1.0
21 24 1.0
14 45 1.0
15 31 1.0
60 28 1.0
6 4 1.0
59 27 1.0
40 27 1.0
54 33 1.0
37 58 1.0
46 7 1.0
33 50 1.0
62 33 1.0
41 38 1.0
56 19 1.0
23 52 1.0
35 45 1.0
29 44 1.0
51 61 1.0
31 28 1.0
22 64 1.0
20 6 1.0
11 44 1.0
5 64 1.0
48 3 1.0
51 44 1.0
30 63 1.0
31 46 1.0
16 5 1.0
55 40 1.0
44 42 1.0
43 28 1.0
43 22 1.0
13 36 1.0
58 62 1.0
12 53 1.0
26 49 1.0
7 35 1.0
7 31 1.0
38 26 1.0
43 53 1.0
42 27 1.0
17 13 1.0
25 3 1.0
10 61 1.0
47 53 1.0
10 33 1.0
49 24 1.0
23 16 1.0
15 24 1.0
47 31 1.0
2 19 1.0
45 32 1.0
19 64 1.0
61 63 1.0
3 6 1.0
27 1 1.0
61 64 1.0
28 63 1.0
53 6 1.0
36 1 1.0
56 39 1.0
57 44 1.0
58 47 1.0
49 64 1.0
8 29 1.0
14 61 1.0
38 8 1.0
18 24 1.0
32 42 1.0
60 46 1.0
64 36 1.0
40 46 1.0
24 58 1.0
6 62 1.0
50 30 1.0
31 17 1.0
22 59 1.0
56 46 1.0
3 17 1.0
35 1 1.0
6 35 1.0
33 22 1.0
41 43 1.0
54 29 1.0
62 64 1.0
46 11 1.0
37 1 1.0
12 7 1.0
63 43 1.0
44 64 1.0
23 35 1.0
16 26 1.0
30 42 1.0
48 31 1.0
5 49 1.0
42 7 1.0
20 38 1.0
51 43 1.0
11 1 1.0
39 50 1.0
52 31 1.0
4 24 1.0
34 25 1.0
9 45 1.0
28 4 1.0
18 43 1.0
19 3 1.0
45 22 1.0
34 45 1.0
19 46 1.0
22 57 1.0
59 31 1.0
26 45 1.0
60 40 1.0
27 30 1.0
46 6 1.0
21 57 1.0
29 1 1.0
1 27 1.0
9 60 1.0
49 53 1.0
60 14 1.0
38 35 1.0
32 28 1.0
57 43 1.0
14 16 1.0
8 28 1.0
34 46 1.0
35 33 1.0
14 49 1.0
36 24 1.0
53 28 1.0
33 25 1.0
55 8 1.0
40 48 1.0
50 29 1.0
37 11 1.0
45 27 1.0
62 45 1.0
6 12 1.0
24 40 1.0
64 14 1.0
18 41 1.0
64 11 1.0
40 62 1.0
17 40 1.0
25 45 1.0
7 32 1.0
51 42 1.0
52 5 1.0
21 35 1.0
58 55 1.0
12 22 1.0
43 35 1.0
26 60 1.0
13 46 1.0
52 43 1.0
59 28 1.0
61 4 1.0
45 30 1.0
3 24 1.0
3 4 1.0
53 22 1.0
47 44 1.0
15 40 1.0
2 43 1.0
10 5 1.0
61 33 1.0
2 58 1.0
19 53 1.0
64 24 1.0
40 14 1.0
46 49 1.0
4 61 1.0
59 53 1.0
59 18 1.0
5 22 1.0
62 1 1.0
7 48 1.0
41 33 1.0
27 47 1.0
41 21 1.0
54 30 1.0
9 25 1.0
36 27 1.0
39 26 1.0
4 46 1.0
39 30 1.0
28 46 1.0
60 21 1.0
8 45 1.0
29 25 1.0
1 61 1.0
49 35 1.0
29 48 1.0
16 48 1.0
23 15 1.0
63 48 1.0
44 26 1.0
11 56 1.0
17 46 1.0
34 31 1.0
58 45 1.0
20 53 1.0
26 8 1.0
52 3 1.0
30 17 1.0
35 57 1.0
24 26 1.0
27 43 1.0
56 64 1.0
31 49 1.0
22 63 1.0
51 41 1.0
42 17 1.0
20 45 1.0
5 4 1.0
48 24 1.0
3 64 1.0
27 33 1.0
61 8 1.0
45 49 1.0
19 31 1.0
33 31 1.0
57 48 1.0
36 31 1.0
36 4 1.0
28 1 1.0
32 11 1.0
53 25 1.0
21 41 1.0
39 20 1.0
42 64 1.0
7 4 1.0
17 28 1.0
25 36 1.0
46 33 1.0
2 28 1.0
48 33 1.0
10 16 1.0
15 27 1.0
47 11 1.0
50 5 1.0
13 23 1.0
50 44 1.0
55 13 1.0
33 44 1.0
53 26 1.0
43 36 1.0
13 17 1.0
54 53 1.0
12 3 1.0
37 57 1.0
31 3 1.0
18 35 1.0
57 24 1.0
38 16 1.0
14 64 1.0
32 31 1.0
22 49 1.0
50 24 1.0
18 1 1.0
24 35 1.0
64 40 1.0
6 21 1.0
48 43 1.0
39 27 1.0
2 22 1.0
4 48 1.0
52 57 1.0
9 27 1.0
17 33 1.0
26 1 1.0
30 25 1.0
34 33 1.0
9 4 1.0
11 40 1.0
58 24 1.0
44 40 1.0
11 62 1.0
23 38 1.0
63 29 1.0
16 44 1.0
63 49 1.0
20 33 1.0
5 9 1.0
35 44 1.0
5 48 1.0
42 20 1.0
51 48 1.0
56 61 1.0
56 53 1.0
16 56 1.0
22 13 1.0
38 46 1.0
31 44 1.0
54 42 1.0
54 5 1.0
41 28 1.0
62 6 1.0
21 1 1.0
33 14 1.0
25 61 1.0
28 8 1.0
59 46 1.0
40 35 1.0
46 64 1.0
6 44 1.0
49 6 1.0
1 42 1.0
29 33 1.0
8 1 1.0
60 35 1.0
35 46 1.0
7 14 1.0
25 52 1.0
32 48 1.0
42 61 1.0
37 49 1.0
12 25 1.0
43 20 1.0
12 43 1.0
26 46 1.0
37 26 1.0
55 10 1.0
41 59 1.0
44 30 1.0
55 35 1.0
44 4 1.0
13 61 1.0
24 28 1.0
64 45 1.0
24 43 1.0
48 30 1.0
20 44 1.0
50 25 1.0
38 11 1.0
49 61 1.0
14 33 1.0
32 14 1.0
18 4 1.0
8 22 1.0
28 7 1.0
53 11 1.0
57 41 1.0
55 27 1.0
36 18 1.0
57 61 1.0
45 48 1.0
19 63 1.0
27 28 1.0
47 63 1.0
3 53 1.0
61 45 1.0
10 1 1.0
15 28 1.0
21 4 1.0
62 18 1.0
25 48 1.0
63 32 1.0
2 4 1.0
