*Vertices 64
1 "V0"
2 "V63"
3 "V52"
4 "V11"
5 "V15"
6 "V48"
7 "V45"
8 "V30"
9 "V29"
10 "V34"
11 "V33"
12 "V27"
13 "V9"
14 "V13"
15 "V17"
16 "V50"
17 "V28"
18 "V31"
19 "V35"
20 "V32"
21 "V46"
22 "V14"
23 "V51"
24 "V49"
25 "V16"
26 "V10"
27 "V53"
28 "V12"
29 "V47"
30 "V22"
31 "V26"
32 "V59"
33 "V37"
34 "V40"
35 "V44"
36 "V41"
37 "V55"
38 "V60"
39 "V58"
40 "V19"
41 "V25"
42 "V62"
43 "V56"
44 "V21"
45 "V23"
46 "V7"
47 "V5"
48 "V3"
49 "V1"
50 "V20"
51 "V61"
52 "V57"
53 "V24"
54 "V54"
55 "V38"
56 "V43"
57 "V42"
58 "V39"
59 "V36"
60 "V18"
61 "V6"
62 "V8"
63 "V4"
64 "V2"
*Arcs
62 1 1.0
38 21 1.0
21 15 1.0
5 59 1.0
27 61 1.0
19 54 1.0
52 53 1.0
36 57 1.0
15 14 1.0
6 38 1.0
25 18 1.0
23 64 1.0
45 16 1.0
62 50 1.0
42 55 1.0
18 43 1.0
34 13 1.0
63 12 1.0
46 25 1.0
41 7 1.0
62 10 1.0
33 2 1.0
61 27 1.0
33 47 1.0
47 45 1.0
5 36 1.0
42 9 1.0
41 49 1.0
37 4 1.0
4 32 1.0
49 33 1.0
43 29 1.0
58 60 1.0
32 41 1.0
27 46 1.0
49 37 1.0
1 42 1.0
12 20 1.0
59 56 1.0
36 22 1.0
14 44 1.0
56 23 1.0
10 48 1.0
60 17 1.0
7 52 1.0
34 26 1.0
51 58 1.0
47 15 1.0
60 21 1.0
44 61 1.0
54 27 1.0
34 19 1.0
22 38 1.0
56 8 1.0
4 64 1.0
57 24 1.0
59 53 1.0
42 36 1.0
7 28 1.0
46 43 1.0
16 31 1.0
38 35 1.0
27 40 1.0
25 55 1.0
49 13 1.0
14 30 1.0
37 63 1.0
60 3 1.0
27 34 1.0
62 2 1.0
27 5 1.0
36 11 1.0
15 29 1.0
34 1 1.0
26 60 1.0
17 4 1.0
50 39 1.0
50 9 1.0
56 14 1.0
64 51 1.0
2 57 1.0
7 54 1.0
4 41 1.0
20 59 1.0
13 46 1.0
4 26 1.0
37 43 1.0
19 58 1.0
48 23 1.0
11 50 1.0
24 18 1.0
64 48 1.0
54 47 1.0
9 10 1.0
51 2 1.0
8 25 1.0
21 7 1.0
59 12 1.0
19 49 1.0
14 8 1.0
31 32 1.0
50 28 1.0
19 36 1.0
53 45 1.0
60 27 1.0
43 22 1.0
4 35 1.0
1 11 1.0
8 42 1.0
51 48 1.0
51 23 1.0
29 44 1.0
62 40 1.0
60 6 1.0
9 33 1.0
34 37 1.0
22 62 1.0
28 31 1.0
1 59 1.0
59 61 1.0
12 54 1.0
16 53 1.0
8 57 1.0
38 28 1.0
14 34 1.0
37 26 1.0
54 52 1.0
21 17 1.0
16 21 1.0
11 15 1.0
46 7 1.0
32 31 1.0
59 13 1.0
60 43 1.0
38 11 1.0
8 2 1.0
2 5 1.0
4 16 1.0
59 64 1.0
62 18 1.0
11 38 1.0
21 55 1.0
49 50 1.0
9 60 1.0
61 49 1.0
21 29 1.0
52 54 1.0
57 41 1.0
7 59 1.0
29 46 1.0
36 30 1.0
30 47 1.0
56 3 1.0
23 39 1.0
23 9 1.0
48 36 1.0
16 4 1.0
38 12 1.0
58 52 1.0
22 21 1.0
39 50 1.0
59 26 1.0
16 58 1.0
28 20 1.0
53 48 1.0
9 23 1.0
60 56 1.0
19 51 1.0
31 22 1.0
60 24 1.0
29 40 1.0
32 33 1.0
20 28 1.0
64 38 1.0
18 8 1.0
43 49 1.0
34 27 1.0
56 45 1.0
43 36 1.0
2 25 1.0
51 10 1.0
62 61 1.0
28 39 1.0
22 4 1.0
33 34 1.0
49 30 1.0
5 3 1.0
56 63 1.0
25 11 1.0
39 42 1.0
57 5 1.0
16 35 1.0
33 31 1.0
23 62 1.0
1 43 1.0
54 64 1.0
18 16 1.0
3 38 1.0
50 14 1.0
33 18 1.0
43 57 1.0
64 41 1.0
64 46 1.0
55 54 1.0
40 59 1.0
61 29 1.0
27 15 1.0
4 9 1.0
41 1 1.0
62 8 1.0
50 32 1.0
51 4 1.0
45 36 1.0
29 60 1.0
9 49 1.0
63 6 1.0
2 46 1.0
13 37 1.0
62 33 1.0
16 22 1.0
54 56 1.0
48 31 1.0
14 58 1.0
5 50 1.0
31 12 1.0
37 13 1.0
33 43 1.0
37 2 1.0
4 10 1.0
18 7 1.0
22 25 1.0
28 45 1.0
34 47 1.0
13 27 1.0
34 53 1.0
48 54 1.0
28 57 1.0
8 38 1.0
43 28 1.0
29 8 1.0
1 16 1.0
30 64 1.0
43 40 1.0
50 13 1.0
20 55 1.0
54 31 1.0
5 43 1.0
46 42 1.0
57 20 1.0
36 48 1.0
43 23 1.0
12 44 1.0
61 34 1.0
21 26 1.0
24 52 1.0
31 17 1.0
59 21 1.0
22 15 1.0
52 19 1.0
41 61 1.0
63 56 1.0
50 41 1.0
15 46 1.0
16 54 1.0
36 59 1.0
28 60 1.0
57 58 1.0
29 50 1.0
53 23 1.0
22 48 1.0
51 18 1.0
63 51 1.0
43 14 1.0
31 3 1.0
25 30 1.0
6 11 1.0
28 47 1.0
52 5 1.0
5 2 1.0
42 35 1.0
27 1 1.0
33 29 1.0
35 9 1.0
18 4 1.0
10 39 1.0
39 34 1.0
11 33 1.0
35 37 1.0
34 62 1.0
35 49 1.0
44 8 1.0
8 40 1.0
10 6 1.0
46 11 1.0
56 42 1.0
1 3 1.0
25 63 1.0
50 31 1.0
2 22 1.0
18 35 1.0
43 7 1.0
3 25 1.0
36 10 1.0
60 26 1.0
42 43 1.0
57 12 1.0
57 36 1.0
59 32 1.0
53 28 1.0
39 47 1.0
53 27 1.0
55 45 1.0
45 43 1.0
48 12 1.0
43 55 1.0
58 13 1.0
61 25 1.0
59 2 1.0
25 7 1.0
7 38 1.0
26 18 1.0
34 57 1.0
25 14 1.0
47 50 1.0
24 64 1.0
30 16 1.0
47 59 1.0
59 15 1.0
37 53 1.0
20 54 1.0
29 61 1.0
38 26 1.0
50 34 1.0
43 44 1.0
32 21 1.0
63 9 1.0
39 52 1.0
36 23 1.0
26 44 1.0
32 58 1.0
55 26 1.0
57 52 1.0
25 17 1.0
2 54 1.0
16 41 1.0
9 56 1.0
34 22 1.0
54 51 1.0
31 20 1.0
11 48 1.0
51 9 1.0
27 29 1.0
25 49 1.0
20 60 1.0
23 46 1.0
52 59 1.0
64 10 1.0
17 47 1.0
21 3 1.0
64 45 1.0
54 4 1.0
48 32 1.0
4 36 1.0
7 34 1.0
28 30 1.0
21 63 1.0
15 3 1.0
46 2 1.0
8 11 1.0
37 35 1.0
16 5 1.0
57 31 1.0
2 62 1.0
61 43 1.0
28 55 1.0
16 40 1.0
36 24 1.0
26 64 1.0
19 8 1.0
14 38 1.0
58 28 1.0
32 36 1.0
17 53 1.0
56 27 1.0
50 61 1.0
40 19 1.0
48 15 1.0
15 21 1.0
30 10 1.0
23 47 1.0
25 27 1.0
19 12 1.0
35 7 1.0
38 2 1.0
53 25 1.0
8 58 1.0
13 26 1.0
27 43 1.0
51 64 1.0
38 16 1.0
20 50 1.0
59 14 1.0
42 57 1.0
56 18 1.0
49 51 1.0
57 54 1.0
61 46 1.0
26 41 1.0
2 15 1.0
22 29 1.0
53 59 1.0
60 39 1.0
12 4 1.0
58 1 1.0
22 9 1.0
32 28 1.0
20 38 1.0
9 57 1.0
45 54 1.0
21 53 1.0
2 19 1.0
9 61 1.0
20 13 1.0
15 43 1.0
36 55 1.0
10 64 1.0
26 16 1.0
2 40 1.0
63 18 1.0
44 47 1.0
16 11 1.0
9 2 1.0
51 5 1.0
61 7 1.0
52 31 1.0
1 49 1.0
16 9 1.0
24 39 1.0
35 4 1.0
51 34 1.0
34 30 1.0
57 3 1.0
41 32 1.0
28 8 1.0
11 49 1.0
13 6 1.0
30 45 1.0
18 36 1.0
46 28 1.0
59 37 1.0
13 31 1.0
47 35 1.0
1 40 1.0
41 33 1.0
26 62 1.0
37 48 1.0
39 23 1.0
7 44 1.0
40 42 1.0
37 22 1.0
24 20 1.0
36 21 1.0
18 15 1.0
23 26 1.0
4 34 1.0
56 17 1.0
27 52 1.0
3 49 1.0
23 6 1.0
51 32 1.0
53 8 1.0
24 33 1.0
35 40 1.0
10 31 1.0
21 62 1.0
3 37 1.0
37 42 1.0
4 11 1.0
29 35 1.0
28 5 1.0
51 44 1.0
26 3 1.0
36 63 1.0
62 9 1.0
26 39 1.0
48 4 1.0
20 34 1.0
29 15 1.0
49 29 1.0
28 1 1.0
51 53 1.0
1 46 1.0
33 54 1.0
25 59 1.0
7 29 1.0
17 60 1.0
35 59 1.0
33 46 1.0
3 54 1.0
8 41 1.0
14 56 1.0
40 51 1.0
62 22 1.0
61 20 1.0
40 48 1.0
17 23 1.0
43 50 1.0
29 58 1.0
59 52 1.0
19 26 1.0
24 12 1.0
37 25 1.0
39 7 1.0
27 10 1.0
33 27 1.0
49 61 1.0
36 45 1.0
18 28 1.0
29 36 1.0
6 52 1.0
7 26 1.0
2 58 1.0
31 44 1.0
54 23 1.0
55 48 1.0
58 20 1.0
48 42 1.0
21 22 1.0
29 56 1.0
38 41 1.0
47 37 1.0
51 46 1.0
64 33 1.0
7 8 1.0
40 64 1.0
5 38 1.0
24 28 1.0
64 57 1.0
58 53 1.0
53 61 1.0
64 54 1.0
23 19 1.0
19 21 1.0
61 15 1.0
41 17 1.0
41 12 1.0
19 43 1.0
12 7 1.0
4 50 1.0
35 13 1.0
4 58 1.0
44 18 1.0
31 16 1.0
3 64 1.0
37 57 1.0
23 38 1.0
60 14 1.0
31 49 1.0
51 29 1.0
57 60 1.0
32 4 1.0
22 32 1.0
46 8 1.0
46 27 1.0
13 45 1.0
60 36 1.0
26 25 1.0
58 2 1.0
13 10 1.0
58 47 1.0
16 7 1.0
55 12 1.0
32 43 1.0
20 10 1.0
57 25 1.0
14 23 1.0
46 48 1.0
37 18 1.0
48 51 1.0
22 26 1.0
55 58 1.0
10 50 1.0
31 40 1.0
34 49 1.0
44 6 1.0
57 37 1.0
60 31 1.0
8 33 1.0
55 62 1.0
8 45 1.0
52 47 1.0
40 27 1.0
8 32 1.0
50 8 1.0
34 36 1.0
44 28 1.0
54 5 1.0
51 35 1.0
56 11 1.0
22 2 1.0
40 3 1.0
38 63 1.0
5 30 1.0
54 40 1.0
3 24 1.0
45 55 1.0
62 43 1.0
15 13 1.0
27 31 1.0
55 59 1.0
14 46 1.0
24 54 1.0
15 41 1.0
1 56 1.0
35 14 1.0
37 34 1.0
9 4 1.0
31 39 1.0
8 9 1.0
57 1 1.0
40 29 1.0
4 60 1.0
54 59 1.0
51 54 1.0
6 46 1.0
26 49 1.0
37 9 1.0
18 60 1.0
16 29 1.0
22 20 1.0
6 51 1.0
31 48 1.0
20 23 1.0
24 41 1.0
10 22 1.0
41 56 1.0
5 7 1.0
20 2 1.0
64 25 1.0
49 10 1.0
33 13 1.0
30 43 1.0
49 12 1.0
47 36 1.0
3 4 1.0
38 39 1.0
31 47 1.0
35 3 1.0
27 30 1.0
33 57 1.0
3 53 1.0
9 54 1.0
7 61 1.0
63 59 1.0
10 15 1.0
29 55 1.0
63 50 1.0
44 16 1.0
33 64 1.0
13 18 1.0
59 38 1.0
4 14 1.0
2 23 1.0
24 44 1.0
49 11 1.0
64 63 1.0
42 22 1.0
33 42 1.0
8 35 1.0
43 21 1.0
6 17 1.0
39 26 1.0
43 52 1.0
5 34 1.0
47 41 1.0
34 54 1.0
38 57 1.0
42 38 1.0
31 14 1.0
36 18 1.0
43 64 1.0
27 16 1.0
17 50 1.0
2 13 1.0
16 43 1.0
22 58 1.0
11 12 1.0
15 11 1.0
35 63 1.0
25 3 1.0
13 30 1.0
36 34 1.0
30 4 1.0
15 39 1.0
14 9 1.0
10 1 1.0
4 29 1.0
51 15 1.0
44 59 1.0
48 46 1.0
10 8 1.0
62 38 1.0
55 28 1.0
39 36 1.0
24 40 1.0
9 24 1.0
38 49 1.0
36 31 1.0
47 43 1.0
37 62 1.0
2 33 1.0
48 2 1.0
35 5 1.0
23 35 1.0
3 58 1.0
1 44 1.0
1 17 1.0
33 26 1.0
34 52 1.0
61 19 1.0
25 21 1.0
64 15 1.0
38 45 1.0
5 61 1.0
57 27 1.0
30 2 1.0
24 11 1.0
14 47 1.0
9 3 1.0
37 31 1.0
47 7 1.0
32 5 1.0
59 55 1.0
8 13 1.0
25 43 1.0
17 64 1.0
63 16 1.0
38 40 1.0
52 28 1.0
15 57 1.0
51 8 1.0
18 38 1.0
62 54 1.0
12 61 1.0
35 53 1.0
25 15 1.0
58 21 1.0
32 19 1.0
23 52 1.0
29 26 1.0
18 17 1.0
13 34 1.0
52 23 1.0
35 44 1.0
21 20 1.0
35 48 1.0
25 42 1.0
23 22 1.0
49 35 1.0
62 31 1.0
46 62 1.0
12 37 1.0
25 33 1.0
27 60 1.0
62 6 1.0
8 49 1.0
26 8 1.0
45 32 1.0
47 28 1.0
53 36 1.0
25 45 1.0
4 27 1.0
29 47 1.0
25 10 1.0
39 2 1.0
5 25 1.0
10 7 1.0
64 3 1.0
52 44 1.0
44 34 1.0
42 26 1.0
13 39 1.0
47 9 1.0
23 37 1.0
53 31 1.0
11 35 1.0
63 5 1.0
29 42 1.0
26 11 1.0
44 63 1.0
45 8 1.0
23 49 1.0
21 6 1.0
10 40 1.0
56 62 1.0
34 33 1.0
32 47 1.0
56 10 1.0
34 45 1.0
59 27 1.0
56 36 1.0
34 32 1.0
17 28 1.0
28 52 1.0
56 12 1.0
7 58 1.0
31 26 1.0
54 25 1.0
52 7 1.0
47 20 1.0
47 56 1.0
26 51 1.0
39 14 1.0
16 50 1.0
15 48 1.0
41 23 1.0
56 59 1.0
50 60 1.0
44 41 1.0
30 46 1.0
23 54 1.0
19 4 1.0
38 34 1.0
8 30 1.0
55 29 1.0
43 1 1.0
6 9 1.0
19 39 1.0
