*Vertices 128
1 "V0"
2 "V100"
3 "V11"
4 "V89"
5 "V15"
6 "V85"
7 "V119"
8 "V104"
9 "V45"
10 "V30"
11 "V34"
12 "V64"
13 "V123"
14 "V121"
15 "V125"
16 "V9"
17 "V68"
18 "V66"
19 "V70"
20 "V13"
21 "V17"
22 "V87"
23 "V28"
24 "V102"
25 "V117"
26 "V32"
27 "V106"
28 "V51"
29 "V49"
30 "V47"
31 "V53"
32 "V81"
33 "V83"
34 "V22"
35 "V26"
36 "V96"
37 "V37"
38 "V111"
39 "V126"
40 "V41"
41 "V115"
42 "V60"
43 "V58"
44 "V56"
45 "V62"
46 "V7"
47 "V5"
48 "V3"
49 "V1"
50 "V90"
51 "V92"
52 "V109"
53 "V98"
54 "V20"
55 "V24"
56 "V94"
57 "V113"
58 "V54"
59 "V43"
60 "V39"
61 "V73"
62 "V18"
63 "V77"
64 "V75"
65 "V79"
66 "V63"
67 "V122"
68 "V52"
69 "V48"
70 "V118"
71 "V107"
72 "V29"
73 "V103"
74 "V33"
75 "V27"
76 "V86"
77 "V84"
78 "V88"
79 "V82"
80 "V120"
81 "V50"
82 "V124"
83 "V31"
84 "V35"
85 "V105"
86 "V46"
87 "V14"
88 "V10"
89 "V16"
90 "V12"
91 "V101"
92 "V99"
93 "V65"
94 "V71"
95 "V67"
96 "V69"
97 "V59"
98 "V40"
99 "V44"
100 "V114"
101 "V55"
102 "V25"
103 "V19"
104 "V21"
105 "V110"
106 "V108"
107 "V23"
108 "V76"
109 "V74"
110 "V80"
111 "V78"
112 "V72"
113 "V61"
114 "V57"
115 "V127"
116 "V38"
117 "V116"
118 "V112"
119 "V42"
120 "V36"
121 "V95"
122 "V93"
123 "V97"
124 "V91"
125 "V8"
126 "V6"
127 "V4"
128 "V2"
*Arcs
36 25 1.0
1 122 1.0
104 36 1.0
95 43 1.0
100 53 1.0
4 12 1.0
116 127 1.0
6 116 1.0
88 36 1.0
44 9 1.0
11 35 1.0
73 111 1.0
75 12 1.0
109 68 1.0
14 94 1.0
13 96 1.0
9 36 1.0
89 126 1.0
51 41 1.0
66 89 1.0
105 42 1.0
17 45 1.0
11 26 1.0
32 98 1.0
68 12 1.0
20 31 1.0
115 117 1.0
47 59 1.0
19 73 1.0
92 110 1.0
107 119 1.0
40 43 1.0
24 37 1.0
117 21 1.0
97 96 1.0
78 47 1.0
90 6 1.0
10 62 1.0
85 74 1.0
30 74 1.0
69 103 1.0
13 66 1.0
49 127 1.0
63 74 1.0
103 62 1.0
56 10 1.0
118 23 1.0
32 6 1.0
18 48 1.0
101 86 1.0
35 117 1.0
91 107 1.0
37 66 1.0
33 3 1.0
125 70 1.0
7 117 1.0
99 48 1.0
50 88 1.0
35 82 1.0
112 68 1.0
41 127 1.0
74 89 1.0
106 50 1.0
42 123 1.0
65 127 1.0
5 83 1.0
113 123 1.0
123 28 1.0
47 94 1.0
34 86 1.0
39 50 1.0
127 44 1.0
81 1 1.0
3 120 1.0
76 63 1.0
41 97 1.0
60 125 1.0
17 83 1.0
56 77 1.0
1 97 1.0
67 16 1.0
64 18 1.0
8 11 1.0
23 44 1.0
114 74 1.0
60 36 1.0
61 34 1.0
12 5 1.0
21 104 1.0
122 54 1.0
86 1 1.0
62 10 1.0
31 34 1.0
126 17 1.0
79 110 1.0
84 128 1.0
38 61 1.0
20 110 1.0
4 17 1.0
42 60 1.0
27 102 1.0
68 70 1.0
83 5 1.0
55 12 1.0
2 96 1.0
94 55 1.0
25 47 1.0
71 112 1.0
119 19 1.0
95 11 1.0
76 68 1.0
57 46 1.0
116 3 1.0
77 116 1.0
16 125 1.0
111 19 1.0
82 116 1.0
128 25 1.0
29 28 1.0
121 11 1.0
54 3 1.0
124 112 1.0
9 94 1.0
80 100 1.0
80 46 1.0
45 17 1.0
89 12 1.0
24 97 1.0
83 86 1.0
44 81 1.0
61 86 1.0
75 3 1.0
107 123 1.0
88 76 1.0
53 121 1.0
117 2 1.0
98 60 1.0
96 35 1.0
92 33 1.0
11 42 1.0
93 117 1.0
52 11 1.0
115 95 1.0
28 72 1.0
110 84 1.0
47 66 1.0
30 54 1.0
13 3 1.0
56 59 1.0
72 68 1.0
49 83 1.0
108 109 1.0
43 54 1.0
85 6 1.0
99 50 1.0
22 2 1.0
90 73 1.0
91 110 1.0
102 87 1.0
112 89 1.0
46 66 1.0
58 103 1.0
107 34 1.0
118 77 1.0
120 83 1.0
33 69 1.0
62 66 1.0
93 120 1.0
111 1 1.0
15 97 1.0
48 36 1.0
65 62 1.0
26 123 1.0
71 58 1.0
114 82 1.0
113 108 1.0
87 122 1.0
50 31 1.0
59 126 1.0
70 32 1.0
118 33 1.0
73 91 1.0
120 94 1.0
88 44 1.0
114 116 1.0
6 128 1.0
60 103 1.0
124 111 1.0
100 2 1.0
17 81 1.0
36 111 1.0
104 54 1.0
81 35 1.0
128 104 1.0
68 17 1.0
126 111 1.0
32 121 1.0
55 28 1.0
92 96 1.0
5 15 1.0
25 54 1.0
8 49 1.0
19 87 1.0
20 88 1.0
78 54 1.0
40 83 1.0
109 116 1.0
23 72 1.0
86 28 1.0
15 36 1.0
14 31 1.0
66 1 1.0
51 103 1.0
21 47 1.0
84 19 1.0
19 124 1.0
105 44 1.0
37 55 1.0
57 76 1.0
77 20 1.0
125 98 1.0
101 9 1.0
24 29 1.0
23 3 1.0
35 79 1.0
25 14 1.0
61 112 1.0
99 22 1.0
7 2 1.0
97 108 1.0
29 66 1.0
27 29 1.0
10 75 1.0
63 28 1.0
128 46 1.0
82 122 1.0
69 39 1.0
121 6 1.0
103 59 1.0
18 9 1.0
33 125 1.0
76 119 1.0
98 74 1.0
41 122 1.0
36 41 1.0
96 11 1.0
34 28 1.0
64 94 1.0
72 94 1.0
8 44 1.0
40 3 1.0
43 122 1.0
3 105 1.0
106 43 1.0
74 87 1.0
45 47 1.0
45 87 1.0
5 2 1.0
124 86 1.0
123 97 1.0
46 86 1.0
28 90 1.0
127 36 1.0
39 87 1.0
110 126 1.0
94 31 1.0
70 79 1.0
52 110 1.0
54 59 1.0
31 6 1.0
102 122 1.0
2 58 1.0
42 128 1.0
71 9 1.0
58 9 1.0
119 73 1.0
87 1 1.0
4 39 1.0
122 6 1.0
62 68 1.0
12 126 1.0
1 2 1.0
67 34 1.0
30 47 1.0
79 46 1.0
46 6 1.0
38 36 1.0
64 60 1.0
120 26 1.0
80 103 1.0
9 48 1.0
109 94 1.0
67 73 1.0
89 88 1.0
51 39 1.0
44 125 1.0
6 44 1.0
16 43 1.0
75 54 1.0
74 2 1.0
73 126 1.0
95 47 1.0
54 49 1.0
116 7 1.0
100 28 1.0
78 82 1.0
48 14 1.0
111 42 1.0
83 77 1.0
36 47 1.0
29 51 1.0
15 126 1.0
85 54 1.0
10 125 1.0
108 98 1.0
13 123 1.0
49 124 1.0
69 54 1.0
117 79 1.0
40 84 1.0
22 12 1.0
90 35 1.0
97 33 1.0
86 82 1.0
68 11 1.0
53 21 1.0
90 43 1.0
107 49 1.0
91 20 1.0
19 59 1.0
66 84 1.0
52 98 1.0
95 44 1.0
11 87 1.0
115 71 1.0
47 28 1.0
32 1 1.0
65 69 1.0
26 34 1.0
106 125 1.0
97 122 1.0
113 16 1.0
50 47 1.0
5 46 1.0
59 38 1.0
100 46 1.0
7 12 1.0
112 19 1.0
35 104 1.0
91 51 1.0
102 36 1.0
58 74 1.0
125 86 1.0
33 31 1.0
37 25 1.0
118 120 1.0
110 127 1.0
93 50 1.0
103 22 1.0
56 9 1.0
12 74 1.0
112 39 1.0
105 101 1.0
86 127 1.0
122 103 1.0
21 25 1.0
64 48 1.0
14 42 1.0
115 97 1.0
116 99 1.0
8 98 1.0
23 104 1.0
88 47 1.0
76 111 1.0
114 16 1.0
41 6 1.0
122 2 1.0
60 77 1.0
104 109 1.0
123 75 1.0
17 99 1.0
39 97 1.0
127 19 1.0
127 70 1.0
81 107 1.0
16 86 1.0
77 16 1.0
57 15 1.0
116 4 1.0
18 85 1.0
6 109 1.0
80 44 1.0
7 57 1.0
61 1 1.0
24 125 1.0
10 55 1.0
75 110 1.0
101 111 1.0
12 47 1.0
45 105 1.0
89 22 1.0
124 45 1.0
99 117 1.0
16 91 1.0
28 51 1.0
115 35 1.0
47 128 1.0
110 94 1.0
74 24 1.0
52 83 1.0
31 94 1.0
21 123 1.0
92 51 1.0
84 33 1.0
79 26 1.0
126 88 1.0
25 55 1.0
119 89 1.0
78 29 1.0
55 1 1.0
94 88 1.0
27 37 1.0
27 128 1.0
28 11 1.0
83 9 1.0
20 25 1.0
42 5 1.0
121 119 1.0
54 30 1.0
128 22 1.0
63 80 1.0
29 127 1.0
82 37 1.0
2 113 1.0
34 46 1.0
58 125 1.0
112 40 1.0
102 19 1.0
59 85 1.0
70 93 1.0
38 21 1.0
113 74 1.0
4 62 1.0
87 103 1.0
26 48 1.0
71 3 1.0
44 107 1.0
81 11 1.0
15 86 1.0
48 82 1.0
111 90 1.0
104 9 1.0
36 46 1.0
49 99 1.0
60 128 1.0
100 116 1.0
50 121 1.0
95 54 1.0
53 19 1.0
34 50 1.0
96 60 1.0
53 44 1.0
117 86 1.0
98 70 1.0
22 95 1.0
3 22 1.0
43 85 1.0
59 87 1.0
85 113 1.0
72 97 1.0
108 89 1.0
67 127 1.0
1 87 1.0
30 70 1.0
62 87 1.0
56 93 1.0
93 28 1.0
38 46 1.0
63 40 1.0
120 20 1.0
46 50 1.0
33 34 1.0
13 122 1.0
49 2 1.0
63 54 1.0
10 47 1.0
27 10 1.0
69 44 1.0
97 110 1.0
90 126 1.0
78 21 1.0
40 88 1.0
25 9 1.0
73 119 1.0
19 101 1.0
101 64 1.0
75 89 1.0
125 2 1.0
77 119 1.0
37 48 1.0
118 47 1.0
79 59 1.0
18 83 1.0
121 64 1.0
103 36 1.0
69 98 1.0
9 119 1.0
14 25 1.0
51 21 1.0
23 102 1.0
82 117 1.0
109 42 1.0
44 21 1.0
73 102 1.0
84 116 1.0
6 126 1.0
88 56 1.0
92 21 1.0
87 127 1.0
107 12 1.0
126 36 1.0
68 110 1.0
105 59 1.0
11 10 1.0
32 23 1.0
21 1 1.0
66 22 1.0
96 73 1.0
122 13 1.0
86 94 1.0
67 83 1.0
12 66 1.0
62 1 1.0
8 35 1.0
98 19 1.0
114 111 1.0
1 127 1.0
64 44 1.0
72 103 1.0
55 70 1.0
103 105 1.0
2 29 1.0
70 123 1.0
119 115 1.0
94 125 1.0
106 65 1.0
84 41 1.0
38 24 1.0
109 30 1.0
31 49 1.0
79 62 1.0
46 75 1.0
5 30 1.0
50 90 1.0
45 31 1.0
106 116 1.0
113 56 1.0
74 104 1.0
35 9 1.0
91 5 1.0
61 44 1.0
7 80 1.0
117 28 1.0
99 3 1.0
17 6 1.0
121 69 1.0
41 126 1.0
98 35 1.0
76 120 1.0
3 47 1.0
65 108 1.0
39 96 1.0
127 117 1.0
28 1 1.0
123 86 1.0
126 75 1.0
34 126 1.0
96 75 1.0
117 111 1.0
2 86 1.0
3 115 1.0
68 96 1.0
107 36 1.0
53 116 1.0
43 34 1.0
85 24 1.0
9 76 1.0
40 16 1.0
90 47 1.0
22 69 1.0
124 62 1.0
89 9 1.0
66 48 1.0
14 70 1.0
80 88 1.0
9 16 1.0
110 109 1.0
47 41 1.0
115 105 1.0
52 109 1.0
18 101 1.0
11 20 1.0
6 47 1.0
116 121 1.0
57 88 1.0
22 56 1.0
95 128 1.0
54 36 1.0
109 2 1.0
75 115 1.0
24 122 1.0
26 9 1.0
44 49 1.0
16 69 1.0
71 116 1.0
83 89 1.0
42 16 1.0
31 43 1.0
20 83 1.0
4 110 1.0
36 122 1.0
29 104 1.0
82 81 1.0
128 39 1.0
111 126 1.0
60 88 1.0
100 55 1.0
76 86 1.0
88 28 1.0
114 104 1.0
73 88 1.0
37 79 1.0
23 127 1.0
14 12 1.0
39 8 1.0
64 70 1.0
86 84 1.0
113 11 1.0
43 86 1.0
106 19 1.0
26 125 1.0
65 37 1.0
48 122 1.0
15 109 1.0
81 74 1.0
48 124 1.0
123 117 1.0
104 39 1.0
17 7 1.0
51 1 1.0
58 40 1.0
125 115 1.0
33 35 1.0
102 33 1.0
91 121 1.0
55 34 1.0
59 44 1.0
7 121 1.0
57 40 1.0
112 115 1.0
87 123 1.0
50 79 1.0
108 6 1.0
10 97 1.0
30 35 1.0
13 90 1.0
49 28 1.0
93 17 1.0
56 66 1.0
103 9 1.0
120 48 1.0
65 66 1.0
118 58 1.0
45 58 1.0
66 3 1.0
52 46 1.0
99 21 1.0
124 16 1.0
5 28 1.0
61 69 1.0
70 62 1.0
80 116 1.0
24 48 1.0
72 42 1.0
35 3 1.0
16 44 1.0
77 88 1.0
101 103 1.0
57 91 1.0
77 1 1.0
37 36 1.0
54 2 1.0
121 38 1.0
18 14 1.0
82 56 1.0
128 18 1.0
69 34 1.0
63 30 1.0
27 79 1.0
83 6 1.0
97 104 1.0
81 90 1.0
20 8 1.0
78 79 1.0
119 103 1.0
25 116 1.0
85 58 1.0
19 1 1.0
55 126 1.0
92 60 1.0
89 90 1.0
31 123 1.0
126 86 1.0
32 103 1.0
84 70 1.0
105 92 1.0
94 6 1.0
12 97 1.0
21 5 1.0
51 96 1.0
71 125 1.0
26 1 1.0
111 44 1.0
48 121 1.0
15 34 1.0
29 3 1.0
70 2 1.0
59 48 1.0
4 111 1.0
87 76 1.0
42 30 1.0
101 88 1.0
58 11 1.0
2 6 1.0
104 7 1.0
102 96 1.0
105 117 1.0
94 12 1.0
108 83 1.0
93 125 1.0
120 9 1.0
38 16 1.0
79 33 1.0
46 88 1.0
67 121 1.0
30 59 1.0
108 1 1.0
1 80 1.0
62 126 1.0
122 61 1.0
43 44 1.0
22 119 1.0
3 10 1.0
72 31 1.0
119 108 1.0
8 48 1.0
96 23 1.0
34 54 1.0
98 72 1.0
41 60 1.0
123 100 1.0
127 29 1.0
110 11 1.0
74 125 1.0
53 1 1.0
125 40 1.0
28 83 1.0
39 19 1.0
