*Vertices 256
1 "V0"
2 "V174"
3 "V233"
4 "V89"
5 "V85"
6 "V119"
7 "V178"
8 "V30"
9 "V34"
10 "V64"
11 "V208"
12 "V123"
13 "V212"
14 "V9"
15 "V68"
16 "V153"
17 "V13"
18 "V17"
19 "V157"
20 "V246"
21 "V161"
22 "V102"
23 "V250"
24 "V106"
25 "V191"
26 "V51"
27 "V47"
28 "V195"
29 "V136"
30 "V225"
31 "V229"
32 "V140"
33 "V81"
34 "V22"
35 "V26"
36 "V255"
37 "V170"
38 "V111"
39 "V200"
40 "V115"
41 "V60"
42 "V56"
43 "V204"
44 "V145"
45 "V234"
46 "V5"
47 "V238"
48 "V1"
49 "V149"
50 "V90"
51 "V183"
52 "V242"
53 "V98"
54 "V94"
55 "V128"
56 "V187"
57 "V43"
58 "V39"
59 "V73"
60 "V217"
61 "V132"
62 "V221"
63 "V18"
64 "V77"
65 "V162"
66 "V166"
67 "V196"
68 "V137"
69 "V52"
70 "V48"
71 "V251"
72 "V192"
73 "V107"
74 "V103"
75 "V27"
76 "V86"
77 "V171"
78 "V175"
79 "V82"
80 "V141"
81 "V226"
82 "V230"
83 "V120"
84 "V209"
85 "V124"
86 "V31"
87 "V35"
88 "V179"
89 "V243"
90 "V14"
91 "V247"
92 "V10"
93 "V158"
94 "V99"
95 "V65"
96 "V213"
97 "V69"
98 "V154"
99 "V133"
100 "V218"
101 "V40"
102 "V44"
103 "V129"
104 "V188"
105 "V252"
106 "V19"
107 "V167"
108 "V23"
109 "V108"
110 "V74"
111 "V222"
112 "V78"
113 "V163"
114 "V205"
115 "V146"
116 "V61"
117 "V57"
118 "V201"
119 "V116"
120 "V112"
121 "V36"
122 "V95"
123 "V180"
124 "V184"
125 "V91"
126 "V150"
127 "V235"
128 "V6"
129 "V239"
130 "V2"
131 "V159"
132 "V100"
133 "V11"
134 "V248"
135 "V244"
136 "V15"
137 "V104"
138 "V45"
139 "V193"
140 "V189"
141 "V210"
142 "V121"
143 "V125"
144 "V155"
145 "V214"
146 "V66"
147 "V70"
148 "V87"
149 "V172"
150 "V231"
151 "V28"
152 "V32"
153 "V117"
154 "V176"
155 "V49"
156 "V53"
157 "V197"
158 "V138"
159 "V227"
160 "V142"
161 "V83"
162 "V96"
163 "V181"
164 "V240"
165 "V37"
166 "V41"
167 "V126"
168 "V185"
169 "V58"
170 "V62"
171 "V206"
172 "V147"
173 "V7"
174 "V3"
175 "V236"
176 "V151"
177 "V92"
178 "V168"
179 "V109"
180 "V20"
181 "V253"
182 "V24"
183 "V113"
184 "V54"
185 "V202"
186 "V198"
187 "V219"
188 "V130"
189 "V134"
190 "V164"
191 "V223"
192 "V75"
193 "V79"
194 "V63"
195 "V122"
196 "V211"
197 "V207"
198 "V118"
199 "V177"
200 "V29"
201 "V33"
202 "V173"
203 "V232"
204 "V84"
205 "V88"
206 "V228"
207 "V143"
208 "V139"
209 "V50"
210 "V135"
211 "V194"
212 "V190"
213 "V105"
214 "V46"
215 "V249"
216 "V16"
217 "V12"
218 "V245"
219 "V160"
220 "V101"
221 "V71"
222 "V67"
223 "V215"
224 "V156"
225 "V144"
226 "V59"
227 "V203"
228 "V199"
229 "V114"
230 "V55"
231 "V25"
232 "V21"
233 "V254"
234 "V169"
235 "V110"
236 "V76"
237 "V80"
238 "V224"
239 "V165"
240 "V72"
241 "V131"
242 "V220"
243 "V216"
244 "V127"
245 "V186"
246 "V38"
247 "V42"
248 "V182"
249 "V241"
250 "V93"
251 "V97"
252 "V237"
253 "V152"
254 "V8"
255 "V148"
256 "V4"
*Arcs
245 23 1.0
107 197 1.0
138 123 1.0
170 158 1.0
130 1 1.0
59 35 1.0
81 222 1.0
85 45 1.0
76 190 1.0
63 69 1.0
206 92 1.0
202 250 1.0
107 6 1.0
86 100 1.0
225 212 1.0
150 255 1.0
111 87 1.0
165 112 1.0
39 135 1.0
221 2 1.0
3 116 1.0
214 180 1.0
102 137 1.0
86 241 1.0
37 206 1.0
207 39 1.0
173 93 1.0
186 138 1.0
210 205 1.0
43 183 1.0
29 233 1.0
232 124 1.0
221 160 1.0
129 256 1.0
116 8 1.0
68 221 1.0
256 47 1.0
109 196 1.0
18 178 1.0
91 230 1.0
15 251 1.0
198 85 1.0
188 62 1.0
52 139 1.0
23 253 1.0
72 58 1.0
106 90 1.0
143 79 1.0
34 134 1.0
181 199 1.0
10 210 1.0
16 95 1.0
15 73 1.0
239 203 1.0
238 43 1.0
92 65 1.0
131 155 1.0
246 182 1.0
248 125 1.0
181 56 1.0
40 115 1.0
19 254 1.0
65 192 1.0
217 153 1.0
38 52 1.0
153 223 1.0
25 77 1.0
162 226 1.0
145 201 1.0
44 220 1.0
136 186 1.0
192 224 1.0
198 18 1.0
214 76 1.0
22 55 1.0
136 105 1.0
73 30 1.0
228 163 1.0
198 57 1.0
34 130 1.0
214 97 1.0
123 38 1.0
127 11 1.0
178 239 1.0
145 208 1.0
128 184 1.0
213 75 1.0
39 54 1.0
67 127 1.0
35 72 1.0
246 217 1.0
106 237 1.0
243 142 1.0
96 218 1.0
34 185 1.0
37 131 1.0
78 61 1.0
104 232 1.0
123 4 1.0
153 187 1.0
80 78 1.0
109 126 1.0
12 194 1.0
94 165 1.0
222 213 1.0
127 13 1.0
77 234 1.0
202 207 1.0
97 86 1.0
56 53 1.0
61 82 1.0
225 168 1.0
42 27 1.0
222 128 1.0
236 59 1.0
180 40 1.0
180 191 1.0
241 88 1.0
73 98 1.0
52 101 1.0
127 109 1.0
7 129 1.0
78 28 1.0
169 117 1.0
235 136 1.0
141 161 1.0
67 143 1.0
178 3 1.0
24 140 1.0
143 113 1.0
236 26 1.0
34 92 1.0
8 6 1.0
187 215 1.0
115 171 1.0
27 68 1.0
140 231 1.0
81 146 1.0
17 250 1.0
163 89 1.0
28 228 1.0
213 202 1.0
138 116 1.0
200 106 1.0
204 188 1.0
95 60 1.0
123 172 1.0
180 87 1.0
230 64 1.0
180 74 1.0
51 181 1.0
76 141 1.0
97 51 1.0
194 80 1.0
15 200 1.0
185 147 1.0
18 162 1.0
205 159 1.0
161 19 1.0
155 138 1.0
62 174 1.0
78 148 1.0
217 183 1.0
16 242 1.0
18 139 1.0
215 176 1.0
256 58 1.0
186 33 1.0
186 24 1.0
246 252 1.0
130 107 1.0
59 230 1.0
42 17 1.0
61 12 1.0
36 150 1.0
223 219 1.0
197 70 1.0
60 50 1.0
10 119 1.0
57 91 1.0
223 227 1.0
136 199 1.0
29 189 1.0
178 10 1.0
73 108 1.0
160 238 1.0
209 157 1.0
178 144 1.0
195 247 1.0
124 216 1.0
170 5 1.0
101 71 1.0
62 123 1.0
130 208 1.0
145 1 1.0
255 15 1.0
43 235 1.0
237 145 1.0
36 245 1.0
50 44 1.0
135 173 1.0
25 152 1.0
118 110 1.0
213 249 1.0
218 37 1.0
76 169 1.0
248 132 1.0
122 244 1.0
151 218 1.0
16 100 1.0
187 2 1.0
99 170 1.0
163 137 1.0
181 39 1.0
159 93 1.0
4 214 1.0
203 180 1.0
174 4 1.0
83 241 1.0
20 45 1.0
105 197 1.0
91 190 1.0
18 156 1.0
66 35 1.0
17 54 1.0
63 25 1.0
147 49 1.0
255 121 1.0
131 133 1.0
48 193 1.0
74 83 1.0
37 47 1.0
199 211 1.0
115 16 1.0
115 90 1.0
48 161 1.0
133 143 1.0
185 134 1.0
256 111 1.0
16 7 1.0
69 101 1.0
180 146 1.0
159 73 1.0
73 36 1.0
244 31 1.0
65 124 1.0
81 160 1.0
94 46 1.0
146 240 1.0
166 229 1.0
71 196 1.0
187 178 1.0
40 42 1.0
51 8 1.0
11 251 1.0
233 223 1.0
122 149 1.0
3 115 1.0
161 9 1.0
48 22 1.0
242 52 1.0
126 186 1.0
174 41 1.0
256 63 1.0
150 76 1.0
76 103 1.0
50 114 1.0
80 65 1.0
190 210 1.0
56 182 1.0
70 177 1.0
36 203 1.0
185 104 1.0
87 209 1.0
5 14 1.0
180 236 1.0
46 198 1.0
81 187 1.0
152 176 1.0
52 165 1.0
45 213 1.0
22 175 1.0
119 72 1.0
221 66 1.0
103 184 1.0
29 217 1.0
115 237 1.0
65 195 1.0
211 105 1.0
213 84 1.0
132 32 1.0
215 75 1.0
88 97 1.0
64 122 1.0
231 81 1.0
220 248 1.0
7 224 1.0
179 102 1.0
43 130 1.0
162 120 1.0
6 164 1.0
192 67 1.0
64 37 1.0
176 117 1.0
17 216 1.0
116 167 1.0
22 96 1.0
147 225 1.0
43 86 1.0
77 59 1.0
239 94 1.0
146 150 1.0
129 168 1.0
180 219 1.0
175 27 1.0
84 128 1.0
6 40 1.0
237 20 1.0
206 185 1.0
221 154 1.0
176 99 1.0
23 194 1.0
70 34 1.0
217 50 1.0
127 60 1.0
108 212 1.0
235 255 1.0
49 87 1.0
172 92 1.0
223 64 1.0
87 45 1.0
174 190 1.0
145 26 1.0
220 250 1.0
40 6 1.0
213 23 1.0
18 197 1.0
254 123 1.0
178 68 1.0
9 35 1.0
162 222 1.0
208 191 1.0
249 98 1.0
115 166 1.0
142 204 1.0
68 179 1.0
243 252 1.0
181 141 1.0
66 107 1.0
11 230 1.0
227 162 1.0
108 85 1.0
236 233 1.0
187 51 1.0
242 80 1.0
235 256 1.0
175 200 1.0
138 221 1.0
115 183 1.0
102 206 1.0
226 39 1.0
239 19 1.0
158 138 1.0
110 205 1.0
161 135 1.0
1 2 1.0
80 116 1.0
188 106 1.0
203 74 1.0
3 188 1.0
31 249 1.0
174 223 1.0
183 77 1.0
181 169 1.0
230 201 1.0
95 220 1.0
186 157 1.0
92 224 1.0
246 18 1.0
25 5 1.0
249 244 1.0
239 71 1.0
128 30 1.0
38 163 1.0
116 57 1.0
21 48 1.0
206 15 1.0
142 38 1.0
66 11 1.0
236 239 1.0
219 208 1.0
222 75 1.0
244 54 1.0
234 139 1.0
223 253 1.0
4 58 1.0
84 17 1.0
41 79 1.0
164 91 1.0
58 62 1.0
202 199 1.0
174 210 1.0
236 95 1.0
9 73 1.0
154 43 1.0
124 21 1.0
50 155 1.0
81 108 1.0
220 125 1.0
119 203 1.0
227 56 1.0
174 115 1.0
132 254 1.0
132 192 1.0
65 119 1.0
93 13 1.0
54 207 1.0
254 86 1.0
198 53 1.0
162 129 1.0
221 28 1.0
195 234 1.0
242 42 1.0
200 136 1.0
29 161 1.0
12 143 1.0
211 111 1.0
34 88 1.0
108 98 1.0
77 101 1.0
225 109 1.0
79 215 1.0
102 171 1.0
160 29 1.0
192 231 1.0
21 146 1.0
66 177 1.0
12 127 1.0
234 25 1.0
67 156 1.0
52 133 1.0
219 193 1.0
166 142 1.0
102 187 1.0
192 78 1.0
223 49 1.0
35 165 1.0
34 213 1.0
229 218 1.0
206 118 1.0
26 61 1.0
14 194 1.0
207 232 1.0
179 4 1.0
87 82 1.0
232 168 1.0
112 131 1.0
187 214 1.0
90 128 1.0
187 240 1.0
224 229 1.0
96 175 1.0
67 66 1.0
249 184 1.0
105 217 1.0
139 122 1.0
136 12 1.0
41 181 1.0
134 84 1.0
217 51 1.0
175 32 1.0
76 174 1.0
39 151 1.0
225 147 1.0
31 20 1.0
114 154 1.0
156 189 1.0
250 10 1.0
90 108 1.0
172 24 1.0
79 242 1.0
243 72 1.0
212 176 1.0
123 246 1.0
119 33 1.0
160 243 1.0
24 172 1.0
242 9 1.0
223 236 1.0
124 22 1.0
161 3 1.0
57 140 1.0
92 113 1.0
31 209 1.0
67 14 1.0
227 198 1.0
45 81 1.0
152 19 1.0
100 102 1.0
79 148 1.0
186 120 1.0
94 89 1.0
183 228 1.0
30 149 1.0
111 41 1.0
163 63 1.0
23 103 1.0
245 45 1.0
228 197 1.0
115 190 1.0
241 69 1.0
5 35 1.0
111 250 1.0
159 23 1.0
38 123 1.0
160 158 1.0
183 1 1.0
151 15 1.0
213 235 1.0
105 135 1.0
33 100 1.0
235 2 1.0
240 170 1.0
10 121 1.0
94 137 1.0
185 212 1.0
216 49 1.0
232 133 1.0
244 112 1.0
30 6 1.0
204 245 1.0
216 44 1.0
235 173 1.0
5 152 1.0
250 110 1.0
185 150 1.0
83 227 1.0
55 219 1.0
32 70 1.0
44 50 1.0
135 40 1.0
18 238 1.0
81 67 1.0
50 144 1.0
69 247 1.0
122 216 1.0
106 5 1.0
8 249 1.0
81 96 1.0
56 37 1.0
1 169 1.0
237 132 1.0
252 167 1.0
168 203 1.0
53 104 1.0
228 155 1.0
96 254 1.0
140 192 1.0
205 153 1.0
56 223 1.0
174 149 1.0
19 115 1.0
8 9 1.0
104 220 1.0
157 62 1.0
240 7 1.0
95 16 1.0
1 101 1.0
187 95 1.0
83 73 1.0
250 134 1.0
180 114 1.0
79 65 1.0
220 210 1.0
76 182 1.0
14 177 1.0
2 196 1.0
61 178 1.0
153 160 1.0
26 42 1.0
4 8 1.0
40 251 1.0
79 47 1.0
53 211 1.0
121 90 1.0
84 79 1.0
114 85 1.0
123 39 1.0
194 93 1.0
126 180 1.0
171 205 1.0
64 241 1.0
206 233 1.0
223 206 1.0
73 124 1.0
89 138 1.0
166 46 1.0
243 221 1.0
89 183 1.0
168 82 1.0
249 131 1.0
103 27 1.0
153 128 1.0
196 4 1.0
194 40 1.0
209 96 1.0
245 168 1.0
81 207 1.0
198 86 1.0
251 59 1.0
174 94 1.0
207 187 1.0
98 126 1.0
140 165 1.0
59 237 1.0
44 213 1.0
106 20 1.0
143 185 1.0
242 78 1.0
8 99 1.0
124 194 1.0
217 34 1.0
170 105 1.0
155 84 1.0
63 32 1.0
21 75 1.0
162 97 1.0
175 54 1.0
214 175 1.0
95 72 1.0
187 239 1.0
148 184 1.0
177 217 1.0
226 195 1.0
172 52 1.0
194 186 1.0
131 226 1.0
19 18 1.0
94 76 1.0
181 55 1.0
160 30 1.0
201 248 1.0
120 224 1.0
104 57 1.0
120 130 1.0
243 38 1.0
1 233 1.0
44 51 1.0
143 80 1.0
232 256 1.0
129 147 1.0
161 183 1.0
212 159 1.0
233 228 1.0
83 19 1.0
76 138 1.0
147 106 1.0
141 148 1.0
134 89 1.0
7 202 1.0
161 116 1.0
143 74 1.0
131 188 1.0
132 60 1.0
131 140 1.0
171 172 1.0
184 87 1.0
169 92 1.0
79 64 1.0
243 3 1.0
72 113 1.0
115 26 1.0
117 250 1.0
15 6 1.0
217 23 1.0
191 171 1.0
96 88 1.0
205 68 1.0
89 231 1.0
70 222 1.0
138 191 1.0
135 28 1.0
93 98 1.0
41 166 1.0
164 161 1.0
23 109 1.0
87 164 1.0
100 234 1.0
250 117 1.0
56 136 1.0
91 143 1.0
193 71 1.0
202 238 1.0
151 163 1.0
62 247 1.0
156 48 1.0
107 15 1.0
232 38 1.0
172 249 1.0
132 157 1.0
104 144 1.0
47 216 1.0
198 5 1.0
103 244 1.0
210 145 1.0
166 77 1.0
160 169 1.0
129 152 1.0
14 220 1.0
87 203 1.0
50 56 1.0
29 44 1.0
34 254 1.0
216 192 1.0
137 119 1.0
200 43 1.0
70 21 1.0
239 189 1.0
1 155 1.0
21 108 1.0
256 125 1.0
220 91 1.0
227 242 1.0
57 199 1.0
100 10 1.0
81 24 1.0
146 139 1.0
166 253 1.0
165 58 1.0
183 17 1.0
217 79 1.0
28 12 1.0
172 252 1.0
83 141 1.0
177 107 1.0
176 230 1.0
68 200 1.0
109 162 1.0
63 3 1.0
66 65 1.0
179 209 1.0
251 14 1.0
204 198 1.0
215 134 1.0
123 114 1.0
72 7 1.0
27 29 1.0
175 182 1.0
169 146 1.0
213 177 1.0
209 89 1.0
71 186 1.0
142 149 1.0
50 41 1.0
5 63 1.0
66 103 1.0
226 243 1.0
252 104 1.0
138 172 1.0
68 9 1.0
97 236 1.0
200 22 1.0
129 105 1.0
21 84 1.0
123 248 1.0
93 32 1.0
175 130 1.0
59 151 1.0
127 97 1.0
251 81 1.0
145 224 1.0
16 102 1.0
86 148 1.0
188 120 1.0
87 242 1.0
255 72 1.0
38 176 1.0
95 246 1.0
123 217 1.0
254 33 1.0
219 175 1.0
162 66 1.0
88 184 1.0
225 122 1.0
211 195 1.0
63 127 1.0
147 25 1.0
24 156 1.0
56 133 1.0
110 193 1.0
67 83 1.0
4 11 1.0
58 239 1.0
170 208 1.0
203 35 1.0
116 54 1.0
27 218 1.0
75 118 1.0
11 170 1.0
75 232 1.0
152 4 1.0
248 241 1.0
20 100 1.0
218 2 1.0
55 49 1.0
88 121 1.0
13 137 1.0
219 36 1.0
63 13 1.0
70 207 1.0
196 8 1.0
53 240 1.0
173 53 1.0
187 31 1.0
81 124 1.0
216 131 1.0
142 214 1.0
207 46 1.0
125 229 1.0
87 111 1.0
25 16 1.0
220 101 1.0
87 161 1.0
59 109 1.0
196 47 1.0
187 211 1.0
17 234 1.0
160 42 1.0
43 90 1.0
70 143 1.0
55 135 1.0
108 100 1.0
27 2 1.0
13 116 1.0
67 87 1.0
200 137 1.0
153 39 1.0
91 19 1.0
163 106 1.0
142 205 1.0
14 241 1.0
53 233 1.0
229 206 1.0
46 124 1.0
88 138 1.0
234 256 1.0
73 221 1.0
178 183 1.0
182 196 1.0
39 107 1.0
232 160 1.0
165 8 1.0
152 251 1.0
89 252 1.0
96 139 1.0
129 230 1.0
52 17 1.0
250 79 1.0
22 85 1.0
205 62 1.0
72 199 1.0
89 253 1.0
29 58 1.0
69 73 1.0
14 134 1.0
197 43 1.0
70 210 1.0
217 182 1.0
53 95 1.0
208 125 1.0
16 203 1.0
45 56 1.0
30 21 1.0
244 155 1.0
103 254 1.0
241 192 1.0
111 119 1.0
143 20 1.0
153 154 1.0
140 99 1.0
46 10 1.0
63 24 1.0
213 150 1.0
57 227 1.0
193 219 1.0
173 70 1.0
56 34 1.0
170 50 1.0
180 245 1.0
202 225 1.0
127 128 1.0
180 152 1.0
90 110 1.0
51 40 1.0
159 164 1.0
93 96 1.0
22 37 1.0
157 117 1.0
186 94 1.0
85 67 1.0
254 144 1.0
139 166 1.0
200 216 1.0
25 204 1.0
61 167 1.0
208 23 1.0
157 191 1.0
121 123 1.0
86 158 1.0
67 222 1.0
171 179 1.0
119 197 1.0
27 190 1.0
174 69 1.0
194 35 1.0
126 250 1.0
251 45 1.0
119 212 1.0
154 255 1.0
11 92 1.0
150 64 1.0
176 6 1.0
219 215 1.0
40 88 1.0
173 68 1.0
234 231 1.0
157 146 1.0
56 109 1.0
134 111 1.0
40 28 1.0
54 98 1.0
141 101 1.0
123 161 1.0
65 129 1.0
172 234 1.0
86 117 1.0
193 136 1.0
144 53 1.0
2 143 1.0
51 13 1.0
161 168 1.0
189 207 1.0
230 128 1.0
166 86 1.0
34 59 1.0
27 159 1.0
176 228 1.0
240 19 1.0
86 138 1.0
215 63 1.0
160 148 1.0
208 89 1.0
211 243 1.0
232 202 1.0
249 41 1.0
127 22 1.0
230 188 1.0
94 140 1.0
16 172 1.0
46 87 1.0
134 14 1.0
151 64 1.0
160 3 1.0
198 171 1.0
155 113 1.0
97 26 1.0
31 177 1.0
233 198 1.0
89 71 1.0
223 11 1.0
28 208 1.0
177 75 1.0
216 97 1.0
168 54 1.0
132 30 1.0
199 163 1.0
42 224 1.0
125 57 1.0
249 48 1.0
21 38 1.0
132 52 1.0
206 157 1.0
78 77 1.0
156 226 1.0
117 18 1.0
90 76 1.0
26 55 1.0
240 223 1.0
58 115 1.0
244 201 1.0
40 220 1.0
125 82 1.0
61 131 1.0
17 27 1.0
65 4 1.0
47 229 1.0
131 218 1.0
48 185 1.0
195 78 1.0
143 61 1.0
250 194 1.0
248 232 1.0
161 187 1.0
152 126 1.0
125 165 1.0
20 193 1.0
69 213 1.0
2 127 1.0
36 25 1.0
244 239 1.0
20 156 1.0
35 217 1.0
98 142 1.0
111 45 1.0
134 212 1.0
145 69 1.0
122 133 1.0
168 112 1.0
42 83 1.0
158 100 1.0
186 2 1.0
209 49 1.0
85 121 1.0
160 137 1.0
204 238 1.0
168 123 1.0
153 144 1.0
213 247 1.0
239 1 1.0
53 15 1.0
190 235 1.0
216 71 1.0
3 197 1.0
187 190 1.0
140 158 1.0
83 35 1.0
105 250 1.0
201 36 1.0
191 196 1.0
227 160 1.0
224 8 1.0
86 240 1.0
25 251 1.0
98 47 1.0
208 211 1.0
56 178 1.0
5 42 1.0
137 90 1.0
150 85 1.0
46 218 1.0
84 39 1.0
213 170 1.0
11 180 1.0
127 205 1.0
183 241 1.0
151 31 1.0
189 124 1.0
56 93 1.0
136 214 1.0
205 46 1.0
216 229 1.0
71 72 1.0
100 176 1.0
214 17 1.0
163 33 1.0
4 12 1.0
181 20 1.0
61 242 1.0
130 199 1.0
158 10 1.0
249 246 1.0
154 24 1.0
120 181 1.0
200 51 1.0
8 80 1.0
80 174 1.0
51 147 1.0
81 120 1.0
217 252 1.0
102 141 1.0
127 66 1.0
34 230 1.0
180 200 1.0
130 162 1.0
151 145 1.0
252 37 1.0
236 44 1.0
184 169 1.0
16 152 1.0
244 132 1.0
222 249 1.0
174 157 1.0
80 216 1.0
138 5 1.0
170 244 1.0
66 227 1.0
118 219 1.0
244 189 1.0
222 108 1.0
163 50 1.0
62 150 1.0
11 245 1.0
104 70 1.0
84 173 1.0
144 110 1.0
182 119 1.0
184 67 1.0
118 98 1.0
206 136 1.0
161 204 1.0
231 167 1.0
177 164 1.0
237 96 1.0
117 37 1.0
29 117 1.0
77 86 1.0
188 94 1.0
128 197 1.0
100 113 1.0
29 68 1.0
56 26 1.0
151 35 1.0
204 250 1.0
236 23 1.0
132 191 1.0
215 88 1.0
235 166 1.0
33 222 1.0
53 179 1.0
70 20 1.0
18 154 1.0
24 99 1.0
45 194 1.0
84 213 1.0
196 187 1.0
137 72 1.0
134 126 1.0
3 165 1.0
103 217 1.0
38 237 1.0
171 168 1.0
128 225 1.0
21 128 1.0
153 59 1.0
24 40 1.0
128 150 1.0
67 185 1.0
14 219 1.0
243 27 1.0
102 34 1.0
256 50 1.0
212 30 1.0
12 186 1.0
93 224 1.0
200 102 1.0
160 76 1.0
166 120 1.0
154 52 1.0
205 149 1.0
141 226 1.0
30 18 1.0
95 103 1.0
122 175 1.0
86 66 1.0
142 184 1.0
246 122 1.0
83 195 1.0
229 105 1.0
33 84 1.0
33 248 1.0
64 32 1.0
224 130 1.0
175 75 1.0
255 97 1.0
212 134 1.0
221 114 1.0
229 7 1.0
255 210 1.0
183 182 1.0
3 95 1.0
3 62 1.0
5 16 1.0
8 101 1.0
175 79 1.0
51 73 1.0
31 223 1.0
234 104 1.0
72 115 1.0
97 9 1.0
130 236 1.0
175 220 1.0
175 203 1.0
244 65 1.0
134 155 1.0
58 14 1.0
201 177 1.0
242 153 1.0
210 71 1.0
176 11 1.0
251 163 1.0
220 208 1.0
216 75 1.0
96 15 1.0
183 54 1.0
204 127 1.0
146 239 1.0
163 156 1.0
242 133 1.0
216 142 1.0
133 187 1.0
189 25 1.0
140 49 1.0
23 121 1.0
207 193 1.0
129 137 1.0
220 218 1.0
160 118 1.0
8 78 1.0
191 241 1.0
91 170 1.0
53 232 1.0
192 203 1.0
190 56 1.0
143 21 1.0
42 155 1.0
209 254 1.0
153 119 1.0
227 145 1.0
111 44 1.0
133 201 1.0
146 192 1.0
42 220 1.0
51 249 1.0
189 157 1.0
251 77 1.0
62 169 1.0
182 18 1.0
203 244 1.0
81 238 1.0
1 224 1.0
8 57 1.0
109 48 1.0
168 5 1.0
213 38 1.0
121 233 1.0
25 141 1.0
61 107 1.0
228 80 1.0
62 200 1.0
124 162 1.0
140 252 1.0
210 139 1.0
7 230 1.0
115 17 1.0
247 79 1.0
134 12 1.0
30 242 1.0
40 199 1.0
125 253 1.0
193 58 1.0
136 73 1.0
185 91 1.0
73 43 1.0
114 189 1.0
138 95 1.0
67 108 1.0
15 125 1.0
173 45 1.0
45 140 1.0
229 92 1.0
68 64 1.0
73 6 1.0
67 60 1.0
31 202 1.0
57 255 1.0
61 116 1.0
250 87 1.0
11 74 1.0
69 135 1.0
152 39 1.0
207 19 1.0
76 106 1.0
136 205 1.0
223 188 1.0
108 206 1.0
139 51 1.0
153 138 1.0
112 256 1.0
173 221 1.0
61 183 1.0
51 96 1.0
16 37 1.0
130 44 1.0
247 152 1.0
215 94 1.0
77 150 1.0
102 245 1.0
38 70 1.0
222 173 1.0
58 110 1.0
196 40 1.0
33 227 1.0
235 219 1.0
18 189 1.0
134 34 1.0
109 50 1.0
77 20 1.0
97 242 1.0
234 154 1.0
95 10 1.0
239 246 1.0
251 24 1.0
211 175 1.0
2 72 1.0
219 176 1.0
242 217 1.0
59 33 1.0
48 12 1.0
96 84 1.0
124 66 1.0
186 184 1.0
253 151 1.0
78 122 1.0
69 181 1.0
141 81 1.0
233 248 1.0
39 32 1.0
42 174 1.0
57 147 1.0
149 120 1.0
240 228 1.0
180 19 1.0
163 102 1.0
16 63 1.0
97 148 1.0
223 103 1.0
193 89 1.0
183 243 1.0
186 149 1.0
118 41 1.0
12 22 1.0
14 140 1.0
50 172 1.0
107 9 1.0
44 14 1.0
66 236 1.0
99 198 1.0
42 3 1.0
18 171 1.0
223 65 1.0
245 209 1.0
101 231 1.0
225 177 1.0
156 215 1.0
92 88 1.0
122 29 1.0
61 146 1.0
143 109 1.0
183 111 1.0
63 28 1.0
233 16 1.0
176 101 1.0
135 90 1.0
94 161 1.0
240 129 1.0
76 234 1.0
168 42 1.0
59 53 1.0
73 143 1.0
52 36 1.0
229 13 1.0
233 124 1.0
79 207 1.0
215 46 1.0
164 8 1.0
234 240 1.0
175 31 1.0
209 131 1.0
7 214 1.0
94 4 1.0
143 229 1.0
229 30 1.0
151 186 1.0
76 224 1.0
207 57 1.0
41 76 1.0
201 105 1.0
233 163 1.0
134 208 1.0
102 130 1.0
160 75 1.0
184 97 1.0
51 38 1.0
93 223 1.0
230 104 1.0
167 115 1.0
164 201 1.0
67 254 1.0
202 192 1.0
85 52 1.0
243 77 1.0
6 226 1.0
189 18 1.0
19 220 1.0
149 55 1.0
165 134 1.0
71 43 1.0
246 7 1.0
112 210 1.0
155 182 1.0
114 95 1.0
77 203 1.0
42 65 1.0
199 155 1.0
145 125 1.0
116 153 1.0
246 47 1.0
151 211 1.0
58 178 1.0
233 230 1.0
75 90 1.0
202 85 1.0
202 62 1.0
217 16 1.0
127 58 1.0
255 79 1.0
64 73 1.0
245 206 1.0
41 124 1.0
108 93 1.0
145 138 1.0
174 46 1.0
242 183 1.0
157 233 1.0
120 196 1.0
33 160 1.0
59 8 1.0
245 221 1.0
193 251 1.0
230 100 1.0
105 255 1.0
249 87 1.0
237 137 1.0
45 135 1.0
255 39 1.0
64 2 1.0
86 170 1.0
50 180 1.0
78 205 1.0
169 241 1.0
67 23 1.0
123 197 1.0
76 158 1.0
237 35 1.0
233 222 1.0
197 250 1.0
225 45 1.0
178 212 1.0
162 190 1.0
250 69 1.0
218 92 1.0
194 112 1.0
96 6 1.0
128 249 1.0
197 67 1.0
111 117 1.0
192 216 1.0
233 204 1.0
21 167 1.0
218 191 1.0
116 123 1.0
236 144 1.0
164 166 1.0
87 1 1.0
204 235 1.0
40 249 1.0
110 157 1.0
106 77 1.0
235 169 1.0
187 216 1.0
40 244 1.0
54 145 1.0
183 44 1.0
197 152 1.0
96 110 1.0
3 132 1.0
133 203 1.0
92 56 1.0
233 219 1.0
127 70 1.0
233 173 1.0
162 119 1.0
79 91 1.0
175 227 1.0
253 189 1.0
140 10 1.0
32 108 1.0
249 50 1.0
163 100 1.0
156 25 1.0
161 49 1.0
190 121 1.0
217 193 1.0
215 45 1.0
133 239 1.0
222 156 1.0
190 133 1.0
70 54 1.0
19 83 1.0
194 71 1.0
90 11 1.0
150 123 1.0
75 208 1.0
249 1 1.0
78 35 1.0
19 15 1.0
21 238 1.0
51 144 1.0
178 247 1.0
94 5 1.0
127 235 1.0
168 47 1.0
130 13 1.0
128 234 1.0
153 42 1.0
187 251 1.0
182 143 1.0
183 36 1.0
171 124 1.0
92 207 1.0
143 46 1.0
67 8 1.0
221 240 1.0
72 31 1.0
256 118 1.0
218 93 1.0
179 214 1.0
217 4 1.0
59 229 1.0
86 218 1.0
45 2 1.0
255 170 1.0
174 232 1.0
139 137 1.0
207 241 1.0
159 104 1.0
106 172 1.0
50 14 1.0
182 236 1.0
15 198 1.0
254 3 1.0
73 114 1.0
16 65 1.0
70 209 1.0
118 182 1.0
161 177 1.0
191 134 1.0
19 7 1.0
45 210 1.0
108 146 1.0
117 109 1.0
92 111 1.0
43 211 1.0
107 16 1.0
95 101 1.0
239 90 1.0
136 161 1.0
46 20 1.0
55 187 1.0
118 78 1.0
242 61 1.0
32 194 1.0
220 213 1.0
49 82 1.0
75 185 1.0
88 131 1.0
112 27 1.0
228 232 1.0
227 4 1.0
228 127 1.0
1 84 1.0
28 239 1.0
86 184 1.0
203 54 1.0
233 142 1.0
152 72 1.0
244 126 1.0
119 165 1.0
147 217 1.0
182 237 1.0
141 28 1.0
6 98 1.0
143 136 1.0
191 161 1.0
11 143 1.0
46 23 1.0
151 191 1.0
49 88 1.0
133 166 1.0
1 222 1.0
52 109 1.0
21 168 1.0
84 207 1.0
112 128 1.0
193 59 1.0
165 40 1.0
111 129 1.0
9 96 1.0
228 234 1.0
147 117 1.0
237 86 1.0
118 53 1.0
97 60 1.0
19 202 1.0
212 172 1.0
230 116 1.0
246 87 1.0
237 74 1.0
211 89 1.0
185 228 1.0
246 106 1.0
212 148 1.0
213 188 1.0
93 171 1.0
158 113 1.0
112 68 1.0
141 231 1.0
182 250 1.0
211 3 1.0
167 140 1.0
83 26 1.0
152 92 1.0
110 64 1.0
69 6 1.0
161 252 1.0
108 139 1.0
156 107 1.0
50 230 1.0
125 17 1.0
252 33 1.0
225 12 1.0
7 242 1.0
8 199 1.0
180 253 1.0
180 58 1.0
145 24 1.0
85 159 1.0
53 51 1.0
220 19 1.0
41 138 1.0
127 174 1.0
13 147 1.0
26 183 1.0
159 181 1.0
162 141 1.0
236 80 1.0
132 200 1.0
209 162 1.0
100 252 1.0
51 107 1.0
100 230 1.0
111 17 1.0
214 85 1.0
204 233 1.0
17 196 1.0
129 51 1.0
45 80 1.0
48 8 1.0
230 221 1.0
249 162 1.0
23 91 1.0
56 43 1.0
248 199 1.0
151 210 1.0
237 95 1.0
252 108 1.0
147 62 1.0
7 139 1.0
150 253 1.0
244 58 1.0
192 79 1.0
166 73 1.0
201 223 1.0
114 56 1.0
128 115 1.0
64 201 1.0
40 254 1.0
38 192 1.0
143 203 1.0
84 21 1.0
122 155 1.0
167 125 1.0
212 119 1.0
247 30 1.0
114 157 1.0
165 224 1.0
64 57 1.0
247 18 1.0
30 5 1.0
200 52 1.0
158 77 1.0
14 226 1.0
236 220 1.0
91 244 1.0
158 127 1.0
139 11 1.0
132 239 1.0
43 156 1.0
193 75 1.0
29 54 1.0
28 71 1.0
55 163 1.0
77 208 1.0
245 48 1.0
20 15 1.0
167 38 1.0
208 218 1.0
41 187 1.0
76 78 1.0
240 194 1.0
86 213 1.0
196 25 1.0
173 126 1.0
166 165 1.0
46 217 1.0
245 193 1.0
70 142 1.0
184 82 1.0
121 168 1.0
109 207 1.0
182 128 1.0
206 240 1.0
7 229 1.0
47 118 1.0
137 131 1.0
148 61 1.0
134 214 1.0
16 232 1.0
198 4 1.0
189 129 1.0
193 28 1.0
57 98 1.0
15 136 1.0
172 161 1.0
126 143 1.0
190 13 1.0
244 234 1.0
135 42 1.0
180 86 1.0
99 53 1.0
134 52 1.0
136 243 1.0
213 149 1.0
17 41 1.0
125 9 1.0
128 22 1.0
11 186 1.0
140 224 1.0
17 63 1.0
105 76 1.0
74 103 1.0
150 105 1.0
95 81 1.0
241 248 1.0
189 102 1.0
223 130 1.0
245 97 1.0
12 120 1.0
158 84 1.0
205 66 1.0
179 32 1.0
93 184 1.0
90 151 1.0
137 122 1.0
55 175 1.0
158 72 1.0
224 217 1.0
123 237 1.0
123 195 1.0
45 187 1.0
205 154 1.0
156 176 1.0
105 194 1.0
14 246 1.0
23 213 1.0
50 20 1.0
151 227 1.0
57 219 1.0
199 99 1.0
54 34 1.0
75 50 1.0
64 150 1.0
105 168 1.0
23 27 1.0
243 128 1.0
43 59 1.0
143 40 1.0
6 96 1.0
4 37 1.0
80 225 1.0
134 86 1.0
78 94 1.0
113 164 1.0
38 67 1.0
107 117 1.0
180 216 1.0
202 204 1.0
204 167 1.0
239 191 1.0
108 123 1.0
215 98 1.0
131 166 1.0
186 179 1.0
244 23 1.0
42 197 1.0
47 68 1.0
57 35 1.0
189 222 1.0
29 250 1.0
209 45 1.0
138 212 1.0
18 190 1.0
206 26 1.0
234 92 1.0
83 6 1.0
48 100 1.0
115 255 1.0
239 87 1.0
111 64 1.0
1 137 1.0
109 135 1.0
132 39 1.0
90 2 1.0
124 116 1.0
172 106 1.0
71 188 1.0
69 206 1.0
82 19 1.0
178 138 1.0
195 256 1.0
204 205 1.0
224 183 1.0
58 114 1.0
53 65 1.0
242 155 1.0
213 182 1.0
133 177 1.0
241 134 1.0
185 62 1.0
5 7 1.0
83 210 1.0
238 95 1.0
144 73 1.0
40 211 1.0
64 16 1.0
106 101 1.0
236 90 1.0
145 79 1.0
141 85 1.0
40 47 1.0
141 196 1.0
98 178 1.0
146 42 1.0
16 251 1.0
1 36 1.0
183 124 1.0
225 160 1.0
222 46 1.0
109 8 1.0
89 221 1.0
256 229 1.0
129 206 1.0
139 39 1.0
22 93 1.0
130 214 1.0
141 205 1.0
233 135 1.0
255 2 1.0
204 170 1.0
202 180 1.0
188 137 1.0
205 241 1.0
229 100 1.0
191 212 1.0
151 49 1.0
74 121 1.0
69 133 1.0
224 112 1.0
34 20 1.0
224 185 1.0
204 99 1.0
84 194 1.0
200 34 1.0
105 4 1.0
21 187 1.0
150 78 1.0
7 126 1.0
72 165 1.0
7 213 1.0
169 175 1.0
192 72 1.0
179 184 1.0
38 217 1.0
205 237 1.0
10 195 1.0
147 84 1.0
14 66 1.0
166 32 1.0
178 75 1.0
181 54 1.0
205 105 1.0
77 30 1.0
15 248 1.0
20 57 1.0
207 130 1.0
38 97 1.0
174 120 1.0
237 186 1.0
207 224 1.0
212 18 1.0
167 76 1.0
92 103 1.0
131 52 1.0
228 223 1.0
18 149 1.0
212 226 1.0
166 9 1.0
13 220 1.0
11 203 1.0
195 104 1.0
37 115 1.0
252 254 1.0
100 192 1.0
80 153 1.0
53 181 1.0
46 141 1.0
92 80 1.0
175 151 1.0
107 147 1.0
238 122 1.0
89 175 1.0
30 72 1.0
171 66 1.0
48 230 1.0
130 17 1.0
144 33 1.0
247 12 1.0
188 89 1.0
241 228 1.0
206 41 1.0
211 63 1.0
94 148 1.0
18 188 1.0
136 159 1.0
232 51 1.0
117 19 1.0
249 102 1.0
12 174 1.0
171 120 1.0
251 3 1.0
184 140 1.0
136 26 1.0
62 14 1.0
136 64 1.0
11 198 1.0
77 243 1.0
52 149 1.0
80 172 1.0
89 9 1.0
31 22 1.0
143 215 1.0
84 111 1.0
27 88 1.0
28 101 1.0
202 146 1.0
154 109 1.0
184 171 1.0
34 113 1.0
154 29 1.0
158 231 1.0
140 177 1.0
128 71 1.0
96 197 1.0
119 123 1.0
126 158 1.0
189 1 1.0
179 35 1.0
194 15 1.0
171 45 1.0
2 190 1.0
32 69 1.0
81 250 1.0
134 6 1.0
247 249 1.0
135 67 1.0
227 37 1.0
216 169 1.0
119 216 1.0
173 244 1.0
232 238 1.0
137 144 1.0
170 247 1.0
108 5 1.0
229 235 1.0
243 150 1.0
183 245 1.0
16 219 1.0
2 70 1.0
225 173 1.0
71 40 1.0
134 96 1.0
151 44 1.0
158 152 1.0
153 110 1.0
94 132 1.0
137 242 1.0
197 176 1.0
25 246 1.0
190 24 1.0
249 20 1.0
225 227 1.0
60 154 1.0
204 189 1.0
40 10 1.0
9 108 1.0
176 50 1.0
156 118 1.0
108 131 1.0
156 232 1.0
57 4 1.0
185 241 1.0
95 218 1.0
130 187 1.0
254 78 1.0
238 170 1.0
242 121 1.0
191 137 1.0
117 13 1.0
42 234 1.0
221 207 1.0
44 42 1.0
82 8 1.0
34 53 1.0
199 36 1.0
30 31 1.0
82 124 1.0
2 214 1.0
253 46 1.0
189 240 1.0
137 229 1.0
205 71 1.0
9 163 1.0
222 208 1.0
110 48 1.0
202 15 1.0
116 38 1.0
227 238 1.0
179 157 1.0
171 144 1.0
47 247 1.0
218 216 1.0
99 5 1.0
76 25 1.0
131 49 1.0
171 133 1.0
153 193 1.0
45 83 1.0
226 127 1.0
83 11 1.0
27 239 1.0
229 156 1.0
52 35 1.0
112 54 1.0
194 89 1.0
8 228 1.0
61 41 1.0
74 63 1.0
69 148 1.0
56 103 1.0
146 243 1.0
80 149 1.0
15 172 1.0
144 9 1.0
214 22 1.0
256 181 1.0
139 84 1.0
245 32 1.0
109 151 1.0
233 97 1.0
126 122 1.0
153 81 1.0
81 248 1.0
3 224 1.0
234 102 1.0
14 174 1.0
189 120 1.0
102 111 1.0
129 7 1.0
223 16 1.0
229 101 1.0
237 146 1.0
22 109 1.0
92 129 1.0
175 211 1.0
159 90 1.0
112 161 1.0
112 143 1.0
75 3 1.0
23 104 1.0
21 209 1.0
120 14 1.0
205 236 1.0
74 198 1.0
92 215 1.0
171 114 1.0
202 65 1.0
95 29 1.0
105 182 1.0
61 177 1.0
101 23 1.0
150 171 1.0
22 68 1.0
130 35 1.0
117 222 1.0
112 250 1.0
127 3 1.0
11 140 1.0
114 113 1.0
224 26 1.0
162 92 1.0
4 6 1.0
167 60 1.0
141 172 1.0
59 87 1.0
137 64 1.0
32 74 1.0
216 135 1.0
173 39 1.0
72 202 1.0
137 116 1.0
64 106 1.0
139 188 1.0
84 82 1.0
228 168 1.0
130 219 1.0
56 27 1.0
61 128 1.0
22 59 1.0
33 40 1.0
184 96 1.0
203 207 1.0
12 86 1.0
151 94 1.0
64 164 1.0
75 67 1.0
23 234 1.0
22 117 1.0
43 136 1.0
138 204 1.0
128 167 1.0
184 191 1.0
238 88 1.0
163 98 1.0
137 166 1.0
108 179 1.0
115 91 1.0
15 199 1.0
234 189 1.0
86 95 1.0
37 108 1.0
164 24 1.0
155 203 1.0
165 43 1.0
64 21 1.0
173 155 1.0
17 125 1.0
183 119 1.0
55 56 1.0
66 44 1.0
134 152 1.0
165 254 1.0
246 192 1.0
107 249 1.0
199 145 1.0
209 77 1.0
77 169 1.0
34 220 1.0
255 244 1.0
60 159 1.0
241 19 1.0
220 138 1.0
206 148 1.0
179 183 1.0
8 233 1.0
189 141 1.0
21 51 1.0
154 80 1.0
87 256 1.0
176 200 1.0
135 147 1.0
123 252 1.0
179 107 1.0
66 230 1.0
12 17 1.0
144 162 1.0
185 12 1.0
141 242 1.0
79 139 1.0
95 253 1.0
57 58 1.0
121 79 1.0
159 13 1.0
49 207 1.0
170 86 1.0
222 59 1.0
234 53 1.0
154 129 1.0
189 28 1.0
190 234 1.0
57 117 1.0
125 136 1.0
25 143 1.0
43 218 1.0
17 185 1.0
178 61 1.0
153 194 1.0
168 232 1.0
149 4 1.0
6 82 1.0
119 168 1.0
255 131 1.0
155 27 1.0
41 128 1.0
254 40 1.0
126 3 1.0
15 113 1.0
192 26 1.0
63 92 1.0
180 6 1.0
246 60 1.0
213 140 1.0
88 172 1.0
216 87 1.0
209 64 1.0
105 22 1.0
130 191 1.0
53 98 1.0
206 101 1.0
43 161 1.0
238 109 1.0
13 215 1.0
160 171 1.0
244 88 1.0
35 68 1.0
51 231 1.0
114 146 1.0
20 177 1.0
236 223 1.0
104 77 1.0
95 226 1.0
199 201 1.0
83 220 1.0
109 52 1.0
254 186 1.0
222 224 1.0
153 18 1.0
165 76 1.0
250 55 1.0
243 43 1.0
128 65 1.0
41 210 1.0
225 155 1.0
201 182 1.0
107 125 1.0
131 203 1.0
89 56 1.0
229 115 1.0
172 254 1.0
44 192 1.0
181 119 1.0
168 127 1.0
17 72 1.0
46 184 1.0
87 217 1.0
18 237 1.0
88 142 1.0
183 187 1.0
29 78 1.0
122 126 1.0
250 165 1.0
146 213 1.0
213 30 1.0
28 163 1.0
73 57 1.0
18 130 1.0
8 97 1.0
202 38 1.0
173 105 1.0
45 11 1.0
19 239 1.0
96 208 1.0
132 75 1.0
228 54 1.0
103 206 1.0
241 39 1.0
130 93 1.0
168 138 1.0
247 180 1.0
61 205 1.0
16 135 1.0
170 2 1.0
206 116 1.0
165 137 1.0
75 241 1.0
200 100 1.0
244 212 1.0
13 255 1.0
96 87 1.0
96 92 1.0
218 64 1.0
235 45 1.0
112 190 1.0
17 69 1.0
107 250 1.0
224 6 1.0
18 134 1.0
53 62 1.0
135 199 1.0
160 95 1.0
10 73 1.0
47 139 1.0
91 253 1.0
107 58 1.0
133 90 1.0
22 79 1.0
179 85 1.0
174 47 1.0
53 196 1.0
48 178 1.0
135 230 1.0
230 8 1.0
117 251 1.0
210 233 1.0
216 124 1.0
116 160 1.0
11 256 1.0
183 221 1.0
168 183 1.0
153 150 1.0
94 219 1.0
9 70 1.0
92 173 1.0
240 50 1.0
25 40 1.0
115 20 1.0
42 227 1.0
188 154 1.0
159 99 1.0
155 10 1.0
100 34 1.0
101 242 1.0
61 176 1.0
142 246 1.0
214 33 1.0
41 24 1.0
37 175 1.0
253 72 1.0
167 66 1.0
104 184 1.0
228 217 1.0
31 195 1.0
107 23 1.0
113 197 1.0
101 123 1.0
42 158 1.0
15 35 1.0
223 222 1.0
196 191 1.0
44 67 1.0
201 144 1.0
171 166 1.0
43 204 1.0
130 235 1.0
91 164 1.0
85 37 1.0
114 117 1.0
165 216 1.0
172 167 1.0
178 96 1.0
75 245 1.0
171 225 1.0
231 152 1.0
231 110 1.0
191 94 1.0
140 105 1.0
132 84 1.0
4 32 1.0
134 75 1.0
7 97 1.0
192 122 1.0
220 175 1.0
229 72 1.0
169 66 1.0
12 184 1.0
210 217 1.0
126 195 1.0
238 187 1.0
86 176 1.0
249 165 1.0
153 237 1.0
81 213 1.0
184 20 1.0
111 185 1.0
146 154 1.0
55 99 1.0
91 194 1.0
27 34 1.0
246 150 1.0
90 219 1.0
203 27 1.0
133 50 1.0
119 40 1.0
54 96 1.0
223 168 1.0
41 225 1.0
28 128 1.0
72 86 1.0
19 59 1.0
153 164 1.0
240 37 1.0
225 117 1.0
14 216 1.0
98 94 1.0
102 167 1.0
55 191 1.0
59 67 1.0
47 98 1.0
208 166 1.0
109 204 1.0
134 196 1.0
157 178 1.0
191 160 1.0
154 8 1.0
228 251 1.0
239 47 1.0
19 211 1.0
162 42 1.0
44 90 1.0
105 79 1.0
173 143 1.0
89 62 1.0
225 7 1.0
85 16 1.0
246 101 1.0
223 73 1.0
228 134 1.0
204 114 1.0
93 210 1.0
190 182 1.0
23 95 1.0
166 177 1.0
134 203 1.0
245 104 1.0
189 65 1.0
75 209 1.0
221 14 1.0
90 236 1.0
174 198 1.0
89 223 1.0
243 115 1.0
79 9 1.0
233 220 1.0
114 52 1.0
80 186 1.0
54 149 1.0
243 226 1.0
48 63 1.0
187 76 1.0
112 103 1.0
130 81 1.0
148 248 1.0
154 224 1.0
109 102 1.0
56 130 1.0
237 120 1.0
121 157 1.0
44 144 1.0
142 247 1.0
7 216 1.0
42 5 1.0
110 244 1.0
53 249 1.0
247 145 1.0
164 37 1.0
110 169 1.0
172 132 1.0
71 197 1.0
159 190 1.0
128 156 1.0
190 35 1.0
46 54 1.0
165 71 1.0
241 238 1.0
185 123 1.0
1 208 1.0
43 1 1.0
80 15 1.0
168 235 1.0
75 218 1.0
160 100 1.0
118 2 1.0
188 170 1.0
225 121 1.0
77 137 1.0
135 45 1.0
136 25 1.0
15 49 1.0
229 133 1.0
11 112 1.0
161 83 1.0
116 36 1.0
247 31 1.0
115 124 1.0
5 214 1.0
122 46 1.0
26 240 1.0
101 229 1.0
89 39 1.0
238 93 1.0
82 180 1.0
105 205 1.0
153 241 1.0
204 159 1.0
193 19 1.0
166 138 1.0
176 148 1.0
181 120 1.0
199 89 1.0
212 228 1.0
137 202 1.0
136 116 1.0
1 106 1.0
240 188 1.0
63 252 1.0
249 66 1.0
221 230 1.0
216 162 1.0
85 12 1.0
234 181 1.0
59 141 1.0
10 51 1.0
116 80 1.0
245 174 1.0
247 200 1.0
28 147 1.0
58 91 1.0
17 199 1.0
99 189 1.0
107 10 1.0
140 24 1.0
253 242 1.0
136 139 1.0
91 176 1.0
233 246 1.0
156 17 1.0
67 33 1.0
191 245 1.0
205 44 1.0
127 173 1.0
107 152 1.0
140 110 1.0
116 119 1.0
181 150 1.0
185 227 1.0
96 219 1.0
228 70 1.0
221 108 1.0
243 50 1.0
163 20 1.0
227 154 1.0
138 189 1.0
192 10 1.0
120 24 1.0
211 150 1.0
213 227 1.0
12 219 1.0
142 70 1.0
48 108 1.0
99 50 1.0
196 175 1.0
89 84 1.0
140 66 1.0
206 184 1.0
212 122 1.0
217 12 1.0
112 242 1.0
11 72 1.0
140 176 1.0
88 246 1.0
71 217 1.0
74 33 1.0
223 81 1.0
38 228 1.0
35 19 1.0
43 102 1.0
237 148 1.0
157 120 1.0
42 181 1.0
92 51 1.0
45 32 1.0
10 174 1.0
228 151 1.0
132 147 1.0
68 243 1.0
35 140 1.0
250 172 1.0
84 9 1.0
77 236 1.0
149 22 1.0
53 89 1.0
62 149 1.0
13 41 1.0
224 63 1.0
150 103 1.0
146 215 1.0
101 171 1.0
136 88 1.0
142 29 1.0
117 231 1.0
16 146 1.0
97 3 1.0
47 65 1.0
187 209 1.0
28 14 1.0
49 177 1.0
124 198 1.0
122 129 1.0
151 28 1.0
220 234 1.0
227 42 1.0
180 136 1.0
6 143 1.0
225 111 1.0
232 98 1.0
65 101 1.0
142 161 1.0
160 109 1.0
35 82 1.0
18 168 1.0
230 131 1.0
197 214 1.0
46 128 1.0
208 229 1.0
105 36 1.0
61 13 1.0
76 207 1.0
52 8 1.0
196 240 1.0
229 53 1.0
87 187 1.0
226 78 1.0
185 49 1.0
34 165 1.0
174 213 1.0
73 218 1.0
228 118 1.0
86 61 1.0
173 194 1.0
143 232 1.0
24 4 1.0
109 127 1.0
219 25 1.0
72 156 1.0
203 133 1.0
126 193 1.0
101 142 1.0
144 71 1.0
131 11 1.0
15 239 1.0
115 208 1.0
41 75 1.0
85 54 1.0
105 238 1.0
74 163 1.0
128 224 1.0
166 57 1.0
219 48 1.0
242 15 1.0
198 38 1.0
223 249 1.0
140 157 1.0
152 18 1.0
104 5 1.0
129 244 1.0
233 145 1.0
22 77 1.0
36 44 1.0
52 169 1.0
200 201 1.0
10 220 1.0
38 203 1.0
185 56 1.0
4 155 1.0
251 254 1.0
33 192 1.0
160 119 1.0
176 43 1.0
158 21 1.0
36 189 1.0
191 108 1.0
162 125 1.0
127 91 1.0
20 242 1.0
178 199 1.0
194 95 1.0
79 58 1.0
201 73 1.0
176 139 1.0
11 253 1.0
124 17 1.0
26 79 1.0
34 85 1.0
223 252 1.0
196 141 1.0
93 107 1.0
114 230 1.0
203 200 1.0
72 162 1.0
240 233 1.0
197 51 1.0
13 80 1.0
109 256 1.0
108 221 1.0
160 183 1.0
165 206 1.0
26 39 1.0
144 19 1.0
29 138 1.0
213 106 1.0
214 205 1.0
237 135 1.0
141 60 1.0
215 202 1.0
32 116 1.0
100 74 1.0
238 188 1.0
14 212 1.0
54 255 1.0
158 87 1.0
207 92 1.0
199 64 1.0
151 45 1.0
216 197 1.0
105 113 1.0
11 26 1.0
132 250 1.0
229 6 1.0
177 23 1.0
128 123 1.0
21 68 1.0
86 35 1.0
250 222 1.0
85 179 1.0
91 89 1.0
125 60 1.0
78 202 1.0
97 116 1.0
179 74 1.0
203 228 1.0
74 19 1.0
97 138 1.0
214 106 1.0
197 148 1.0
143 188 1.0
36 181 1.0
16 159 1.0
12 51 1.0
235 80 1.0
174 256 1.0
243 147 1.0
194 183 1.0
40 141 1.0
205 107 1.0
179 230 1.0
143 200 1.0
110 162 1.0
201 191 1.0
62 28 1.0
103 98 1.0
35 166 1.0
113 136 1.0
175 161 1.0
254 23 1.0
140 88 1.0
76 68 1.0
138 222 1.0
218 109 1.0
96 3 1.0
114 171 1.0
16 113 1.0
68 26 1.0
129 231 1.0
9 250 1.0
224 140 1.0
118 172 1.0
70 87 1.0
156 92 1.0
193 64 1.0
146 6 1.0
90 20 1.0
146 185 1.0
187 78 1.0
1 99 1.0
65 194 1.0
134 232 1.0
88 82 1.0
60 131 1.0
5 27 1.0
114 4 1.0
117 40 1.0
247 96 1.0
123 168 1.0
30 207 1.0
235 128 1.0
183 86 1.0
54 59 1.0
152 164 1.0
84 234 1.0
237 117 1.0
23 53 1.0
249 143 1.0
195 30 1.0
73 224 1.0
88 57 1.0
132 130 1.0
204 76 1.0
196 38 1.0
156 105 1.0
75 84 1.0
182 248 1.0
174 32 1.0
255 75 1.0
95 97 1.0
45 54 1.0
134 127 1.0
118 239 1.0
76 184 1.0
76 217 1.0
108 195 1.0
208 187 1.0
26 72 1.0
49 126 1.0
224 165 1.0
15 237 1.0
32 213 1.0
248 203 1.0
177 104 1.0
222 65 1.0
67 155 1.0
141 254 1.0
193 153 1.0
10 134 1.0
106 114 1.0
76 210 1.0
204 182 1.0
60 95 1.0
1 177 1.0
99 52 1.0
155 186 1.0
130 149 1.0
68 226 1.0
44 18 1.0
141 55 1.0
149 223 1.0
98 115 1.0
63 9 1.0
248 192 1.0
56 220 1.0
242 233 1.0
149 196 1.0
162 178 1.0
109 160 1.0
204 8 1.0
73 251 1.0
96 206 1.0
162 124 1.0
31 138 1.0
101 46 1.0
211 221 1.0
252 183 1.0
56 62 1.0
117 7 1.0
86 16 1.0
36 58 1.0
120 73 1.0
221 47 1.0
54 211 1.0
87 42 1.0
87 90 1.0
2 79 1.0
186 85 1.0
219 45 1.0
211 212 1.0
174 133 1.0
195 112 1.0
187 6 1.0
124 197 1.0
80 190 1.0
24 158 1.0
85 69 1.0
204 35 1.0
60 250 1.0
89 135 1.0
149 39 1.0
169 93 1.0
225 180 1.0
43 205 1.0
236 241 1.0
221 100 1.0
94 2 1.0
17 49 1.0
147 170 1.0
174 121 1.0
54 137 1.0
75 249 1.0
227 96 1.0
248 37 1.0
20 117 1.0
169 152 1.0
26 132 1.0
33 245 1.0
92 44 1.0
162 173 1.0
161 110 1.0
31 40 1.0
84 23 1.0
181 191 1.0
220 123 1.0
102 247 1.0
170 1 1.0
173 15 1.0
162 235 1.0
191 67 1.0
76 144 1.0
79 216 1.0
63 5 1.0
196 167 1.0
160 203 1.0
82 56 1.0
191 21 1.0
109 155 1.0
143 254 1.0
171 119 1.0
169 223 1.0
201 115 1.0
229 201 1.0
142 192 1.0
50 220 1.0
5 62 1.0
56 199 1.0
164 253 1.0
61 58 1.0
102 73 1.0
46 134 1.0
67 43 1.0
58 210 1.0
256 182 1.0
250 95 1.0
158 125 1.0
205 233 1.0
180 196 1.0
14 160 1.0
87 8 1.0
90 251 1.0
52 252 1.0
141 139 1.0
186 107 1.0
45 230 1.0
129 17 1.0
205 79 1.0
76 85 1.0
167 135 1.0
40 39 1.0
234 106 1.0
162 205 1.0
174 241 1.0
74 206 1.0
36 51 1.0
175 19 1.0
77 138 1.0
178 256 1.0
147 221 1.0
190 183 1.0
204 82 1.0
181 118 1.0
198 131 1.0
173 27 1.0
144 4 1.0
127 229 1.0
97 168 1.0
85 207 1.0
8 128 1.0
75 86 1.0
18 59 1.0
170 187 1.0
30 25 1.0
108 126 1.0
230 165 1.0
47 193 1.0
207 218 1.0
40 78 1.0
6 61 1.0
193 194 1.0
234 232 1.0
166 213 1.0
60 71 1.0
145 11 1.0
234 163 1.0
168 208 1.0
81 48 1.0
125 75 1.0
233 15 1.0
190 127 1.0
198 239 1.0
218 156 1.0
216 217 1.0
93 54 1.0
137 142 1.0
125 52 1.0
223 157 1.0
172 77 1.0
86 226 1.0
69 18 1.0
87 55 1.0
193 30 1.0
184 224 1.0
79 57 1.0
134 5 1.0
225 38 1.0
213 181 1.0
106 159 1.0
231 51 1.0
182 138 1.0
189 174 1.0
248 147 1.0
238 120 1.0
49 228 1.0
221 19 1.0
129 63 1.0
189 148 1.0
102 188 1.0
158 89 1.0
104 243 1.0
36 149 1.0
47 41 1.0
174 87 1.0
3 22 1.0
79 140 1.0
255 172 1.0
218 14 1.0
75 64 1.0
150 198 1.0
210 3 1.0
125 171 1.0
121 113 1.0
10 26 1.0
178 231 1.0
242 177 1.0
98 215 1.0
10 88 1.0
36 29 1.0
140 146 1.0
245 109 1.0
13 111 1.0
109 28 1.0
148 98 1.0
11 101 1.0
192 136 1.0
178 161 1.0
49 129 1.0
123 13 1.0
225 234 1.0
232 117 1.0
49 53 1.0
113 143 1.0
33 238 1.0
115 123 1.0
73 144 1.0
54 247 1.0
98 1 1.0
113 235 1.0
10 249 1.0
48 157 1.0
156 169 1.0
142 216 1.0
87 5 1.0
184 244 1.0
75 145 1.0
242 37 1.0
97 44 1.0
253 152 1.0
235 132 1.0
100 150 1.0
227 245 1.0
163 70 1.0
118 173 1.0
172 110 1.0
254 119 1.0
218 20 1.0
253 227 1.0
78 219 1.0
132 189 1.0
209 108 1.0
66 50 1.0
55 242 1.0
191 154 1.0
60 176 1.0
103 10 1.0
238 246 1.0
149 24 1.0
133 252 1.0
135 72 1.0
152 17 1.0
78 33 1.0
192 12 1.0
57 141 1.0
100 66 1.0
182 80 1.0
106 230 1.0
128 200 1.0
47 122 1.0
198 145 1.0
101 77 1.0
99 44 1.0
47 152 1.0
71 132 1.0
61 249 1.0
204 157 1.0
99 169 1.0
203 216 1.0
179 5 1.0
85 244 1.0
178 238 1.0
108 163 1.0
56 144 1.0
67 247 1.0
87 48 1.0
36 235 1.0
236 71 1.0
110 11 1.0
42 208 1.0
171 35 1.0
66 15 1.0
169 54 1.0
160 252 1.0
209 139 1.0
246 253 1.0
74 17 1.0
36 33 1.0
149 12 1.0
177 91 1.0
56 242 1.0
152 199 1.0
13 10 1.0
200 58 1.0
62 24 1.0
233 227 1.0
247 21 1.0
21 189 1.0
224 108 1.0
181 50 1.0
86 203 1.0
209 56 1.0
71 70 1.0
217 254 1.0
90 192 1.0
132 119 1.0
80 36 1.0
90 13 1.0
166 207 1.0
185 8 1.0
79 240 1.0
3 251 1.0
84 47 1.0
13 211 1.0
14 234 1.0
158 42 1.0
72 90 1.0
27 143 1.0
8 111 1.0
51 16 1.0
94 101 1.0
18 161 1.0
222 109 1.0
135 134 1.0
37 114 1.0
104 7 1.0
86 29 1.0
238 182 1.0
57 146 1.0
92 127 1.0
95 25 1.0
75 239 1.0
74 156 1.0
123 133 1.0
166 193 1.0
104 83 1.0
82 100 1.0
85 49 1.0
7 121 1.0
185 137 1.0
57 218 1.0
17 118 1.0
89 2 1.0
51 170 1.0
17 232 1.0
86 4 1.0
37 241 1.0
243 31 1.0
196 124 1.0
90 131 1.0
6 214 1.0
80 46 1.0
5 229 1.0
172 175 1.0
131 84 1.0
54 66 1.0
234 184 1.0
99 122 1.0
25 195 1.0
3 105 1.0
149 248 1.0
176 32 1.0
82 130 1.0
35 151 1.0
31 97 1.0
244 120 1.0
85 20 1.0
200 242 1.0
137 154 1.0
123 99 1.0
256 10 1.0
256 24 1.0
172 72 1.0
213 176 1.0
184 246 1.0
77 217 1.0
157 237 1.0
70 243 1.0
150 104 1.0
247 172 1.0
109 9 1.0
250 14 1.0
166 236 1.0
136 3 1.0
19 65 1.0
4 209 1.0
125 177 1.0
161 198 1.0
54 81 1.0
249 186 1.0
139 224 1.0
115 102 1.0
232 148 1.0
9 89 1.0
229 149 1.0
101 41 1.0
59 63 1.0
75 22 1.0
93 103 1.0
73 197 1.0
246 190 1.0
182 158 1.0
41 35 1.0
49 250 1.0
29 23 1.0
37 191 1.0
201 123 1.0
140 166 1.0
126 222 1.0
227 179 1.0
136 100 1.0
201 2 1.0
107 255 1.0
104 116 1.0
154 87 1.0
90 137 1.0
97 45 1.0
120 212 1.0
233 26 1.0
197 92 1.0
82 64 1.0
115 6 1.0
256 245 1.0
224 225 1.0
203 128 1.0
47 59 1.0
190 40 1.0
94 150 1.0
121 227 1.0
222 219 1.0
36 27 1.0
12 34 1.0
200 50 1.0
40 67 1.0
46 144 1.0
151 216 1.0
248 204 1.0
55 167 1.0
111 164 1.0
32 96 1.0
53 37 1.0
28 117 1.0
90 152 1.0
212 94 1.0
62 238 1.0
23 144 1.0
215 247 1.0
172 5 1.0
147 38 1.0
61 71 1.0
255 11 1.0
110 163 1.0
251 208 1.0
64 48 1.0
254 75 1.0
171 15 1.0
104 145 1.0
242 44 1.0
46 201 1.0
194 192 1.0
9 220 1.0
202 249 1.0
55 157 1.0
125 77 1.0
212 169 1.0
216 18 1.0
13 244 1.0
5 218 1.0
106 78 1.0
82 170 1.0
252 137 1.0
187 241 1.0
3 31 1.0
204 118 1.0
151 131 1.0
154 214 1.0
192 232 1.0
162 4 1.0
110 127 1.0
95 239 1.0
219 156 1.0
120 54 1.0
52 83 1.0
128 187 1.0
55 25 1.0
248 49 1.0
252 121 1.0
223 133 1.0
160 193 1.0
136 28 1.0
45 16 1.0
153 101 1.0
89 90 1.0
4 161 1.0
137 143 1.0
69 215 1.0
33 111 1.0
128 88 1.0
161 29 1.0
153 146 1.0
229 109 1.0
252 36 1.0
71 124 1.0
33 207 1.0
212 46 1.0
129 8 1.0
126 240 1.0
12 229 1.0
222 129 1.0
193 13 1.0
204 234 1.0
2 42 1.0
95 53 1.0
147 89 1.0
213 243 1.0
104 149 1.0
124 41 1.0
190 9 1.0
204 22 1.0
230 228 1.0
215 224 1.0
253 63 1.0
15 148 1.0
171 103 1.0
46 171 1.0
145 65 1.0
77 209 1.0
108 231 1.0
160 177 1.0
121 3 1.0
254 140 1.0
112 172 1.0
12 14 1.0
208 236 1.0
103 198 1.0
15 242 1.0
65 154 1.0
68 176 1.0
253 246 1.0
33 24 1.0
72 175 1.0
234 72 1.0
157 184 1.0
96 217 1.0
116 33 1.0
89 195 1.0
43 84 1.0
239 66 1.0
157 32 1.0
83 151 1.0
107 122 1.0
86 181 1.0
37 81 1.0
203 248 1.0
7 102 1.0
9 174 1.0
75 147 1.0
107 120 1.0
1 249 1.0
163 67 1.0
189 37 1.0
60 117 1.0
95 216 1.0
150 204 1.0
224 167 1.0
123 96 1.0
20 225 1.0
101 152 1.0
175 94 1.0
37 150 1.0
200 245 1.0
73 219 1.0
110 70 1.0
200 173 1.0
246 110 1.0
227 40 1.0
37 20 1.0
192 227 1.0
174 189 1.0
117 10 1.0
20 34 1.0
162 50 1.0
155 100 1.0
47 255 1.0
206 87 1.0
156 112 1.0
95 137 1.0
68 45 1.0
239 212 1.0
4 190 1.0
15 69 1.0
127 92 1.0
140 6 1.0
56 23 1.0
77 197 1.0
240 158 1.0
112 35 1.0
89 222 1.0
211 250 1.0
242 191 1.0
209 123 1.0
192 144 1.0
31 166 1.0
17 1 1.0
147 235 1.0
106 47 1.0
200 178 1.0
105 230 1.0
231 90 1.0
110 251 1.0
131 85 1.0
149 233 1.0
38 196 1.0
247 124 1.0
236 160 1.0
52 256 1.0
194 8 1.0
32 221 1.0
123 206 1.0
133 93 1.0
185 138 1.0
144 205 1.0
196 183 1.0
96 135 1.0
225 39 1.0
59 2 1.0
127 116 1.0
230 180 1.0
58 241 1.0
17 71 1.0
81 197 1.0
131 158 1.0
229 35 1.0
125 15 1.0
20 250 1.0
242 45 1.0
218 212 1.0
11 190 1.0
190 69 1.0
125 133 1.0
26 83 1.0
189 100 1.0
138 49 1.0
195 121 1.0
190 112 1.0
80 137 1.0
174 218 1.0
11 39 1.0
176 2 1.0
220 170 1.0
228 180 1.0
38 241 1.0
134 206 1.0
189 93 1.0
133 214 1.0
161 46 1.0
3 205 1.0
173 229 1.0
151 36 1.0
62 196 1.0
12 124 1.0
239 160 1.0
80 8 1.0
174 240 1.0
140 251 1.0
225 47 1.0
37 178 1.0
59 42 1.0
205 90 1.0
60 85 1.0
150 62 1.0
210 211 1.0
204 16 1.0
200 101 1.0
187 79 1.0
202 73 1.0
210 134 1.0
147 114 1.0
213 7 1.0
207 210 1.0
109 182 1.0
203 95 1.0
82 203 1.0
83 65 1.0
82 155 1.0
106 177 1.0
21 153 1.0
81 223 1.0
131 104 1.0
163 115 1.0
209 9 1.0
180 14 1.0
48 236 1.0
178 52 1.0
169 149 1.0
197 226 1.0
30 220 1.0
8 103 1.0
104 30 1.0
179 186 1.0
98 224 1.0
216 102 1.0
60 18 1.0
61 76 1.0
179 105 1.0
192 248 1.0
209 32 1.0
253 130 1.0
210 97 1.0
108 120 1.0
54 175 1.0
112 84 1.0
200 66 1.0
119 184 1.0
3 75 1.0
173 122 1.0
220 72 1.0
47 126 1.0
30 165 1.0
183 217 1.0
24 237 1.0
250 195 1.0
77 185 1.0
173 219 1.0
50 99 1.0
197 27 1.0
247 34 1.0
174 50 1.0
57 20 1.0
7 187 1.0
92 154 1.0
30 194 1.0
139 213 1.0
147 96 1.0
18 37 1.0
188 117 1.0
32 86 1.0
85 94 1.0
23 82 1.0
114 168 1.0
181 207 1.0
44 128 1.0
229 59 1.0
213 40 1.0
110 23 1.0
112 191 1.0
175 88 1.0
73 166 1.0
240 222 1.0
79 179 1.0
148 164 1.0
9 67 1.0
211 98 1.0
81 136 1.0
221 204 1.0
34 167 1.0
36 3 1.0
30 140 1.0
123 26 1.0
73 92 1.0
210 64 1.0
132 6 1.0
46 197 1.0
60 113 1.0
241 68 1.0
90 35 1.0
161 250 1.0
138 135 1.0
75 39 1.0
235 116 1.0
204 106 1.0
217 205 1.0
96 188 1.0
65 60 1.0
242 202 1.0
247 255 1.0
161 87 1.0
72 74 1.0
9 233 1.0
207 141 1.0
245 80 1.0
243 200 1.0
48 221 1.0
88 162 1.0
91 159 1.0
248 51 1.0
32 19 1.0
40 138 1.0
236 256 1.0
85 183 1.0
96 242 1.0
5 253 1.0
112 58 1.0
1 73 1.0
245 252 1.0
251 139 1.0
143 107 1.0
149 230 1.0
32 17 1.0
246 79 1.0
141 12 1.0
97 203 1.0
126 56 1.0
83 21 1.0
151 155 1.0
155 254 1.0
40 119 1.0
131 91 1.0
94 43 1.0
179 199 1.0
67 189 1.0
166 95 1.0
163 108 1.0
58 125 1.0
119 96 1.0
64 225 1.0
89 86 1.0
202 59 1.0
77 94 1.0
222 150 1.0
71 168 1.0
9 219 1.0
218 27 1.0
145 128 1.0
142 40 1.0
148 20 1.0
249 185 1.0
113 99 1.0
71 194 1.0
221 34 1.0
63 50 1.0
159 187 1.0
33 154 1.0
87 176 1.0
181 165 1.0
249 213 1.0
167 175 1.0
85 72 1.0
210 184 1.0
115 217 1.0
98 237 1.0
78 195 1.0
111 105 1.0
120 84 1.0
64 66 1.0
213 32 1.0
46 151 1.0
50 122 1.0
226 81 1.0
143 248 1.0
244 102 1.0
145 130 1.0
168 97 1.0
53 120 1.0
191 52 1.0
28 186 1.0
248 224 1.0
173 63 1.0
129 76 1.0
22 103 1.0
90 243 1.0
220 149 1.0
128 41 1.0
148 9 1.0
174 22 1.0
256 3 1.0
60 104 1.0
218 115 1.0
205 14 1.0
34 236 1.0
170 198 1.0
94 114 1.0
160 65 1.0
199 210 1.0
101 209 1.0
228 182 1.0
15 177 1.0
171 134 1.0
46 111 1.0
98 7 1.0
232 146 1.0
1 109 1.0
25 211 1.0
19 16 1.0
10 101 1.0
19 90 1.0
90 161 1.0
216 143 1.0
202 47 1.0
181 196 1.0
191 178 1.0
119 42 1.0
25 8 1.0
60 251 1.0
235 36 1.0
234 124 1.0
159 160 1.0
6 46 1.0
147 240 1.0
146 229 1.0
248 31 1.0
174 118 1.0
52 93 1.0
220 214 1.0
71 180 1.0
92 4 1.0
185 157 1.0
87 224 1.0
170 57 1.0
101 18 1.0
118 5 1.0
218 244 1.0
149 71 1.0
58 30 1.0
40 163 1.0
178 208 1.0
65 48 1.0
164 15 1.0
195 38 1.0
43 56 1.0
256 115 1.0
226 201 1.0
213 254 1.0
74 192 1.0
245 119 1.0
23 249 1.0
180 223 1.0
55 77 1.0
46 226 1.0
146 220 1.0
52 91 1.0
88 199 1.0
106 210 1.0
64 95 1.0
246 73 1.0
195 203 1.0
123 43 1.0
186 21 1.0
125 155 1.0
150 108 1.0
38 125 1.0
60 252 1.0
88 107 1.0
141 230 1.0
164 162 1.0
8 85 1.0
42 62 1.0
77 139 1.0
60 253 1.0
74 58 1.0
243 17 1.0
15 79 1.0
155 206 1.0
96 19 1.0
126 138 1.0
161 205 1.0
98 183 1.0
112 233 1.0
173 196 1.0
111 51 1.0
111 80 1.0
183 256 1.0
164 200 1.0
70 221 1.0
91 60 1.0
200 212 1.0
167 255 1.0
126 87 1.0
243 64 1.0
52 74 1.0
251 135 1.0
59 39 1.0
217 2 1.0
224 116 1.0
29 106 1.0
127 188 1.0
183 23 1.0
87 197 1.0
106 123 1.0
252 68 1.0
58 35 1.0
73 222 1.0
109 250 1.0
70 45 1.0
254 190 1.0
238 26 1.0
49 92 1.0
119 6 1.0
85 164 1.0
251 67 1.0
205 37 1.0
219 117 1.0
106 216 1.0
147 167 1.0
253 191 1.0
135 98 1.0
144 166 1.0
93 204 1.0
245 179 1.0
139 129 1.0
123 28 1.0
229 136 1.0
96 161 1.0
227 143 1.0
181 13 1.0
123 234 1.0
2 207 1.0
146 117 1.0
64 86 1.0
212 53 1.0
89 215 1.0
172 171 1.0
188 113 1.0
194 68 1.0
72 231 1.0
34 250 1.0
231 191 1.0
115 88 1.0
229 98 1.0
173 166 1.0
164 146 1.0
252 109 1.0
223 218 1.0
85 187 1.0
178 78 1.0
158 194 1.0
229 165 1.0
204 213 1.0
8 72 1.0
83 126 1.0
117 217 1.0
34 237 1.0
249 142 1.0
32 82 1.0
224 168 1.0
240 27 1.0
110 128 1.0
112 59 1.0
108 40 1.0
231 185 1.0
202 131 1.0
43 61 1.0
72 232 1.0
211 4 1.0
179 30 1.0
108 186 1.0
204 224 1.0
85 57 1.0
83 18 1.0
26 76 1.0
195 52 1.0
210 223 1.0
186 77 1.0
53 226 1.0
176 220 1.0
77 55 1.0
186 127 1.0
175 11 1.0
163 239 1.0
75 184 1.0
241 75 1.0
11 54 1.0
216 105 1.0
141 163 1.0
82 208 1.0
165 130 1.0
69 97 1.0
163 38 1.0
201 134 1.0
201 7 1.0
192 210 1.0
247 182 1.0
157 95 1.0
97 73 1.0
208 62 1.0
106 211 1.0
181 253 1.0
13 58 1.0
44 79 1.0
216 104 1.0
143 115 1.0
60 201 1.0
199 254 1.0
113 192 1.0
37 203 1.0
91 43 1.0
121 65 1.0
65 155 1.0
228 125 1.0
232 153 1.0
41 71 1.0
233 197 1.0
82 123 1.0
90 208 1.0
206 1 1.0
2 35 1.0
16 15 1.0
91 45 1.0
36 190 1.0
165 156 1.0
34 54 1.0
40 83 1.0
149 100 1.0
246 25 1.0
192 49 1.0
65 121 1.0
219 133 1.0
133 193 1.0
8 218 1.0
150 2 1.0
32 170 1.0
72 137 1.0
142 241 1.0
174 203 1.0
60 219 1.0
223 70 1.0
181 173 1.0
175 50 1.0
64 119 1.0
50 145 1.0
128 56 1.0
24 44 1.0
211 152 1.0
11 110 1.0
203 132 1.0
229 249 1.0
128 77 1.0
205 169 1.0
60 216 1.0
73 244 1.0
224 238 1.0
26 157 1.0
7 144 1.0
44 247 1.0
33 5 1.0
223 235 1.0
13 181 1.0
122 141 1.0
10 80 1.0
54 200 1.0
227 147 1.0
106 162 1.0
222 252 1.0
106 139 1.0
136 107 1.0
161 230 1.0
169 17 1.0
210 12 1.0
219 242 1.0
105 176 1.0
254 58 1.0
45 33 1.0
171 24 1.0
33 91 1.0
206 227 1.0
200 199 1.0
172 189 1.0
248 10 1.0
61 108 1.0
72 3 1.0
183 140 1.0
73 26 1.0
35 92 1.0
59 64 1.0
27 6 1.0
146 60 1.0
55 202 1.0
104 172 1.0
9 87 1.0
35 74 1.0
124 89 1.0
67 228 1.0
70 116 1.0
121 106 1.0
51 148 1.0
220 188 1.0
229 159 1.0
205 51 1.0
132 19 1.0
69 138 1.0
238 174 1.0
214 183 1.0
182 23 1.0
31 171 1.0
223 88 1.0
122 68 1.0
91 231 1.0
230 222 1.0
156 191 1.0
113 98 1.0
147 166 1.0
48 204 1.0
18 179 1.0
214 164 1.0
92 67 1.0
3 234 1.0
220 117 1.0
104 136 1.0
134 143 1.0
156 96 1.0
82 207 1.0
195 86 1.0
53 59 1.0
217 94 1.0
28 159 1.0
46 39 1.0
103 19 1.0
177 138 1.0
187 148 1.0
74 183 1.0
92 135 1.0
245 202 1.0
74 116 1.0
221 106 1.0
68 74 1.0
88 188 1.0
40 60 1.0
163 140 1.0
197 172 1.0
95 87 1.0
148 64 1.0
45 3 1.0
118 113 1.0
172 26 1.0
59 92 1.0
41 250 1.0
221 6 1.0
64 105 1.0
42 84 1.0
81 239 1.0
231 32 1.0
113 75 1.0
164 54 1.0
178 30 1.0
26 248 1.0
183 224 1.0
11 57 1.0
40 130 1.0
132 97 1.0
48 120 1.0
224 52 1.0
10 186 1.0
239 18 1.0
40 76 1.0
36 55 1.0
139 223 1.0
92 149 1.0
107 115 1.0
7 226 1.0
101 9 1.0
140 220 1.0
118 82 1.0
212 168 1.0
48 219 1.0
29 27 1.0
188 128 1.0
112 40 1.0
180 20 1.0
172 185 1.0
247 99 1.0
11 194 1.0
90 34 1.0
223 4 1.0
144 187 1.0
62 78 1.0
131 126 1.0
25 165 1.0
37 213 1.0
230 175 1.0
147 72 1.0
54 184 1.0
162 217 1.0
110 237 1.0
116 195 1.0
209 127 1.0
193 25 1.0
227 133 1.0
120 193 1.0
203 83 1.0
1 187 1.0
134 2 1.0
160 49 1.0
84 170 1.0
186 121 1.0
62 137 1.0
33 71 1.0
185 238 1.0
8 163 1.0
45 247 1.0
184 48 1.0
77 15 1.0
9 38 1.0
220 11 1.0
57 239 1.0
146 208 1.0
235 156 1.0
3 35 1.0
97 54 1.0
107 36 1.0
34 13 1.0
121 234 1.0
69 207 1.0
187 8 1.0
133 53 1.0
62 47 1.0
127 211 1.0
225 42 1.0
100 90 1.0
166 161 1.0
226 143 1.0
41 218 1.0
9 118 1.0
18 131 1.0
102 232 1.0
201 4 1.0
186 241 1.0
191 31 1.0
159 124 1.0
189 214 1.0
49 46 1.0
137 240 1.0
250 229 1.0
43 242 1.0
240 139 1.0
57 253 1.0
247 58 1.0
153 17 1.0
35 79 1.0
198 91 1.0
222 199 1.0
178 189 1.0
242 10 1.0
82 24 1.0
108 233 1.0
126 51 1.0
44 80 1.0
151 256 1.0
160 200 1.0
52 147 1.0
65 252 1.0
142 141 1.0
73 107 1.0
19 230 1.0
119 162 1.0
186 12 1.0
190 249 1.0
176 145 1.0
102 77 1.0
21 169 1.0
218 152 1.0
133 220 1.0
109 157 1.0
114 144 1.0
249 216 1.0
195 5 1.0
210 244 1.0
121 203 1.0
87 43 1.0
194 21 1.0
174 155 1.0
190 108 1.0
254 125 1.0
6 56 1.0
21 44 1.0
108 254 1.0
200 192 1.0
179 119 1.0
204 3 1.0
26 140 1.0
180 113 1.0
256 26 1.0
157 14 1.0
47 236 1.0
197 198 1.0
220 215 1.0
155 171 1.0
255 29 1.0
229 231 1.0
66 146 1.0
248 177 1.0
153 89 1.0
119 228 1.0
82 149 1.0
159 41 1.0
104 63 1.0
125 148 1.0
254 188 1.0
178 243 1.0
167 172 1.0
175 9 1.0
72 22 1.0
205 181 1.0
174 141 1.0
249 32 1.0
196 151 1.0
115 147 1.0
118 122 1.0
164 81 1.0
90 51 1.0
166 19 1.0
159 102 1.0
120 174 1.0
185 120 1.0
132 242 1.0
228 176 1.0
51 246 1.0
195 33 1.0
131 24 1.0
164 175 1.0
191 72 1.0
186 66 1.0
36 184 1.0
1 17 1.0
108 12 1.0
103 127 1.0
228 25 1.0
130 126 1.0
174 217 1.0
7 193 1.0
102 142 1.0
154 11 1.0
125 239 1.0
227 156 1.0
59 75 1.0
241 54 1.0
150 118 1.0
76 131 1.0
192 61 1.0
253 232 1.0
120 4 1.0
40 218 1.0
230 187 1.0
237 78 1.0
247 194 1.0
9 165 1.0
182 213 1.0
219 13 1.0
143 234 1.0
251 207 1.0
90 86 1.0
167 53 1.0
26 82 1.0
86 168 1.0
135 214 1.0
180 128 1.0
111 240 1.0
78 229 1.0
114 111 1.0
166 88 1.0
165 98 1.0
72 101 1.0
19 109 1.0
142 129 1.0
112 28 1.0
31 42 1.0
116 136 1.0
160 161 1.0
207 143 1.0
181 135 1.0
76 100 1.0
195 2 1.0
236 170 1.0
12 137 1.0
193 241 1.0
242 206 1.0
104 39 1.0
94 93 1.0
20 138 1.0
19 180 1.0
197 205 1.0
89 233 1.0
120 124 1.0
103 160 1.0
170 46 1.0
129 221 1.0
181 183 1.0
38 47 1.0
114 196 1.0
80 178 1.0
194 42 1.0
22 8 1.0
210 251 1.0
38 211 1.0
221 16 1.0
194 90 1.0
96 79 1.0
84 85 1.0
220 134 1.0
228 62 1.0
193 7 1.0
92 101 1.0
62 95 1.0
225 73 1.0
108 114 1.0
5 65 1.0
120 210 1.0
132 182 1.0
92 177 1.0
114 203 1.0
198 104 1.0
100 155 1.0
60 254 1.0
228 192 1.0
40 153 1.0
175 20 1.0
195 227 1.0
197 154 1.0
41 189 1.0
53 10 1.0
8 108 1.0
171 150 1.0
189 219 1.0
21 70 1.0
255 50 1.0
134 40 1.0
150 96 1.0
179 245 1.0
108 44 1.0
55 173 1.0
99 152 1.0
24 110 1.0
201 249 1.0
139 37 1.0
48 169 1.0
183 216 1.0
125 132 1.0
52 167 1.0
180 238 1.0
249 67 1.0
251 144 1.0
169 247 1.0
232 5 1.0
134 23 1.0
120 123 1.0
207 158 1.0
103 1 1.0
24 35 1.0
246 15 1.0
109 235 1.0
28 45 1.0
185 197 1.0
65 190 1.0
158 69 1.0
30 250 1.0
150 6 1.0
84 212 1.0
75 49 1.0
177 121 1.0
108 133 1.0
99 112 1.0
90 218 1.0
249 39 1.0
38 170 1.0
187 180 1.0
252 205 1.0
229 241 1.0
208 100 1.0
39 2 1.0
26 49 1.0
244 121 1.0
93 137 1.0
87 36 1.0
135 196 1.0
11 160 1.0
219 8 1.0
139 251 1.0
86 31 1.0
210 124 1.0
185 93 1.0
110 214 1.0
250 46 1.0
57 240 1.0
9 229 1.0
34 71 1.0
188 238 1.0
228 123 1.0
235 247 1.0
199 1 1.0
55 15 1.0
123 235 1.0
63 157 1.0
188 144 1.0
44 216 1.0
27 5 1.0
240 244 1.0
30 45 1.0
128 25 1.0
105 69 1.0
132 133 1.0
118 112 1.0
116 83 1.0
252 197 1.0
111 190 1.0
118 158 1.0
188 35 1.0
233 250 1.0
139 52 1.0
188 186 1.0
125 149 1.0
223 226 1.0
175 18 1.0
110 103 1.0
164 223 1.0
211 115 1.0
236 9 1.0
174 236 1.0
252 220 1.0
210 105 1.0
4 84 1.0
204 248 1.0
161 32 1.0
37 130 1.0
218 75 1.0
113 97 1.0
141 30 1.0
131 224 1.0
177 102 1.0
197 76 1.0
116 120 1.0
129 62 1.0
99 7 1.0
122 16 1.0
87 101 1.0
141 73 1.0
224 47 1.0
16 211 1.0
104 178 1.0
205 42 1.0
40 90 1.0
135 79 1.0
175 85 1.0
218 203 1.0
163 104 1.0
241 65 1.0
63 209 1.0
41 14 1.0
134 153 1.0
186 134 1.0
236 114 1.0
49 210 1.0
143 182 1.0
47 95 1.0
165 177 1.0
66 215 1.0
83 171 1.0
143 88 1.0
106 68 1.0
199 231 1.0
228 146 1.0
172 3 1.0
170 113 1.0
240 26 1.0
164 177 1.0
36 198 1.0
86 60 1.0
220 140 1.0
154 172 1.0
217 87 1.0
133 92 1.0
200 64 1.0
176 89 1.0
251 202 1.0
1 116 1.0
36 63 1.0
129 22 1.0
226 188 1.0
53 82 1.0
251 168 1.0
68 131 1.0
247 27 1.0
226 128 1.0
173 40 1.0
104 13 1.0
210 207 1.0
42 86 1.0
108 59 1.0
239 53 1.0
202 129 1.0
241 28 1.0
65 234 1.0
87 117 1.0
33 136 1.0
56 143 1.0
48 191 1.0
122 98 1.0
242 101 1.0
185 161 1.0
114 109 1.0
87 91 1.0
207 242 1.0
173 199 1.0
61 189 1.0
21 10 1.0
248 24 1.0
81 150 1.0
88 227 1.0
196 219 1.0
139 70 1.0
15 108 1.0
228 50 1.0
145 245 1.0
79 44 1.0
3 173 1.0
56 110 1.0
184 119 1.0
112 249 1.0
86 145 1.0
47 37 1.0
59 169 1.0
239 152 1.0
103 132 1.0
117 159 1.0
199 228 1.0
236 19 1.0
87 138 1.0
126 148 1.0
16 181 1.0
102 51 1.0
86 80 1.0
51 174 1.0
86 200 1.0
72 147 1.0
150 120 1.0
216 252 1.0
41 141 1.0
175 66 1.0
156 230 1.0
14 162 1.0
179 12 1.0
48 139 1.0
218 176 1.0
215 246 1.0
70 17 1.0
124 33 1.0
223 43 1.0
71 21 1.0
209 210 1.0
8 182 1.0
255 125 1.0
217 134 1.0
250 62 1.0
228 199 1.0
219 58 1.0
68 95 1.0
169 73 1.0
233 252 1.0
242 139 1.0
218 253 1.0
89 17 1.0
53 79 1.0
109 85 1.0
42 196 1.0
96 107 1.0
164 230 1.0
138 8 1.0
102 251 1.0
220 233 1.0
153 206 1.0
133 124 1.0
27 160 1.0
248 256 1.0
109 221 1.0
202 183 1.0
6 39 1.0
233 19 1.0
248 138 1.0
31 106 1.0
55 205 1.0
133 241 1.0
210 135 1.0
35 100 1.0
116 2 1.0
187 116 1.0
152 137 1.0
143 212 1.0
25 255 1.0
157 87 1.0
141 92 1.0
203 64 1.0
253 6 1.0
67 218 1.0
14 185 1.0
244 78 1.0
190 61 1.0
24 194 1.0
51 232 1.0
190 4 1.0
120 187 1.0
240 126 1.0
177 165 1.0
41 213 1.0
51 127 1.0
217 72 1.0
225 239 1.0
48 184 1.0
200 217 1.0
217 237 1.0
131 142 1.0
105 71 1.0
191 11 1.0
171 208 1.0
122 75 1.0
108 97 1.0
28 54 1.0
22 30 1.0
245 163 1.0
226 224 1.0
94 57 1.0
215 48 1.0
37 38 1.0
220 52 1.0
82 157 1.0
170 226 1.0
54 18 1.0
63 76 1.0
15 55 1.0
59 223 1.0
168 77 1.0
213 115 1.0
78 201 1.0
153 220 1.0
144 203 1.0
129 56 1.0
29 155 1.0
208 254 1.0
32 192 1.0
127 119 1.0
71 105 1.0
202 84 1.0
171 248 1.0
131 32 1.0
177 151 1.0
105 97 1.0
115 122 1.0
113 175 1.0
119 66 1.0
123 184 1.0
139 217 1.0
196 195 1.0
230 89 1.0
108 228 1.0
241 149 1.0
85 41 1.0
250 63 1.0
168 103 1.0
183 81 1.0
242 224 1.0
98 102 1.0
129 130 1.0
247 148 1.0
61 120 1.0
34 3 1.0
218 104 1.0
178 65 1.0
207 209 1.0
137 14 1.0
5 198 1.0
41 243 1.0
156 172 1.0
207 9 1.0
5 236 1.0
247 22 1.0
57 111 1.0
157 7 1.0
72 16 1.0
183 101 1.0
122 109 1.0
173 215 1.0
163 114 1.0
41 29 1.0
89 182 1.0
112 146 1.0
198 177 1.0
224 23 1.0
165 123 1.0
246 158 1.0
96 222 1.0
249 179 1.0
24 45 1.0
160 197 1.0
184 190 1.0
14 69 1.0
146 35 1.0
19 250 1.0
203 164 1.0
24 37 1.0
228 117 1.0
43 94 1.0
99 167 1.0
43 191 1.0
80 67 1.0
18 144 1.0
43 166 1.0
201 216 1.0
227 204 1.0
235 150 1.0
4 219 1.0
92 70 1.0
221 50 1.0
104 40 1.0
190 96 1.0
232 245 1.0
56 225 1.0
249 128 1.0
182 152 1.0
106 110 1.0
58 242 1.0
126 72 1.0
103 176 1.0
50 246 1.0
138 33 1.0
69 24 1.0
210 20 1.0
184 227 1.0
12 154 1.0
100 99 1.0
87 10 1.0
25 34 1.0
230 47 1.0
101 211 1.0
57 178 1.0
201 42 1.0
200 90 1.0
93 79 1.0
56 85 1.0
84 233 1.0
207 196 1.0
24 160 1.0
79 8 1.0
25 221 1.0
132 251 1.0
117 134 1.0
92 114 1.0
69 7 1.0
161 210 1.0
222 182 1.0
196 95 1.0
47 125 1.0
51 62 1.0
180 16 1.0
20 58 1.0
76 73 1.0
37 223 1.0
170 104 1.0
188 115 1.0
36 201 1.0
78 192 1.0
107 220 1.0
78 203 1.0
146 65 1.0
248 155 1.0
227 254 1.0
15 153 1.0
40 30 1.0
24 224 1.0
65 57 1.0
161 76 1.0
118 38 1.0
167 52 1.0
58 186 1.0
60 77 1.0
143 226 1.0
225 18 1.0
28 55 1.0
223 127 1.0
157 239 1.0
70 184 1.0
3 54 1.0
106 195 1.0
69 105 1.0
17 84 1.0
18 248 1.0
36 208 1.0
59 130 1.0
172 75 1.0
230 97 1.0
17 20 1.0
145 78 1.0
81 61 1.0
225 194 1.0
38 213 1.0
188 187 1.0
155 72 1.0
255 126 1.0
167 165 1.0
5 217 1.0
156 237 1.0
2 168 1.0
62 207 1.0
193 128 1.0
213 86 1.0
237 59 1.0
102 40 1.0
131 82 1.0
87 185 1.0
248 131 1.0
79 27 1.0
218 232 1.0
43 4 1.0
60 28 1.0
83 98 1.0
182 166 1.0
93 136 1.0
238 161 1.0
150 143 1.0
254 164 1.0
166 96 1.0
114 234 1.0
112 117 1.0
187 53 1.0
122 89 1.0
227 149 1.0
227 41 1.0
85 22 1.0
159 103 1.0
13 81 1.0
64 228 1.0
231 19 1.0
51 102 1.0
98 63 1.0
240 148 1.0
156 181 1.0
46 51 1.0
238 32 1.0
116 174 1.0
194 147 1.0
7 120 1.0
118 175 1.0
3 84 1.0
104 66 1.0
43 184 1.0
157 151 1.0
163 122 1.0
245 72 1.0
248 176 1.0
234 246 1.0
252 217 1.0
94 33 1.0
92 12 1.0
88 20 1.0
192 242 1.0
202 154 1.0
59 10 1.0
132 24 1.0
4 227 1.0
120 219 1.0
75 189 1.0
6 70 1.0
233 34 1.0
188 50 1.0
51 150 1.0
230 245 1.0
46 44 1.0
64 173 1.0
33 110 1.0
145 40 1.0
212 96 1.0
19 37 1.0
127 117 1.0
57 152 1.0
256 132 1.0
232 249 1.0
111 67 1.0
204 144 1.0
193 216 1.0
17 5 1.0
77 167 1.0
197 23 1.0
91 191 1.0
204 123 1.0
128 247 1.0
41 1 1.0
36 222 1.0
177 235 1.0
51 197 1.0
32 190 1.0
132 158 1.0
33 35 1.0
141 250 1.0
93 45 1.0
7 212 1.0
153 69 1.0
1 133 1.0
94 112 1.0
145 6 1.0
226 100 1.0
148 2 1.0
46 49 1.0
181 87 1.0
5 137 1.0
252 135 1.0
16 39 1.0
117 170 1.0
85 180 1.0
163 205 1.0
116 241 1.0
56 206 1.0
237 124 1.0
121 93 1.0
223 138 1.0
35 46 1.0
191 183 1.0
245 249 1.0
144 157 1.0
127 169 1.0
8 18 1.0
245 5 1.0
3 244 1.0
129 145 1.0
220 77 1.0
164 44 1.0
34 201 1.0
170 220 1.0
112 203 1.0
51 56 1.0
148 155 1.0
194 254 1.0
236 192 1.0
99 119 1.0
81 91 1.0
167 43 1.0
189 21 1.0
52 189 1.0
43 108 1.0
76 125 1.0
63 187 1.0
186 49 1.0
106 165 1.0
44 193 1.0
1 213 1.0
162 127 1.0
93 25 1.0
222 239 1.0
56 156 1.0
206 133 1.0
18 142 1.0
225 71 1.0
98 11 1.0
83 208 1.0
101 75 1.0
243 15 1.0
83 54 1.0
45 238 1.0
22 163 1.0
256 224 1.0
9 57 1.0
98 48 1.0
179 38 1.0
76 129 1.0
162 234 1.0
211 42 1.0
254 136 1.0
235 143 1.0
20 36 1.0
12 13 1.0
173 168 1.0
161 207 1.0
249 8 1.0
248 240 1.0
5 53 1.0
130 82 1.0
156 131 1.0
171 214 1.0
1 128 1.0
213 4 1.0
61 229 1.0
24 218 1.0
113 118 1.0
246 78 1.0
254 61 1.0
134 170 1.0
24 232 1.0
83 243 1.0
182 140 1.0
125 172 1.0
77 9 1.0
234 14 1.0
234 236 1.0
10 3 1.0
82 65 1.0
100 209 1.0
44 177 1.0
253 198 1.0
184 215 1.0
152 171 1.0
217 88 1.0
229 29 1.0
166 231 1.0
126 146 1.0
229 111 1.0
106 28 1.0
136 98 1.0
19 101 1.0
213 161 1.0
99 109 1.0
156 20 1.0
209 154 1.0
12 99 1.0
249 194 1.0
138 34 1.0
96 213 1.0
90 150 1.0
197 185 1.0
17 219 1.0
81 27 1.0
92 50 1.0
183 40 1.0
162 175 1.0
27 66 1.0
195 184 1.0
99 217 1.0
184 122 1.0
85 195 1.0
191 187 1.0
235 72 1.0
151 176 1.0
127 165 1.0
120 237 1.0
153 191 1.0
170 67 1.0
100 98 1.0
167 166 1.0
1 216 1.0
4 204 1.0
193 23 1.0
181 88 1.0
219 68 1.0
5 222 1.0
120 179 1.0
141 168 1.0
121 225 1.0
163 128 1.0
154 86 1.0
55 59 1.0
38 164 1.0
4 96 1.0
116 37 1.0
208 117 1.0
61 94 1.0
101 167 1.0
10 135 1.0
197 60 1.0
249 202 1.0
99 116 1.0
153 87 1.0
13 74 1.0
214 39 1.0
115 19 1.0
250 106 1.0
151 205 1.0
100 188 1.0
180 45 1.0
17 197 1.0
62 113 1.0
114 26 1.0
200 35 1.0
205 250 1.0
233 140 1.0
221 255 1.0
195 92 1.0
49 64 1.0
179 6 1.0
186 252 1.0
160 139 1.0
144 17 1.0
70 79 1.0
254 85 1.0
45 242 1.0
131 199 1.0
78 253 1.0
209 95 1.0
33 58 1.0
18 73 1.0
214 233 1.0
8 206 1.0
114 51 1.0
244 138 1.0
137 256 1.0
63 221 1.0
210 183 1.0
72 141 1.0
208 107 1.0
197 80 1.0
185 230 1.0
238 200 1.0
212 162 1.0
2 243 1.0
181 149 1.0
207 172 1.0
127 41 1.0
71 9 1.0
150 22 1.0
241 89 1.0
210 228 1.0
10 19 1.0
187 63 1.0
179 148 1.0
246 188 1.0
216 159 1.0
108 51 1.0
106 138 1.0
99 174 1.0
154 147 1.0
242 120 1.0
74 181 1.0
8 141 1.0
96 66 1.0
90 80 1.0
135 151 1.0
159 122 1.0
237 28 1.0
169 98 1.0
114 101 1.0
97 136 1.0
239 161 1.0
19 143 1.0
241 215 1.0
141 111 1.0
184 88 1.0
163 146 1.0
124 109 1.0
205 171 1.0
8 113 1.0
129 29 1.0
108 26 1.0
21 231 1.0
96 177 1.0
132 3 1.0
110 140 1.0
47 14 1.0
63 64 1.0
81 198 1.0
32 218 1.0
213 78 1.0
22 61 1.0
112 194 1.0
58 213 1.0
240 82 1.0
218 118 1.0
229 131 1.0
23 214 1.0
131 232 1.0
83 4 1.0
247 168 1.0
119 207 1.0
35 128 1.0
1 59 1.0
118 229 1.0
158 129 1.0
66 13 1.0
189 234 1.0
63 117 1.0
35 86 1.0
32 53 1.0
222 30 1.0
197 157 1.0
214 224 1.0
193 57 1.0
45 5 1.0
189 38 1.0
145 71 1.0
227 11 1.0
219 163 1.0
202 208 1.0
157 48 1.0
148 75 1.0
215 15 1.0
19 127 1.0
229 239 1.0
52 156 1.0
224 54 1.0
226 142 1.0
116 187 1.0
223 25 1.0
17 126 1.0
102 165 1.0
136 217 1.0
185 193 1.0
32 203 1.0
223 21 1.0
137 155 1.0
12 254 1.0
244 125 1.0
72 119 1.0
256 134 1.0
140 43 1.0
124 199 1.0
201 210 1.0
105 108 1.0
33 95 1.0
102 52 1.0
115 77 1.0
216 226 1.0
26 18 1.0
173 55 1.0
27 223 1.0
100 56 1.0
108 115 1.0
53 201 1.0
40 192 1.0
5 220 1.0
148 233 1.0
136 196 1.0
48 160 1.0
133 8 1.0
15 221 1.0
128 251 1.0
53 206 1.0
20 51 1.0
3 19 1.0
234 138 1.0
253 256 1.0
21 183 1.0
192 62 1.0
127 253 1.0
241 58 1.0
64 79 1.0
57 73 1.0
238 252 1.0
157 139 1.0
67 107 1.0
111 230 1.0
47 17 1.0
204 85 1.0
10 45 1.0
73 212 1.0
91 26 1.0
56 92 1.0
238 64 1.0
167 6 1.0
188 23 1.0
24 197 1.0
106 190 1.0
34 158 1.0
226 35 1.0
158 250 1.0
40 135 1.0
24 39 1.0
56 116 1.0
19 106 1.0
76 205 1.0
48 241 1.0
92 100 1.0
75 2 1.0
113 255 1.0
66 87 1.0
48 137 1.0
195 96 1.0
54 37 1.0
253 225 1.0
163 117 1.0
128 152 1.0
248 94 1.0
5 150 1.0
233 168 1.0
181 27 1.0
191 128 1.0
242 59 1.0
158 40 1.0
234 191 1.0
86 123 1.0
256 144 1.0
2 166 1.0
255 222 1.0
39 179 1.0
187 164 1.0
229 67 1.0
231 216 1.0
78 204 1.0
5 167 1.0
73 20 1.0
75 242 1.0
132 154 1.0
48 10 1.0
17 246 1.0
1 24 1.0
200 227 1.0
10 219 1.0
7 99 1.0
162 34 1.0
151 50 1.0
225 175 1.0
93 84 1.0
50 66 1.0
178 184 1.0
63 151 1.0
109 122 1.0
32 72 1.0
221 176 1.0
239 217 1.0
245 237 1.0
248 195 1.0
237 81 1.0
252 186 1.0
25 224 1.0
207 102 1.0
18 63 1.0
17 148 1.0
203 105 1.0
207 248 1.0
29 32 1.0
242 130 1.0
223 97 1.0
85 120 1.0
206 104 1.0
200 172 1.0
250 9 1.0
177 14 1.0
35 236 1.0
217 89 1.0
216 243 1.0
235 149 1.0
8 41 1.0
133 22 1.0
120 103 1.0
81 134 1.0
51 7 1.0
130 29 1.0
197 182 1.0
246 146 1.0
169 109 1.0
217 3 1.0
44 114 1.0
144 65 1.0
146 209 1.0
5 177 1.0
79 198 1.0
197 47 1.0
173 234 1.0
12 42 1.0
234 90 1.0
62 251 1.0
231 143 1.0
108 111 1.0
84 211 1.0
154 16 1.0
79 101 1.0
216 161 1.0
223 31 1.0
48 131 1.0
38 214 1.0
18 4 1.0
79 229 1.0
55 36 1.0
217 13 1.0
11 124 1.0
101 207 1.0
208 46 1.0
118 8 1.0
193 240 1.0
245 100 1.0
179 49 1.0
107 121 1.0
17 193 1.0
211 137 1.0
166 218 1.0
254 118 1.0
175 2 1.0
98 170 1.0
254 232 1.0
172 241 1.0
36 45 1.0
226 25 1.0
106 239 1.0
22 156 1.0
107 133 1.0
202 83 1.0
95 71 1.0
57 11 1.0
102 208 1.0
157 35 1.0
239 15 1.0
230 54 1.0
239 238 1.0
173 163 1.0
245 144 1.0
124 247 1.0
34 48 1.0
252 235 1.0
188 249 1.0
64 157 1.0
34 77 1.0
244 169 1.0
238 216 1.0
74 5 1.0
198 244 1.0
120 145 1.0
55 44 1.0
81 152 1.0
91 132 1.0
106 203 1.0
70 56 1.0
14 21 1.0
52 70 1.0
174 254 1.0
82 110 1.0
94 119 1.0
204 91 1.0
129 227 1.0
219 189 1.0
114 10 1.0
255 108 1.0
91 50 1.0
51 242 1.0
86 199 1.0
232 253 1.0
34 58 1.0
223 24 1.0
162 252 1.0
75 139 1.0
132 230 1.0
220 17 1.0
23 33 1.0
16 12 1.0
120 141 1.0
117 107 1.0
122 80 1.0
137 200 1.0
184 162 1.0
89 181 1.0
158 159 1.0
198 51 1.0
146 138 1.0
36 174 1.0
223 147 1.0
41 183 1.0
13 228 1.0
22 19 1.0
166 106 1.0
25 148 1.0
40 188 1.0
238 89 1.0
76 60 1.0
77 202 1.0
170 116 1.0
101 87 1.0
33 74 1.0
228 3 1.0
29 140 1.0
186 172 1.0
27 92 1.0
236 64 1.0
95 6 1.0
163 171 1.0
255 113 1.0
241 26 1.0
187 231 1.0
151 250 1.0
173 23 1.0
152 191 1.0
168 88 1.0
204 68 1.0
34 222 1.0
89 109 1.0
173 181 1.0
157 84 1.0
115 66 1.0
25 32 1.0
40 151 1.0
65 122 1.0
140 175 1.0
16 72 1.0
67 184 1.0
13 217 1.0
184 33 1.0
47 195 1.0
116 242 1.0
99 154 1.0
99 176 1.0
208 246 1.0
116 24 1.0
21 20 1.0
170 227 1.0
135 99 1.0
209 10 1.0
203 34 1.0
4 50 1.0
188 150 1.0
151 245 1.0
220 219 1.0
15 70 1.0
217 173 1.0
157 40 1.0
2 96 1.0
187 225 1.0
200 152 1.0
165 110 1.0
150 94 1.0
233 164 1.0
16 67 1.0
61 37 1.0
243 117 1.0
10 216 1.0
253 167 1.0
145 191 1.0
146 144 1.0
96 166 1.0
141 204 1.0
169 235 1.0
106 129 1.0
15 13 1.0
79 234 1.0
202 42 1.0
47 8 1.0
194 53 1.0
128 28 1.0
30 16 1.0
150 90 1.0
205 161 1.0
122 143 1.0
17 215 1.0
194 111 1.0
46 88 1.0
40 101 1.0
53 146 1.0
213 109 1.0
30 114 1.0
56 65 1.0
236 29 1.0
34 231 1.0
32 177 1.0
151 3 1.0
46 140 1.0
65 209 1.0
119 14 1.0
94 236 1.0
119 198 1.0
220 243 1.0
190 149 1.0
147 172 1.0
234 41 1.0
131 9 1.0
27 22 1.0
222 89 1.0
87 228 1.0
119 63 1.0
156 148 1.0
104 103 1.0
126 81 1.0
31 248 1.0
89 224 1.0
77 102 1.0
152 174 1.0
130 147 1.0
32 120 1.0
197 238 1.0
142 157 1.0
84 144 1.0
52 247 1.0
225 5 1.0
149 249 1.0
59 77 1.0
163 169 1.0
48 18 1.0
231 220 1.0
186 244 1.0
97 127 1.0
44 11 1.0
170 239 1.0
225 156 1.0
161 54 1.0
252 83 1.0
220 71 1.0
117 163 1.0
161 208 1.0
192 48 1.0
1 75 1.0
123 15 1.0
194 38 1.0
147 218 1.0
174 187 1.0
216 78 1.0
206 170 1.0
127 137 1.0
227 241 1.0
4 25 1.0
21 49 1.0
62 121 1.0
197 133 1.0
189 193 1.0
140 36 1.0
175 124 1.0
193 207 1.0
104 46 1.0
210 240 1.0
179 229 1.0
159 31 1.0
95 118 1.0
231 131 1.0
78 214 1.0
146 232 1.0
79 4 1.0
249 159 1.0
234 51 1.0
158 19 1.0
74 138 1.0
41 256 1.0
6 183 1.0
152 135 1.0
133 39 1.0
228 202 1.0
109 116 1.0
237 106 1.0
82 148 1.0
13 188 1.0
51 252 1.0
54 139 1.0
120 107 1.0
77 230 1.0
29 17 1.0
171 12 1.0
201 233 1.0
160 141 1.0
7 80 1.0
37 200 1.0
218 147 1.0
219 162 1.0
93 91 1.0
125 43 1.0
237 199 1.0
28 189 1.0
201 95 1.0
123 108 1.0
13 242 1.0
236 253 1.0
10 58 1.0
165 79 1.0
20 24 1.0
123 145 1.0
188 56 1.0
163 44 1.0
256 201 1.0
27 254 1.0
117 192 1.0
156 203 1.0
183 21 1.0
232 155 1.0
87 125 1.0
229 119 1.0
169 96 1.0
48 37 1.0
71 207 1.0
68 86 1.0
112 94 1.0
33 164 1.0
8 67 1.0
195 117 1.0
100 136 1.0
15 204 1.0
14 167 1.0
65 185 1.0
128 219 1.0
148 99 1.0
86 34 1.0
1 50 1.0
164 82 1.0
227 168 1.0
67 27 1.0
207 128 1.0
183 59 1.0
148 40 1.0
89 3 1.0
62 140 1.0
11 113 1.0
88 26 1.0
132 92 1.0
183 64 1.0
50 6 1.0
49 60 1.0
151 255 1.0
110 87 1.0
78 74 1.0
194 191 1.0
127 88 1.0
139 98 1.0
213 166 1.0
95 179 1.0
57 23 1.0
135 171 1.0
24 68 1.0
173 35 1.0
221 222 1.0
193 250 1.0
219 52 1.0
100 223 1.0
70 149 1.0
185 226 1.0
96 220 1.0
204 186 1.0
253 224 1.0
36 57 1.0
13 18 1.0
241 76 1.0
63 103 1.0
96 203 1.0
230 114 1.0
229 65 1.0
206 155 1.0
24 182 1.0
216 177 1.0
99 104 1.0
154 115 1.0
27 9 1.0
129 254 1.0
215 192 1.0
98 153 1.0
194 175 1.0
53 72 1.0
171 126 1.0
120 217 1.0
177 237 1.0
50 195 1.0
108 20 1.0
113 187 1.0
71 78 1.0
223 194 1.0
191 165 1.0
163 213 1.0
53 105 1.0
163 30 1.0
221 248 1.0
247 32 1.0
126 130 1.0
120 97 1.0
92 120 1.0
64 84 1.0
90 66 1.0
40 184 1.0
157 75 1.0
233 54 1.0
218 206 1.0
38 93 1.0
128 214 1.0
81 205 1.0
128 229 1.0
48 218 1.0
28 39 1.0
49 2 1.0
54 170 1.0
124 180 1.0
73 241 1.0
244 100 1.0
164 212 1.0
246 49 1.0
213 121 1.0
131 112 1.0
208 137 1.0
196 45 1.0
227 190 1.0
207 69 1.0
110 133 1.0
105 6 1.0
99 134 1.0
177 7 1.0
61 210 1.0
30 95 1.0
93 73 1.0
227 62 1.0
12 211 1.0
237 16 1.0
182 101 1.0
5 90 1.0
223 79 1.0
142 47 1.0
21 178 1.0
222 42 1.0
37 251 1.0
145 85 1.0
63 36 1.0
96 196 1.0
40 124 1.0
19 160 1.0
64 46 1.0
32 8 1.0
1 240 1.0
60 150 1.0
7 245 1.0
144 219 1.0
154 70 1.0
149 173 1.0
46 119 1.0
52 20 1.0
126 227 1.0
54 189 1.0
6 10 1.0
214 108 1.0
219 50 1.0
40 242 1.0
111 154 1.0
84 176 1.0
227 246 1.0
77 24 1.0
46 252 1.0
206 72 1.0
216 230 1.0
217 17 1.0
219 33 1.0
41 12 1.0
254 71 1.0
111 197 1.0
103 123 1.0
144 158 1.0
38 35 1.0
147 15 1.0
218 250 1.0
169 238 1.0
24 144 1.0
204 247 1.0
160 1 1.0
86 5 1.0
29 235 1.0
41 249 1.0
134 67 1.0
243 37 1.0
108 169 1.0
153 216 1.0
102 244 1.0
1 145 1.0
165 44 1.0
160 152 1.0
195 110 1.0
213 132 1.0
