*Vertices 32
1 "V0"
2 "V22"
3 "V26"
4 "V11"
5 "V15"
6 "V30"
7 "V29"
8 "V27"
9 "V25"
10 "V19"
11 "V21"
12 "V23"
13 "V9"
14 "V7"
15 "V5"
16 "V3"
17 "V1"
18 "V13"
19 "V17"
20 "V20"
21 "V24"
22 "V31"
23 "V28"
24 "V14"
25 "V10"
26 "V16"
27 "V12"
28 "V18"
29 "V8"
30 "V6"
31 "V4"
32 "V2"
*Arcs
23 25 1.0
1 12 1.0
9 1 1.0
18 12 1.0
4 2 1.0
4 17 1.0
5 31 1.0
25 32 1.0
19 13 1.0
24 29 1.0
7 1 1.0
32 14 1.0
6 25 1.0
1 7 1.0
22 19 1.0
30 11 1.0
28 8 1.0
19 15 1.0
28 20 1.0
13 3 1.0
21 4 1.0
21 15 1.0
14 2 1.0
30 3 1.0
14 31 1.0
18 26 1.0
9 12 1.0
19 28 1.0
23 10 1.0
4 26 1.0
9 18 1.0
23 18 1.0
24 20 1.0
19 16 1.0
1 10 1.0
22 4 1.0
23 16 1.0
24 13 1.0
16 8 1.0
16 17 1.0
16 32 1.0
31 32 1.0
20 29 1.0
11 23 1.0
11 3 1.0
2 28 1.0
13 28 1.0
25 17 1.0
2 26 1.0
3 15 1.0
27 5 1.0
7 16 1.0
8 26 1.0
17 14 1.0
5 4 1.0
28 10 1.0
17 8 1.0
6 7 1.0
26 11 1.0
15 3 1.0
15 7 1.0
31 28 1.0
30 4 1.0
2 1 1.0
12 30 1.0
14 20 1.0
15 26 1.0
16 1 1.0
17 25 1.0
12 20 1.0
12 21 1.0
4 30 1.0
27 32 1.0
6 1 1.0
8 21 1.0
5 26 1.0
18 25 1.0
20 16 1.0
21 10 1.0
27 4 1.0
10 2 1.0
22 15 1.0
26 10 1.0
31 17 1.0
32 18 1.0
17 10 1.0
29 10 1.0
20 13 1.0
10 32 1.0
20 15 1.0
28 18 1.0
3 13 1.0
3 12 1.0
13 7 1.0
29 20 1.0
3 31 1.0
13 26 1.0
11 28 1.0
30 2 1.0
28 31 1.0
31 10 1.0
16 26 1.0
19 26 1.0
7 26 1.0
5 32 1.0
7 12 1.0
24 3 1.0
1 2 1.0
23 26 1.0
8 29 1.0
8 28 1.0
25 11 1.0
25 28 1.0
23 32 1.0
4 31 1.0
2 12 1.0
25 3 1.0
11 9 1.0
11 4 1.0
19 8 1.0
20 26 1.0
16 28 1.0
28 16 1.0
22 28 1.0
1 16 1.0
22 12 1.0
24 17 1.0
7 27 1.0
32 26 1.0
24 10 1.0
25 6 1.0
26 21 1.0
27 28 1.0
9 31 1.0
9 30 1.0
18 15 1.0
18 29 1.0
30 17 1.0
14 12 1.0
14 5 1.0
21 25 1.0
21 20 1.0
14 4 1.0
2 24 1.0
15 16 1.0
20 31 1.0
17 12 1.0
32 3 1.0
10 14 1.0
26 31 1.0
22 18 1.0
31 18 1.0
9 7 1.0
10 11 1.0
11 1 1.0
8 17 1.0
8 25 1.0
5 14 1.0
5 1 1.0
12 18 1.0
29 17 1.0
29 31 1.0
13 25 1.0
3 7 1.0
3 18 1.0
13 16 1.0
2 16 1.0
29 15 1.0
10 1 1.0
15 5 1.0
15 12 1.0
10 15 1.0
6 18 1.0
17 1 1.0
26 27 1.0
26 3 1.0
32 7 1.0
6 31 1.0
1 15 1.0
7 15 1.0
27 15 1.0
27 20 1.0
6 30 1.0
18 32 1.0
21 17 1.0
4 25 1.0
12 2 1.0
12 24 1.0
29 7 1.0
30 12 1.0
31 2 1.0
32 12 1.0
