*Vertices 256
1 "V0"
2 "V174"
3 "V233"
4 "V89"
5 "V85"
6 "V119"
7 "V178"
8 "V30"
9 "V34"
10 "V64"
11 "V208"
12 "V123"
13 "V212"
14 "V9"
15 "V68"
16 "V153"
17 "V13"
18 "V17"
19 "V157"
20 "V246"
21 "V161"
22 "V102"
23 "V250"
24 "V106"
25 "V191"
26 "V51"
27 "V47"
28 "V195"
29 "V136"
30 "V225"
31 "V229"
32 "V140"
33 "V81"
34 "V22"
35 "V26"
36 "V255"
37 "V170"
38 "V111"
39 "V200"
40 "V115"
41 "V60"
42 "V56"
43 "V204"
44 "V145"
45 "V234"
46 "V5"
47 "V238"
48 "V1"
49 "V149"
50 "V90"
51 "V183"
52 "V242"
53 "V98"
54 "V94"
55 "V128"
56 "V187"
57 "V43"
58 "V39"
59 "V73"
60 "V217"
61 "V132"
62 "V221"
63 "V18"
64 "V77"
65 "V162"
66 "V166"
67 "V196"
68 "V137"
69 "V52"
70 "V48"
71 "V251"
72 "V192"
73 "V107"
74 "V103"
75 "V27"
76 "V86"
77 "V171"
78 "V175"
79 "V82"
80 "V141"
81 "V226"
82 "V230"
83 "V120"
84 "V209"
85 "V124"
86 "V31"
87 "V35"
88 "V179"
89 "V243"
90 "V14"
91 "V247"
92 "V10"
93 "V158"
94 "V99"
95 "V65"
96 "V213"
97 "V69"
98 "V154"
99 "V133"
100 "V218"
101 "V40"
102 "V44"
103 "V129"
104 "V188"
105 "V252"
106 "V19"
107 "V167"
108 "V23"
109 "V108"
110 "V74"
111 "V222"
112 "V78"
113 "V163"
114 "V205"
115 "V146"
116 "V61"
117 "V57"
118 "V201"
119 "V116"
120 "V112"
121 "V36"
122 "V95"
123 "V180"
124 "V184"
125 "V91"
126 "V150"
127 "V235"
128 "V6"
129 "V239"
130 "V2"
131 "V159"
132 "V100"
133 "V11"
134 "V248"
135 "V244"
136 "V15"
137 "V104"
138 "V45"
139 "V193"
140 "V189"
141 "V210"
142 "V121"
143 "V125"
144 "V155"
145 "V214"
146 "V66"
147 "V70"
148 "V87"
149 "V172"
150 "V231"
151 "V28"
152 "V32"
153 "V117"
154 "V176"
155 "V49"
156 "V53"
157 "V197"
158 "V138"
159 "V227"
160 "V142"
161 "V83"
162 "V96"
163 "V181"
164 "V240"
165 "V37"
166 "V41"
167 "V126"
168 "V185"
169 "V58"
170 "V62"
171 "V206"
172 "V147"
173 "V7"
174 "V3"
175 "V236"
176 "V151"
177 "V92"
178 "V168"
179 "V109"
180 "V20"
181 "V253"
182 "V24"
183 "V113"
184 "V54"
185 "V202"
186 "V198"
187 "V219"
188 "V130"
189 "V134"
190 "V164"
191 "V223"
192 "V75"
193 "V79"
194 "V63"
195 "V122"
196 "V211"
197 "V207"
198 "V118"
199 "V177"
200 "V29"
201 "V33"
202 "V173"
203 "V232"
204 "V84"
205 "V88"
206 "V228"
207 "V143"
208 "V139"
209 "V50"
210 "V135"
211 "V194"
212 "V190"
213 "V105"
214 "V46"
215 "V249"
216 "V16"
217 "V12"
218 "V245"
219 "V160"
220 "V101"
221 "V71"
222 "V67"
223 "V215"
224 "V156"
225 "V144"
226 "V59"
227 "V203"
228 "V199"
229 "V114"
230 "V55"
231 "V25"
232 "V21"
233 "V254"
234 "V169"
235 "V110"
236 "V76"
237 "V80"
238 "V224"
239 "V165"
240 "V72"
241 "V131"
242 "V220"
243 "V216"
244 "V127"
245 "V186"
246 "V38"
247 "V42"
248 "V182"
249 "V241"
250 "V93"
251 "V97"
252 "V237"
253 "V152"
254 "V8"
255 "V148"
256 "V4"
*Arcs
1 245 1.0
147 16 1.0
72 197 1.0
3 145 1.0
153 179 1.0
129 79 1.0
247 14 1.0
190 149 1.0
4 79 1.0
205 15 1.0
141 137 1.0
210 55 1.0
17 226 1.0
163 201 1.0
226 178 1.0
7 155 1.0
206 145 1.0
24 223 1.0
86 236 1.0
16 231 1.0
9 19 1.0
228 44 1.0
64 249 1.0
130 227 1.0
70 166 1.0
20 126 1.0
85 64 1.0
122 232 1.0
37 26 1.0
12 190 1.0
160 226 1.0
60 229 1.0
180 73 1.0
104 46 1.0
13 137 1.0
146 166 1.0
127 113 1.0
165 75 1.0
183 161 1.0
204 201 1.0
131 38 1.0
15 89 1.0
241 119 1.0
171 213 1.0
14 196 1.0
199 172 1.0
181 64 1.0
230 123 1.0
255 174 1.0
35 235 1.0
17 187 1.0
19 109 1.0
22 232 1.0
238 146 1.0
52 136 1.0
66 244 1.0
102 118 1.0
28 168 1.0
59 87 1.0
83 70 1.0
20 112 1.0
136 254 1.0
68 166 1.0
22 123 1.0
96 228 1.0
125 5 1.0
179 98 1.0
150 177 1.0
201 210 1.0
170 136 1.0
124 244 1.0
25 128 1.0
167 87 1.0
185 21 1.0
256 203 1.0
237 130 1.0
144 60 1.0
27 192 1.0
242 9 1.0
34 86 1.0
53 81 1.0
202 148 1.0
29 81 1.0
134 14 1.0
26 64 1.0
40 156 1.0
30 1 1.0
25 209 1.0
97 182 1.0
225 34 1.0
84 98 1.0
33 202 1.0
148 246 1.0
65 240 1.0
252 64 1.0
101 77 1.0
81 239 1.0
137 124 1.0
200 95 1.0
176 231 1.0
35 106 1.0
236 176 1.0
99 112 1.0
133 19 1.0
36 166 1.0
123 148 1.0
169 188 1.0
37 152 1.0
250 79 1.0
223 172 1.0
63 15 1.0
32 241 1.0
95 222 1.0
186 103 1.0
1 148 1.0
195 63 1.0
135 108 1.0
27 1 1.0
234 17 1.0
40 82 1.0
43 161 1.0
173 174 1.0
41 21 1.0
79 1 1.0
71 11 1.0
184 143 1.0
103 1 1.0
38 22 1.0
56 165 1.0
43 79 1.0
93 150 1.0
3 171 1.0
121 4 1.0
139 230 1.0
221 14 1.0
46 136 1.0
164 15 1.0
198 63 1.0
47 107 1.0
49 12 1.0
132 15 1.0
154 153 1.0
172 91 1.0
231 58 1.0
111 100 1.0
248 16 1.0
51 232 1.0
73 136 1.0
29 198 1.0
41 78 1.0
196 68 1.0
4 157 1.0
90 58 1.0
57 17 1.0
239 179 1.0
54 84 1.0
77 251 1.0
55 20 1.0
162 221 1.0
143 253 1.0
91 197 1.0
155 84 1.0
112 182 1.0
39 61 1.0
174 170 1.0
31 114 1.0
152 127 1.0
98 81 1.0
58 183 1.0
59 61 1.0
219 95 1.0
246 197 1.0
175 182 1.0
229 9 1.0
60 90 1.0
140 236 1.0
222 17 1.0
207 92 1.0
100 106 1.0
232 216 1.0
49 251 1.0
63 232 1.0
75 242 1.0
30 136 1.0
74 226 1.0
65 40 1.0
7 183 1.0
42 172 1.0
233 145 1.0
61 249 1.0
92 136 1.0
197 110 1.0
5 102 1.0
168 81 1.0
67 204 1.0
194 209 1.0
203 206 1.0
9 201 1.0
235 203 1.0
69 196 1.0
33 226 1.0
224 217 1.0
244 68 1.0
46 212 1.0
227 211 1.0
67 131 1.0
71 202 1.0
110 246 1.0
89 81 1.0
138 129 1.0
142 102 1.0
177 146 1.0
107 172 1.0
73 236 1.0
158 251 1.0
145 21 1.0
216 89 1.0
47 140 1.0
119 16 1.0
166 33 1.0
113 226 1.0
76 183 1.0
205 164 1.0
141 1 1.0
217 172 1.0
189 64 1.0
226 180 1.0
163 171 1.0
78 84 1.0
215 136 1.0
2 102 1.0
69 164 1.0
80 143 1.0
94 124 1.0
62 161 1.0
44 101 1.0
108 216 1.0
72 79 1.0
147 187 1.0
82 81 1.0
146 81 1.0
80 35 1.0
243 73 1.0
106 55 1.0
83 226 1.0
54 66 1.0
131 86 1.0
165 26 1.0
45 65 1.0
120 199 1.0
84 248 1.0
104 108 1.0
64 232 1.0
253 110 1.0
86 205 1.0
159 135 1.0
8 23 1.0
213 218 1.0
37 14 1.0
218 135 1.0
70 110 1.0
12 254 1.0
228 79 1.0
48 205 1.0
211 58 1.0
89 14 1.0
6 193 1.0
255 34 1.0
92 244 1.0
240 146 1.0
50 17 1.0
13 103 1.0
136 44 1.0
249 32 1.0
102 145 1.0
66 44 1.0
94 17 1.0
254 107 1.0
105 20 1.0
188 125 1.0
95 44 1.0
114 237 1.0
161 60 1.0
191 49 1.0
220 170 1.0
35 129 1.0
230 69 1.0
199 183 1.0
98 91 1.0
34 160 1.0
187 172 1.0
251 129 1.0
212 225 1.0
15 70 1.0
225 136 1.0
134 100 1.0
167 52 1.0
256 196 1.0
99 172 1.0
149 122 1.0
209 152 1.0
144 172 1.0
82 17 1.0
201 176 1.0
118 210 1.0
102 91 1.0
193 136 1.0
116 173 1.0
68 170 1.0
109 250 1.0
51 217 1.0
104 30 1.0
192 58 1.0
157 14 1.0
1 28 1.0
195 189 1.0
135 92 1.0
214 75 1.0
88 108 1.0
107 147 1.0
137 104 1.0
81 156 1.0
151 173 1.0
126 250 1.0
108 65 1.0
76 169 1.0
11 251 1.0
133 143 1.0
99 179 1.0
36 203 1.0
117 1 1.0
111 206 1.0
252 70 1.0
40 44 1.0
58 113 1.0
21 143 1.0
112 8 1.0
132 93 1.0
78 54 1.0
115 66 1.0
156 88 1.0
23 253 1.0
55 83 1.0
128 184 1.0
43 102 1.0
79 91 1.0
117 58 1.0
19 209 1.0
87 237 1.0
3 60 1.0
38 92 1.0
118 52 1.0
245 111 1.0
10 103 1.0
208 55 1.0
18 128 1.0
223 123 1.0
120 222 1.0
250 147 1.0
178 116 1.0
16 13 1.0
121 182 1.0
112 235 1.0
24 5 1.0
123 43 1.0
206 25 1.0
86 216 1.0
41 145 1.0
248 205 1.0
196 5 1.0
17 50 1.0
210 164 1.0
190 32 1.0
125 140 1.0
4 237 1.0
153 249 1.0
129 126 1.0
247 254 1.0
221 56 1.0
139 155 1.0
127 69 1.0
111 15 1.0
182 81 1.0
115 152 1.0
130 148 1.0
238 206 1.0
75 233 1.0
22 93 1.0
7 103 1.0
131 30 1.0
181 145 1.0
42 159 1.0
83 136 1.0
28 155 1.0
134 228 1.0
136 128 1.0
59 145 1.0
49 129 1.0
96 175 1.0
137 235 1.0
125 46 1.0
107 146 1.0
52 51 1.0
138 90 1.0
139 63 1.0
124 140 1.0
170 197 1.0
158 29 1.0
216 110 1.0
20 63 1.0
77 221 1.0
155 100 1.0
39 173 1.0
85 108 1.0
130 139 1.0
180 31 1.0
160 231 1.0
143 11 1.0
60 154 1.0
122 128 1.0
127 216 1.0
183 197 1.0
246 34 1.0
222 106 1.0
140 110 1.0
145 42 1.0
171 183 1.0
14 118 1.0
241 18 1.0
219 172 1.0
147 197 1.0
204 92 1.0
84 237 1.0
217 17 1.0
148 254 1.0
169 246 1.0
189 75 1.0
213 197 1.0
149 105 1.0
123 195 1.0
176 255 1.0
200 251 1.0
159 140 1.0
186 66 1.0
236 217 1.0
151 225 1.0
218 28 1.0
12 251 1.0
48 18 1.0
153 13 1.0
234 197 1.0
27 75 1.0
63 150 1.0
243 8 1.0
54 92 1.0
150 20 1.0
179 131 1.0
9 217 1.0
224 188 1.0
155 107 1.0
185 49 1.0
237 196 1.0
46 178 1.0
215 57 1.0
244 216 1.0
26 57 1.0
202 198 1.0
158 178 1.0
53 44 1.0
242 182 1.0
108 123 1.0
44 144 1.0
97 72 1.0
25 120 1.0
159 144 1.0
119 220 1.0
47 133 1.0
101 139 1.0
65 52 1.0
161 248 1.0
51 123 1.0
116 184 1.0
29 125 1.0
90 139 1.0
13 205 1.0
162 153 1.0
50 204 1.0
239 9 1.0
164 107 1.0
57 120 1.0
198 247 1.0
164 221 1.0
91 101 1.0
209 228 1.0
143 249 1.0
118 232 1.0
174 93 1.0
193 140 1.0
98 148 1.0
166 158 1.0
152 154 1.0
31 227 1.0
73 77 1.0
168 102 1.0
161 226 1.0
114 123 1.0
173 172 1.0
45 178 1.0
121 176 1.0
93 251 1.0
170 106 1.0
56 237 1.0
171 201 1.0
120 102 1.0
32 158 1.0
95 121 1.0
173 29 1.0
240 103 1.0
211 236 1.0
191 119 1.0
231 112 1.0
172 187 1.0
154 160 1.0
176 158 1.0
220 79 1.0
103 112 1.0
71 126 1.0
184 90 1.0
214 143 1.0
89 108 1.0
142 148 1.0
145 89 1.0
177 44 1.0
178 130 1.0
179 56 1.0
180 254 1.0
126 9 1.0
151 180 1.0
181 74 1.0
67 119 1.0
110 131 1.0
203 106 1.0
87 236 1.0
235 182 1.0
33 55 1.0
19 86 1.0
184 167 1.0
208 5 1.0
18 61 1.0
168 93 1.0
186 169 1.0
194 167 1.0
15 65 1.0
212 195 1.0
187 150 1.0
229 137 1.0
175 198 1.0
58 133 1.0
149 64 1.0
188 138 1.0
162 139 1.0
100 63 1.0
232 145 1.0
207 38 1.0
233 79 1.0
117 224 1.0
88 224 1.0
74 64 1.0
190 107 1.0
30 109 1.0
21 167 1.0
192 232 1.0
5 231 1.0
197 5 1.0
92 195 1.0
61 92 1.0
122 202 1.0
60 255 1.0
106 81 1.0
20 174 1.0
70 183 1.0
37 172 1.0
195 44 1.0
104 38 1.0
196 230 1.0
183 254 1.0
80 225 1.0
146 139 1.0
206 28 1.0
24 31 1.0
8 15 1.0
163 182 1.0
226 58 1.0
199 113 1.0
228 92 1.0
130 1 1.0
85 26 1.0
253 255 1.0
201 79 1.0
64 27 1.0
113 81 1.0
166 235 1.0
129 235 1.0
153 64 1.0
203 160 1.0
72 41 1.0
210 230 1.0
17 15 1.0
141 110 1.0
205 52 1.0
205 211 1.0
2 194 1.0
207 13 1.0
23 160 1.0
69 70 1.0
55 237 1.0
227 148 1.0
128 175 1.0
147 8 1.0
115 178 1.0
62 88 1.0
182 130 1.0
94 35 1.0
237 46 1.0
185 18 1.0
256 15 1.0
167 148 1.0
134 21 1.0
26 102 1.0
202 177 1.0
210 187 1.0
251 177 1.0
187 19 1.0
34 20 1.0
225 107 1.0
125 55 1.0
96 83 1.0
136 14 1.0
68 239 1.0
170 93 1.0
124 251 1.0
212 129 1.0
109 174 1.0
82 184 1.0
201 256 1.0
144 183 1.0
214 151 1.0
255 172 1.0
35 160 1.0
238 230 1.0
28 123 1.0
59 81 1.0
217 131 1.0
249 236 1.0
6 102 1.0
218 110 1.0
66 254 1.0
220 55 1.0
102 80 1.0
131 114 1.0
127 130 1.0
165 107 1.0
171 5 1.0
222 14 1.0
204 217 1.0
105 37 1.0
188 128 1.0
254 97 1.0
224 179 1.0
22 254 1.0
199 169 1.0
230 6 1.0
71 92 1.0
78 214 1.0
156 166 1.0
43 190 1.0
103 75 1.0
173 164 1.0
93 173 1.0
226 251 1.0
79 230 1.0
38 254 1.0
3 56 1.0
121 92 1.0
10 58 1.0
245 37 1.0
227 210 1.0
223 144 1.0
63 44 1.0
32 177 1.0
234 90 1.0
229 22 1.0
250 90 1.0
195 79 1.0
135 14 1.0
27 196 1.0
157 144 1.0
1 216 1.0
192 104 1.0
176 22 1.0
231 111 1.0
200 192 1.0
81 184 1.0
137 256 1.0
123 66 1.0
234 3 1.0
169 18 1.0
36 56 1.0
99 13 1.0
133 197 1.0
11 248 1.0
76 60 1.0
237 112 1.0
65 138 1.0
101 144 1.0
252 177 1.0
40 161 1.0
238 62 1.0
25 246 1.0
97 191 1.0
175 136 1.0
219 162 1.0
246 149 1.0
240 150 1.0
197 169 1.0
5 18 1.0
160 183 1.0
180 168 1.0
140 148 1.0
222 201 1.0
229 249 1.0
243 199 1.0
91 79 1.0
155 254 1.0
77 246 1.0
244 123 1.0
162 170 1.0
100 30 1.0
16 200 1.0
246 31 1.0
112 42 1.0
39 177 1.0
174 84 1.0
143 76 1.0
248 196 1.0
248 15 1.0
41 93 1.0
31 66 1.0
86 12 1.0
73 161 1.0
4 247 1.0
190 6 1.0
250 204 1.0
29 42 1.0
196 231 1.0
90 203 1.0
252 217 1.0
139 83 1.0
221 226 1.0
247 227 1.0
164 195 1.0
198 86 1.0
111 251 1.0
132 98 1.0
255 145 1.0
172 160 1.0
256 236 1.0
231 26 1.0
163 223 1.0
2 154 1.0
213 227 1.0
189 191 1.0
226 230 1.0
148 75 1.0
84 72 1.0
217 79 1.0
166 232 1.0
113 196 1.0
5 40 1.0
37 94 1.0
6 153 1.0
54 169 1.0
12 86 1.0
218 157 1.0
70 52 1.0
8 179 1.0
236 170 1.0
186 106 1.0
48 14 1.0
159 197 1.0
8 174 1.0
253 64 1.0
131 153 1.0
10 86 1.0
165 102 1.0
45 226 1.0
120 204 1.0
11 113 1.0
56 164 1.0
95 155 1.0
80 33 1.0
106 220 1.0
243 116 1.0
255 80 1.0
14 82 1.0
191 98 1.0
35 52 1.0
220 91 1.0
154 31 1.0
16 114 1.0
184 9 1.0
105 216 1.0
188 142 1.0
254 126 1.0
114 164 1.0
161 116 1.0
74 93 1.0
30 97 1.0
75 224 1.0
49 58 1.0
18 164 1.0
110 214 1.0
14 169 1.0
181 220 1.0
241 188 1.0
42 180 1.0
7 113 1.0
21 190 1.0
177 134 1.0
145 193 1.0
216 30 1.0
158 241 1.0
194 155 1.0
67 94 1.0
23 104 1.0
83 18 1.0
52 20 1.0
138 140 1.0
107 201 1.0
24 184 1.0
227 75 1.0
26 49 1.0
33 31 1.0
215 242 1.0
244 22 1.0
46 1 1.0
179 205 1.0
28 134 1.0
168 106 1.0
224 108 1.0
150 183 1.0
9 160 1.0
147 58 1.0
44 18 1.0
47 145 1.0
119 183 1.0
72 143 1.0
31 131 1.0
32 14 1.0
2 68 1.0
69 107 1.0
108 172 1.0
242 141 1.0
53 56 1.0
126 86 1.0
34 5 1.0
192 146 1.0
137 108 1.0
81 124 1.0
151 168 1.0
89 86 1.0
178 44 1.0
214 168 1.0
157 169 1.0
142 179 1.0
36 198 1.0
208 200 1.0
18 182 1.0
38 69 1.0
250 210 1.0
223 237 1.0
203 74 1.0
235 79 1.0
87 90 1.0
245 86 1.0
10 79 1.0
39 197 1.0
55 161 1.0
43 235 1.0
128 139 1.0
79 64 1.0
19 42 1.0
42 169 1.0
62 31 1.0
182 60 1.0
94 87 1.0
78 47 1.0
44 176 1.0
23 236 1.0
156 129 1.0
153 226 1.0
139 175 1.0
45 145 1.0
221 156 1.0
115 142 1.0
48 129 1.0
141 83 1.0
17 52 1.0
50 134 1.0
205 114 1.0
190 230 1.0
129 202 1.0
247 172 1.0
240 18 1.0
211 221 1.0
52 101 1.0
6 132 1.0
249 102 1.0
57 88 1.0
239 232 1.0
53 57 1.0
50 78 1.0
13 176 1.0
136 19 1.0
68 150 1.0
116 85 1.0
51 222 1.0
109 73 1.0
56 191 1.0
82 37 1.0
98 140 1.0
152 176 1.0
57 157 1.0
118 205 1.0
193 166 1.0
167 75 1.0
256 102 1.0
149 225 1.0
209 90 1.0
134 144 1.0
187 20 1.0
251 15 1.0
61 227 1.0
207 222 1.0
232 92 1.0
212 112 1.0
62 47 1.0
15 151 1.0
252 69 1.0
58 207 1.0
40 238 1.0
76 256 1.0
21 162 1.0
64 119 1.0
61 250 1.0
11 47 1.0
92 60 1.0
88 25 1.0
66 133 1.0
233 55 1.0
117 166 1.0
53 14 1.0
202 128 1.0
68 136 1.0
215 93 1.0
26 136 1.0
244 38 1.0
185 199 1.0
46 141 1.0
237 8 1.0
144 102 1.0
70 82 1.0
201 93 1.0
150 112 1.0
179 46 1.0
72 60 1.0
124 107 1.0
170 102 1.0
158 139 1.0
216 60 1.0
96 172 1.0
125 247 1.0
74 176 1.0
66 42 1.0
102 216 1.0
176 10 1.0
200 195 1.0
75 4 1.0
213 193 1.0
77 30 1.0
159 184 1.0
36 221 1.0
123 102 1.0
169 182 1.0
84 240 1.0
99 217 1.0
133 227 1.0
65 169 1.0
79 224 1.0
148 187 1.0
119 216 1.0
47 173 1.0
101 228 1.0
97 223 1.0
25 232 1.0
81 145 1.0
242 116 1.0
34 94 1.0
225 182 1.0
180 1 1.0
60 167 1.0
122 60 1.0
146 235 1.0
160 161 1.0
20 256 1.0
85 132 1.0
130 88 1.0
77 61 1.0
85 106 1.0
155 182 1.0
16 222 1.0
86 91 1.0
206 51 1.0
228 109 1.0
64 243 1.0
87 250 1.0
41 15 1.0
210 234 1.0
24 55 1.0
88 52 1.0
248 92 1.0
90 116 1.0
59 148 1.0
28 70 1.0
83 78 1.0
91 137 1.0
52 79 1.0
199 132 1.0
93 227 1.0
22 237 1.0
238 63 1.0
75 190 1.0
49 190 1.0
204 19 1.0
171 26 1.0
14 128 1.0
241 201 1.0
181 92 1.0
230 14 1.0
104 122 1.0
96 15 1.0
183 75 1.0
127 46 1.0
246 15 1.0
219 115 1.0
97 57 1.0
222 42 1.0
207 128 1.0
100 240 1.0
232 256 1.0
162 1 1.0
21 236 1.0
175 202 1.0
58 237 1.0
229 224 1.0
140 180 1.0
100 226 1.0
112 93 1.0
98 229 1.0
101 172 1.0
152 157 1.0
31 33 1.0
73 92 1.0
149 150 1.0
103 141 1.0
91 158 1.0
209 171 1.0
143 96 1.0
39 140 1.0
174 86 1.0
105 103 1.0
89 114 1.0
142 193 1.0
126 162 1.0
106 213 1.0
67 49 1.0
110 52 1.0
177 170 1.0
145 150 1.0
18 129 1.0
138 133 1.0
107 202 1.0
109 161 1.0
61 158 1.0
92 106 1.0
233 161 1.0
110 31 1.0
5 139 1.0
197 150 1.0
30 64 1.0
74 161 1.0
151 75 1.0
7 222 1.0
42 182 1.0
113 41 1.0
56 58 1.0
114 72 1.0
95 195 1.0
3 100 1.0
121 131 1.0
38 232 1.0
161 52 1.0
93 237 1.0
116 207 1.0
103 106 1.0
114 157 1.0
173 119 1.0
1 107 1.0
186 176 1.0
236 11 1.0
27 58 1.0
135 70 1.0
195 147 1.0
54 246 1.0
234 145 1.0
119 28 1.0
32 64 1.0
243 89 1.0
63 143 1.0
164 136 1.0
239 174 1.0
57 82 1.0
122 157 1.0
196 141 1.0
4 146 1.0
90 29 1.0
29 112 1.0
116 172 1.0
51 125 1.0
124 152 1.0
71 42 1.0
184 17 1.0
154 167 1.0
126 92 1.0
132 9 1.0
111 202 1.0
231 121 1.0
172 109 1.0
128 57 1.0
240 231 1.0
211 75 1.0
198 14 1.0
129 213 1.0
249 106 1.0
102 108 1.0
6 53 1.0
50 157 1.0
66 110 1.0
132 55 1.0
255 180 1.0
133 237 1.0
35 130 1.0
28 90 1.0
135 167 1.0
59 57 1.0
82 136 1.0
201 80 1.0
109 15 1.0
138 242 1.0
193 246 1.0
144 148 1.0
68 79 1.0
13 109 1.0
136 20 1.0
124 161 1.0
140 164 1.0
170 87 1.0
146 128 1.0
104 43 1.0
120 247 1.0
141 244 1.0
45 14 1.0
165 90 1.0
37 224 1.0
142 161 1.0
122 21 1.0
60 102 1.0
106 66 1.0
80 158 1.0
105 246 1.0
199 231 1.0
230 163 1.0
144 85 1.0
191 253 1.0
220 165 1.0
131 5 1.0
146 11 1.0
204 9 1.0
171 237 1.0
188 209 1.0
254 177 1.0
226 201 1.0
189 170 1.0
217 1 1.0
141 136 1.0
205 107 1.0
148 145 1.0
113 44 1.0
166 103 1.0
129 227 1.0
153 177 1.0
150 124 1.0
218 182 1.0
70 120 1.0
12 137 1.0
228 27 1.0
48 1 1.0
64 128 1.0
253 193 1.0
152 77 1.0
206 205 1.0
8 116 1.0
24 89 1.0
163 63 1.0
154 199 1.0
33 140 1.0
227 5 1.0
128 1 1.0
203 79 1.0
9 112 1.0
224 150 1.0
156 64 1.0
168 47 1.0
157 47 1.0
235 140 1.0
208 112 1.0
194 86 1.0
72 229 1.0
147 235 1.0
62 14 1.0
44 70 1.0
108 180 1.0
2 183 1.0
160 9 1.0
94 182 1.0
55 249 1.0
23 162 1.0
69 151 1.0
196 95 1.0
17 184 1.0
4 112 1.0
41 86 1.0
210 177 1.0
73 172 1.0
248 94 1.0
163 238 1.0
16 9 1.0
31 254 1.0
86 197 1.0
39 157 1.0
165 33 1.0
112 150 1.0
20 40 1.0
85 116 1.0
130 57 1.0
167 156 1.0
162 157 1.0
77 235 1.0
155 133 1.0
160 91 1.0
180 163 1.0
100 173 1.0
3 166 1.0
19 253 1.0
87 150 1.0
169 152 1.0
43 220 1.0
79 108 1.0
103 79 1.0
173 237 1.0
71 70 1.0
78 1 1.0
156 225 1.0
172 142 1.0
111 250 1.0
132 18 1.0
182 140 1.0
115 52 1.0
174 122 1.0
221 214 1.0
139 101 1.0
175 92 1.0
198 79 1.0
164 82 1.0
247 121 1.0
190 18 1.0
177 64 1.0
81 37 1.0
200 148 1.0
137 182 1.0
88 174 1.0
178 215 1.0
117 173 1.0
195 90 1.0
157 249 1.0
1 123 1.0
192 182 1.0
176 76 1.0
182 232 1.0
223 51 1.0
63 193 1.0
250 140 1.0
178 231 1.0
183 12 1.0
135 107 1.0
214 174 1.0
38 79 1.0
185 139 1.0
245 180 1.0
10 151 1.0
32 117 1.0
134 106 1.0
26 86 1.0
202 228 1.0
118 202 1.0
256 139 1.0
167 123 1.0
225 209 1.0
34 128 1.0
189 196 1.0
251 222 1.0
187 48 1.0
252 12 1.0
40 128 1.0
101 21 1.0
212 102 1.0
15 128 1.0
191 168 1.0
133 149 1.0
36 41 1.0
99 186 1.0
65 60 1.0
193 106 1.0
11 228 1.0
76 90 1.0
45 5 1.0
120 73 1.0
121 238 1.0
93 63 1.0
194 53 1.0
161 33 1.0
80 148 1.0
106 235 1.0
56 166 1.0
95 102 1.0
197 6 1.0
218 216 1.0
234 160 1.0
27 81 1.0
198 52 1.0
243 29 1.0
54 124 1.0
253 251 1.0
200 64 1.0
236 13 1.0
186 128 1.0
12 35 1.0
48 90 1.0
123 157 1.0
202 192 1.0
169 216 1.0
159 43 1.0
8 42 1.0
213 145 1.0
148 102 1.0
113 194 1.0
204 81 1.0
189 15 1.0
84 167 1.0
217 196 1.0
25 166 1.0
206 148 1.0
97 201 1.0
47 64 1.0
166 108 1.0
119 157 1.0
242 226 1.0
53 139 1.0
2 191 1.0
208 104 1.0
44 138 1.0
108 131 1.0
215 194 1.0
244 251 1.0
69 173 1.0
185 93 1.0
237 200 1.0
46 14 1.0
224 156 1.0
9 150 1.0
209 243 1.0
179 75 1.0
211 187 1.0
150 172 1.0
194 246 1.0
168 131 1.0
96 81 1.0
216 92 1.0
158 126 1.0
107 27 1.0
213 202 1.0
125 14 1.0
83 53 1.0
52 169 1.0
138 157 1.0
67 154 1.0
215 159 1.0
110 224 1.0
49 172 1.0
216 178 1.0
238 231 1.0
75 163 1.0
22 121 1.0
7 122 1.0
219 132 1.0
181 183 1.0
42 50 1.0
241 240 1.0
197 196 1.0
14 102 1.0
5 237 1.0
219 180 1.0
221 93 1.0
246 76 1.0
127 193 1.0
183 179 1.0
223 153 1.0
140 116 1.0
222 174 1.0
33 204 1.0
227 107 1.0
128 200 1.0
55 238 1.0
23 217 1.0
156 196 1.0
78 230 1.0
225 180 1.0
94 155 1.0
62 6 1.0
182 93 1.0
115 121 1.0
145 57 1.0
177 122 1.0
18 132 1.0
208 228 1.0
10 9 1.0
245 182 1.0
228 149 1.0
203 15 1.0
235 16 1.0
87 128 1.0
19 222 1.0
230 112 1.0
126 75 1.0
30 216 1.0
151 1 1.0
157 22 1.0
232 37 1.0
192 1 1.0
89 80 1.0
142 153 1.0
233 58 1.0
235 160 1.0
178 12 1.0
214 182 1.0
21 76 1.0
236 9 1.0
175 220 1.0
58 106 1.0
11 222 1.0
92 128 1.0
76 21 1.0
233 160 1.0
117 86 1.0
61 75 1.0
74 42 1.0
239 233 1.0
88 201 1.0
251 40 1.0
187 88 1.0
232 110 1.0
209 253 1.0
149 200 1.0
241 22 1.0
212 58 1.0
242 112 1.0
229 129 1.0
207 103 1.0
15 170 1.0
82 193 1.0
98 249 1.0
152 202 1.0
51 177 1.0
116 151 1.0
109 81 1.0
245 196 1.0
174 140 1.0
91 108 1.0
143 177 1.0
247 53 1.0
118 183 1.0
193 187 1.0
239 254 1.0
249 153 1.0
57 86 1.0
6 131 1.0
211 107 1.0
249 150 1.0
29 153 1.0
90 172 1.0
13 134 1.0
251 183 1.0
50 183 1.0
154 162 1.0
253 79 1.0
105 184 1.0
184 139 1.0
188 52 1.0
114 196 1.0
254 132 1.0
240 173 1.0
172 221 1.0
254 207 1.0
191 172 1.0
231 34 1.0
220 128 1.0
