*Vertices 32
1 "V0"
2 "V22"
3 "V26"
4 "V11"
5 "V15"
6 "V30"
7 "V29"
8 "V27"
9 "V25"
10 "V19"
11 "V21"
12 "V23"
13 "V9"
14 "V7"
15 "V5"
16 "V3"
17 "V1"
18 "V13"
19 "V17"
20 "V20"
21 "V24"
22 "V31"
23 "V28"
24 "V14"
25 "V10"
26 "V16"
27 "V12"
28 "V18"
29 "V8"
30 "V6"
31 "V4"
32 "V2"
*Arcs
27 1 1.0
11 22 1.0
29 15 1.0
10 8 1.0
9 15 1.0
3 9 1.0
17 18 1.0
4 29 1.0
7 13 1.0
24 10 1.0
22 31 1.0
10 20 1.0
31 20 1.0
17 11 1.0
5 15 1.0
14 30 1.0
31 3 1.0
7 14 1.0
25 13 1.0
32 24 1.0
21 18 1.0
26 18 1.0
29 5 1.0
20 21 1.0
18 9 1.0
9 30 1.0
21 14 1.0
16 6 1.0
28 25 1.0
22 4 1.0
10 28 1.0
17 28 1.0
32 19 1.0
6 28 1.0
23 16 1.0
32 16 1.0
12 17 1.0
18 1 1.0
23 8 1.0
15 7 1.0
22 6 1.0
26 30 1.0
2 14 1.0
5 7 1.0
7 5 1.0
6 27 1.0
11 4 1.0
31 2 1.0
29 30 1.0
27 12 1.0
6 2 1.0
1 21 1.0
16 10 1.0
16 5 1.0
28 18 1.0
6 14 1.0
20 13 1.0
9 14 1.0
23 9 1.0
2 9 1.0
25 3 1.0
13 9 1.0
17 24 1.0
1 13 1.0
17 25 1.0
13 18 1.0
10 15 1.0
14 15 1.0
16 30 1.0
24 15 1.0
24 22 1.0
9 10 1.0
27 11 1.0
15 20 1.0
11 20 1.0
27 28 1.0
3 4 1.0
1 18 1.0
5 26 1.0
12 14 1.0
24 30 1.0
12 30 1.0
15 14 1.0
17 12 1.0
23 2 1.0
14 21 1.0
20 12 1.0
2 11 1.0
2 28 1.0
25 19 1.0
21 25 1.0
10 27 1.0
13 25 1.0
12 7 1.0
13 7 1.0
29 6 1.0
17 23 1.0
3 31 1.0
12 16 1.0
23 32 1.0
2 1 1.0
