*Vertices 64
1 "V0"
2 "V63"
3 "V52"
4 "V11"
5 "V15"
6 "V48"
7 "V45"
8 "V30"
9 "V29"
10 "V34"
11 "V33"
12 "V27"
13 "V9"
14 "V13"
15 "V17"
16 "V50"
17 "V28"
18 "V31"
19 "V35"
20 "V32"
21 "V46"
22 "V14"
23 "V51"
24 "V49"
25 "V16"
26 "V10"
27 "V53"
28 "V12"
29 "V47"
30 "V22"
31 "V26"
32 "V59"
33 "V37"
34 "V40"
35 "V44"
36 "V41"
37 "V55"
38 "V60"
39 "V58"
40 "V19"
41 "V25"
42 "V62"
43 "V56"
44 "V21"
45 "V23"
46 "V7"
47 "V5"
48 "V3"
49 "V1"
50 "V20"
51 "V61"
52 "V57"
53 "V24"
54 "V54"
55 "V38"
56 "V43"
57 "V42"
58 "V39"
59 "V36"
60 "V18"
61 "V6"
62 "V8"
63 "V4"
64 "V2"
*Arcs
1 21 1.0
30 44 1.0
11 40 1.0
16 13 1.0
47 30 1.0
23 29 1.0
63 24 1.0
4 19 1.0
30 62 1.0
8 15 1.0
58 21 1.0
10 12 1.0
34 12 1.0
1 2 1.0
17 13 1.0
4 46 1.0
39 23 1.0
52 55 1.0
9 24 1.0
13 52 1.0
1 18 1.0
15 49 1.0
29 11 1.0
21 57 1.0
14 3 1.0
15 1 1.0
60 47 1.0
6 46 1.0
59 24 1.0
40 44 1.0
54 30 1.0
37 22 1.0
46 30 1.0
33 57 1.0
62 21 1.0
41 64 1.0
56 35 1.0
23 55 1.0
35 15 1.0
29 50 1.0
51 40 1.0
31 24 1.0
22 11 1.0
20 57 1.0
11 21 1.0
5 64 1.0
48 53 1.0
51 62 1.0
30 54 1.0
31 2 1.0
16 15 1.0
55 60 1.0
44 46 1.0
43 5 1.0
43 21 1.0
13 34 1.0
58 63 1.0
12 34 1.0
26 62 1.0
7 64 1.0
7 30 1.0
38 21 1.0
43 2 1.0
42 30 1.0
17 63 1.0
25 62 1.0
10 11 1.0
47 31 1.0
10 61 1.0
49 15 1.0
23 9 1.0
15 14 1.0
47 29 1.0
2 27 1.0
45 53 1.0
19 11 1.0
61 64 1.0
3 48 1.0
27 38 1.0
61 47 1.0
28 7 1.0
53 7 1.0
36 43 1.0
56 7 1.0
57 26 1.0
58 18 1.0
49 48 1.0
8 48 1.0
14 13 1.0
38 60 1.0
18 17 1.0
32 56 1.0
60 49 1.0
64 27 1.0
40 46 1.0
24 60 1.0
6 60 1.0
50 46 1.0
31 46 1.0
22 34 1.0
56 44 1.0
3 26 1.0
35 26 1.0
6 36 1.0
33 7 1.0
41 37 1.0
54 31 1.0
62 30 1.0
46 26 1.0
37 20 1.0
12 36 1.0
63 53 1.0
44 52 1.0
23 21 1.0
16 10 1.0
30 11 1.0
48 19 1.0
5 56 1.0
42 7 1.0
20 21 1.0
51 46 1.0
11 52 1.0
39 21 1.0
52 62 1.0
4 47 1.0
34 49 1.0
9 14 1.0
28 61 1.0
18 25 1.0
19 52 1.0
45 46 1.0
34 46 1.0
19 57 1.0
22 53 1.0
59 50 1.0
26 29 1.0
60 46 1.0
27 46 1.0
46 64 1.0
21 10 1.0
29 9 1.0
1 14 1.0
9 63 1.0
49 38 1.0
60 35 1.0
38 27 1.0
32 58 1.0
57 11 1.0
14 1 1.0
8 17 1.0
34 15 1.0
35 9 1.0
14 63 1.0
36 22 1.0
53 18 1.0
33 22 1.0
55 41 1.0
40 62 1.0
50 55 1.0
37 63 1.0
45 14 1.0
62 15 1.0
6 15 1.0
24 5 1.0
64 21 1.0
18 12 1.0
64 35 1.0
40 63 1.0
17 51 1.0
25 1 1.0
7 48 1.0
51 26 1.0
52 53 1.0
21 51 1.0
58 5 1.0
12 22 1.0
43 19 1.0
26 57 1.0
13 47 1.0
52 22 1.0
59 46 1.0
61 59 1.0
45 29 1.0
3 7 1.0
3 14 1.0
53 5 1.0
47 49 1.0
15 40 1.0
2 61 1.0
10 47 1.0
61 50 1.0
2 60 1.0
19 20 1.0
64 8 1.0
40 29 1.0
46 53 1.0
4 6 1.0
59 57 1.0
59 64 1.0
5 34 1.0
62 24 1.0
7 44 1.0
41 48 1.0
27 24 1.0
41 21 1.0
54 58 1.0
9 55 1.0
36 40 1.0
39 15 1.0
4 30 1.0
39 64 1.0
28 47 1.0
60 21 1.0
8 63 1.0
29 61 1.0
1 26 1.0
49 25 1.0
29 53 1.0
16 7 1.0
23 48 1.0
63 36 1.0
44 5 1.0
11 1 1.0
17 10 1.0
34 64 1.0
58 10 1.0
20 30 1.0
26 24 1.0
52 13 1.0
30 53 1.0
35 5 1.0
24 4 1.0
27 7 1.0
56 41 1.0
31 26 1.0
22 46 1.0
51 34 1.0
42 62 1.0
20 1 1.0
5 60 1.0
48 7 1.0
3 29 1.0
27 15 1.0
61 26 1.0
45 26 1.0
19 46 1.0
33 1 1.0
57 24 1.0
36 1 1.0
36 38 1.0
28 60 1.0
32 54 1.0
53 26 1.0
21 15 1.0
39 49 1.0
42 35 1.0
7 60 1.0
17 34 1.0
25 4 1.0
46 17 1.0
2 51 1.0
48 38 1.0
10 4 1.0
15 60 1.0
47 63 1.0
50 26 1.0
13 36 1.0
50 17 1.0
55 59 1.0
33 25 1.0
53 38 1.0
43 53 1.0
13 11 1.0
54 55 1.0
12 14 1.0
37 55 1.0
31 40 1.0
18 14 1.0
57 1 1.0
38 35 1.0
14 15 1.0
32 36 1.0
22 56 1.0
50 13 1.0
18 5 1.0
24 47 1.0
64 19 1.0
6 8 1.0
48 26 1.0
39 37 1.0
2 57 1.0
4 32 1.0
52 30 1.0
9 47 1.0
17 64 1.0
26 43 1.0
30 64 1.0
34 47 1.0
9 7 1.0
11 64 1.0
58 46 1.0
44 47 1.0
11 34 1.0
23 61 1.0
63 21 1.0
16 50 1.0
63 29 1.0
20 14 1.0
5 49 1.0
35 64 1.0
5 57 1.0
42 28 1.0
51 12 1.0
56 53 1.0
56 57 1.0
16 38 1.0
22 36 1.0
38 57 1.0
31 50 1.0
54 46 1.0
54 48 1.0
41 35 1.0
62 26 1.0
21 14 1.0
33 13 1.0
25 24 1.0
28 39 1.0
59 35 1.0
40 64 1.0
46 59 1.0
6 29 1.0
49 1 1.0
1 23 1.0
29 12 1.0
8 4 1.0
60 29 1.0
35 37 1.0
7 26 1.0
25 61 1.0
32 59 1.0
42 51 1.0
37 4 1.0
12 62 1.0
43 20 1.0
12 21 1.0
26 46 1.0
37 39 1.0
55 21 1.0
41 8 1.0
44 40 1.0
55 22 1.0
44 12 1.0
13 57 1.0
24 46 1.0
64 53 1.0
24 1 1.0
48 32 1.0
20 32 1.0
50 23 1.0
38 47 1.0
49 30 1.0
14 38 1.0
32 7 1.0
18 64 1.0
8 25 1.0
28 26 1.0
53 64 1.0
57 33 1.0
55 26 1.0
36 26 1.0
57 18 1.0
45 63 1.0
19 15 1.0
27 12 1.0
47 39 1.0
3 36 1.0
61 48 1.0
10 24 1.0
15 5 1.0
21 58 1.0
62 35 1.0
25 63 1.0
63 64 1.0
2 34 1.0
