*Vertices 128
1 "V0"
2 "V100"
3 "V11"
4 "V89"
5 "V15"
6 "V85"
7 "V119"
8 "V104"
9 "V45"
10 "V30"
11 "V34"
12 "V64"
13 "V123"
14 "V121"
15 "V125"
16 "V9"
17 "V68"
18 "V66"
19 "V70"
20 "V13"
21 "V17"
22 "V87"
23 "V28"
24 "V102"
25 "V117"
26 "V32"
27 "V106"
28 "V51"
29 "V49"
30 "V47"
31 "V53"
32 "V81"
33 "V83"
34 "V22"
35 "V26"
36 "V96"
37 "V37"
38 "V111"
39 "V126"
40 "V41"
41 "V115"
42 "V60"
43 "V58"
44 "V56"
45 "V62"
46 "V7"
47 "V5"
48 "V3"
49 "V1"
50 "V90"
51 "V92"
52 "V109"
53 "V98"
54 "V20"
55 "V24"
56 "V94"
57 "V113"
58 "V54"
59 "V43"
60 "V39"
61 "V73"
62 "V18"
63 "V77"
64 "V75"
65 "V79"
66 "V63"
67 "V122"
68 "V52"
69 "V48"
70 "V118"
71 "V107"
72 "V29"
73 "V103"
74 "V33"
75 "V27"
76 "V86"
77 "V84"
78 "V88"
79 "V82"
80 "V120"
81 "V50"
82 "V124"
83 "V31"
84 "V35"
85 "V105"
86 "V46"
87 "V14"
88 "V10"
89 "V16"
90 "V12"
91 "V101"
92 "V99"
93 "V65"
94 "V71"
95 "V67"
96 "V69"
97 "V59"
98 "V40"
99 "V44"
100 "V114"
101 "V55"
102 "V25"
103 "V19"
104 "V21"
105 "V110"
106 "V108"
107 "V23"
108 "V76"
109 "V74"
110 "V80"
111 "V78"
112 "V72"
113 "V61"
114 "V57"
115 "V127"
116 "V38"
117 "V116"
118 "V112"
119 "V42"
120 "V36"
121 "V95"
122 "V93"
123 "V97"
124 "V91"
125 "V8"
126 "V6"
127 "V4"
128 "V2"
*Arcs
36 108 1.0
1 122 1.0
104 47 1.0
95 48 1.0
100 62 1.0
4 77 1.0
116 3 1.0
6 79 1.0
88 112 1.0
44 70 1.0
11 40 1.0
73 59 1.0
75 49 1.0
109 79 1.0
14 61 1.0
13 124 1.0
9 37 1.0
89 110 1.0
51 24 1.0
66 54 1.0
105 62 1.0
17 56 1.0
11 62 1.0
32 111 1.0
68 11 1.0
20 67 1.0
115 10 1.0
47 1 1.0
19 11 1.0
92 123 1.0
107 13 1.0
40 35 1.0
24 69 1.0
117 21 1.0
97 78 1.0
78 47 1.0
90 44 1.0
10 88 1.0
85 40 1.0
30 17 1.0
69 46 1.0
13 64 1.0
49 9 1.0
63 71 1.0
103 46 1.0
56 114 1.0
118 88 1.0
32 45 1.0
18 81 1.0
101 119 1.0
35 99 1.0
91 107 1.0
37 83 1.0
33 71 1.0
125 87 1.0
7 127 1.0
99 26 1.0
50 54 1.0
35 25 1.0
112 59 1.0
41 96 1.0
74 16 1.0
106 104 1.0
42 71 1.0
65 1 1.0
5 54 1.0
113 2 1.0
123 73 1.0
47 48 1.0
34 125 1.0
39 35 1.0
127 105 1.0
81 10 1.0
3 34 1.0
76 11 1.0
41 92 1.0
60 73 1.0
17 128 1.0
56 34 1.0
1 60 1.0
67 7 1.0
64 10 1.0
8 77 1.0
23 56 1.0
114 9 1.0
60 37 1.0
61 128 1.0
12 74 1.0
21 114 1.0
122 114 1.0
86 103 1.0
62 84 1.0
31 34 1.0
126 103 1.0
79 34 1.0
84 125 1.0
38 27 1.0
20 114 1.0
4 54 1.0
42 85 1.0
27 112 1.0
68 66 1.0
83 18 1.0
55 54 1.0
2 54 1.0
94 12 1.0
25 26 1.0
71 95 1.0
119 55 1.0
95 31 1.0
76 78 1.0
57 66 1.0
116 84 1.0
77 73 1.0
16 49 1.0
111 81 1.0
82 24 1.0
128 49 1.0
29 125 1.0
121 42 1.0
54 118 1.0
124 80 1.0
9 35 1.0
80 77 1.0
80 112 1.0
45 5 1.0
89 90 1.0
24 90 1.0
83 61 1.0
44 98 1.0
61 127 1.0
75 70 1.0
107 40 1.0
88 123 1.0
53 127 1.0
117 56 1.0
98 56 1.0
96 10 1.0
92 22 1.0
11 59 1.0
93 124 1.0
52 82 1.0
115 47 1.0
28 37 1.0
110 1 1.0
47 94 1.0
30 96 1.0
13 32 1.0
56 89 1.0
72 21 1.0
49 61 1.0
108 86 1.0
43 119 1.0
85 114 1.0
99 124 1.0
22 47 1.0
90 73 1.0
91 119 1.0
102 92 1.0
112 5 1.0
46 53 1.0
58 99 1.0
107 100 1.0
118 56 1.0
120 30 1.0
33 45 1.0
62 33 1.0
93 29 1.0
111 20 1.0
15 100 1.0
48 46 1.0
65 124 1.0
26 126 1.0
71 108 1.0
114 69 1.0
113 47 1.0
87 33 1.0
50 124 1.0
59 87 1.0
70 5 1.0
118 66 1.0
73 90 1.0
120 22 1.0
88 45 1.0
114 74 1.0
6 95 1.0
60 106 1.0
124 90 1.0
100 117 1.0
17 107 1.0
36 12 1.0
104 4 1.0
81 114 1.0
128 25 1.0
68 110 1.0
126 48 1.0
32 47 1.0
55 97 1.0
92 55 1.0
5 55 1.0
25 43 1.0
8 7 1.0
19 125 1.0
20 125 1.0
78 123 1.0
40 1 1.0
109 107 1.0
23 107 1.0
86 84 1.0
15 125 1.0
14 101 1.0
66 12 1.0
51 37 1.0
21 126 1.0
84 107 1.0
19 73 1.0
105 54 1.0
37 2 1.0
57 49 1.0
77 114 1.0
125 101 1.0
101 12 1.0
24 125 1.0
23 117 1.0
35 80 1.0
25 115 1.0
61 12 1.0
99 72 1.0
7 106 1.0
97 70 1.0
29 78 1.0
27 35 1.0
10 80 1.0
63 82 1.0
128 103 1.0
82 84 1.0
69 124 1.0
121 53 1.0
103 66 1.0
18 3 1.0
33 32 1.0
76 55 1.0
98 74 1.0
41 31 1.0
36 53 1.0
96 114 1.0
34 110 1.0
64 30 1.0
72 65 1.0
8 121 1.0
40 119 1.0
43 55 1.0
3 96 1.0
106 43 1.0
74 49 1.0
45 94 1.0
45 93 1.0
5 33 1.0
124 53 1.0
123 71 1.0
46 73 1.0
28 56 1.0
127 107 1.0
39 40 1.0
110 16 1.0
94 84 1.0
70 76 1.0
52 109 1.0
54 73 1.0
31 128 1.0
102 78 1.0
2 49 1.0
42 69 1.0
71 54 1.0
58 27 1.0
119 58 1.0
87 99 1.0
4 82 1.0
122 93 1.0
62 46 1.0
12 85 1.0
1 73 1.0
67 49 1.0
30 48 1.0
79 110 1.0
46 33 1.0
38 114 1.0
64 47 1.0
120 1 1.0
80 54 1.0
9 120 1.0
109 128 1.0
67 56 1.0
89 114 1.0
51 55 1.0
44 34 1.0
6 42 1.0
16 48 1.0
75 112 1.0
74 75 1.0
73 56 1.0
95 102 1.0
54 4 1.0
116 119 1.0
100 78 1.0
78 96 1.0
48 49 1.0
111 120 1.0
83 122 1.0
36 18 1.0
29 107 1.0
15 41 1.0
85 99 1.0
10 71 1.0
108 10 1.0
13 86 1.0
49 21 1.0
69 37 1.0
117 110 1.0
40 54 1.0
22 96 1.0
90 34 1.0
97 33 1.0
86 114 1.0
68 23 1.0
53 16 1.0
90 56 1.0
107 1 1.0
91 101 1.0
19 94 1.0
66 110 1.0
52 74 1.0
95 83 1.0
11 32 1.0
115 48 1.0
47 82 1.0
32 24 1.0
65 37 1.0
26 124 1.0
106 114 1.0
97 46 1.0
113 42 1.0
50 105 1.0
5 67 1.0
59 5 1.0
100 54 1.0
7 120 1.0
112 83 1.0
35 2 1.0
91 32 1.0
102 126 1.0
58 1 1.0
125 80 1.0
33 37 1.0
37 73 1.0
118 109 1.0
110 76 1.0
93 80 1.0
103 21 1.0
56 21 1.0
12 30 1.0
112 114 1.0
105 127 1.0
86 83 1.0
122 10 1.0
21 47 1.0
64 23 1.0
14 89 1.0
115 121 1.0
116 94 1.0
8 62 1.0
23 54 1.0
88 48 1.0
76 107 1.0
114 33 1.0
41 124 1.0
122 119 1.0
60 125 1.0
104 76 1.0
123 66 1.0
17 69 1.0
39 10 1.0
127 1 1.0
127 88 1.0
81 107 1.0
16 128 1.0
77 80 1.0
57 36 1.0
116 54 1.0
18 55 1.0
6 7 1.0
80 13 1.0
7 92 1.0
61 75 1.0
24 55 1.0
10 94 1.0
75 80 1.0
101 2 1.0
12 32 1.0
45 81 1.0
89 126 1.0
124 2 1.0
99 90 1.0
16 70 1.0
28 20 1.0
115 66 1.0
47 72 1.0
110 96 1.0
74 47 1.0
52 42 1.0
31 112 1.0
21 36 1.0
92 99 1.0
84 5 1.0
79 87 1.0
126 119 1.0
25 53 1.0
119 47 1.0
78 33 1.0
55 103 1.0
94 34 1.0
27 11 1.0
27 79 1.0
28 12 1.0
83 52 1.0
20 99 1.0
42 128 1.0
121 123 1.0
54 62 1.0
128 53 1.0
63 113 1.0
29 71 1.0
82 100 1.0
2 66 1.0
34 2 1.0
58 116 1.0
112 16 1.0
102 69 1.0
59 60 1.0
70 99 1.0
38 36 1.0
113 11 1.0
4 69 1.0
87 116 1.0
26 122 1.0
71 66 1.0
44 77 1.0
81 78 1.0
15 53 1.0
48 124 1.0
111 26 1.0
104 44 1.0
36 121 1.0
49 25 1.0
60 62 1.0
100 55 1.0
50 106 1.0
95 9 1.0
53 87 1.0
34 3 1.0
96 5 1.0
53 65 1.0
117 107 1.0
98 3 1.0
22 80 1.0
3 24 1.0
43 54 1.0
59 111 1.0
85 61 1.0
72 80 1.0
108 109 1.0
67 32 1.0
1 117 1.0
30 5 1.0
62 125 1.0
56 101 1.0
93 59 1.0
38 70 1.0
63 2 1.0
120 11 1.0
46 80 1.0
33 94 1.0
13 33 1.0
49 56 1.0
63 72 1.0
10 65 1.0
27 20 1.0
69 65 1.0
97 47 1.0
90 84 1.0
78 49 1.0
40 88 1.0
25 67 1.0
73 37 1.0
19 34 1.0
101 37 1.0
75 113 1.0
125 49 1.0
77 90 1.0
37 62 1.0
118 46 1.0
79 53 1.0
18 126 1.0
121 3 1.0
103 37 1.0
69 54 1.0
9 45 1.0
14 80 1.0
51 16 1.0
23 115 1.0
82 49 1.0
109 94 1.0
44 61 1.0
73 119 1.0
84 62 1.0
6 11 1.0
88 73 1.0
92 65 1.0
87 85 1.0
107 17 1.0
126 39 1.0
68 32 1.0
105 114 1.0
11 47 1.0
32 20 1.0
21 13 1.0
66 125 1.0
96 76 1.0
122 103 1.0
86 72 1.0
67 55 1.0
12 83 1.0
62 34 1.0
8 71 1.0
98 8 1.0
114 121 1.0
1 109 1.0
64 88 1.0
72 20 1.0
55 34 1.0
103 72 1.0
2 121 1.0
70 83 1.0
119 80 1.0
94 5 1.0
106 53 1.0
84 44 1.0
38 21 1.0
109 83 1.0
31 90 1.0
79 23 1.0
46 18 1.0
5 3 1.0
50 37 1.0
45 83 1.0
106 89 1.0
113 101 1.0
74 1 1.0
35 55 1.0
91 125 1.0
61 47 1.0
7 96 1.0
117 48 1.0
99 80 1.0
17 113 1.0
121 118 1.0
41 119 1.0
98 33 1.0
76 31 1.0
3 127 1.0
65 86 1.0
39 79 1.0
127 80 1.0
28 60 1.0
123 63 1.0
126 4 1.0
34 75 1.0
96 55 1.0
117 123 1.0
2 116 1.0
3 1 1.0
68 47 1.0
107 47 1.0
53 22 1.0
43 76 1.0
85 33 1.0
9 46 1.0
40 80 1.0
90 37 1.0
22 8 1.0
124 30 1.0
89 127 1.0
66 24 1.0
14 63 1.0
80 56 1.0
9 121 1.0
110 84 1.0
47 123 1.0
115 106 1.0
52 114 1.0
18 69 1.0
11 48 1.0
6 98 1.0
116 128 1.0
57 85 1.0
22 83 1.0
95 98 1.0
54 78 1.0
109 126 1.0
75 33 1.0
24 117 1.0
26 100 1.0
44 3 1.0
16 82 1.0
71 112 1.0
83 62 1.0
42 82 1.0
31 122 1.0
20 119 1.0
4 109 1.0
36 47 1.0
29 26 1.0
82 114 1.0
128 46 1.0
111 22 1.0
60 83 1.0
100 73 1.0
76 112 1.0
88 92 1.0
114 1 1.0
73 39 1.0
37 7 1.0
23 5 1.0
14 37 1.0
39 103 1.0
64 128 1.0
86 34 1.0
113 82 1.0
43 27 1.0
106 78 1.0
26 104 1.0
65 44 1.0
48 90 1.0
15 20 1.0
81 32 1.0
48 76 1.0
123 101 1.0
104 114 1.0
17 53 1.0
51 76 1.0
58 5 1.0
125 72 1.0
33 84 1.0
102 127 1.0
91 65 1.0
55 95 1.0
59 89 1.0
7 26 1.0
57 80 1.0
112 65 1.0
87 47 1.0
50 61 1.0
108 53 1.0
10 49 1.0
30 71 1.0
13 1 1.0
49 77 1.0
93 23 1.0
56 99 1.0
103 62 1.0
120 53 1.0
65 15 1.0
118 119 1.0
45 128 1.0
66 116 1.0
52 11 1.0
99 49 1.0
124 111 1.0
5 71 1.0
61 79 1.0
70 4 1.0
80 35 1.0
24 44 1.0
72 61 1.0
35 11 1.0
16 99 1.0
77 128 1.0
101 115 1.0
57 50 1.0
77 45 1.0
37 98 1.0
54 32 1.0
121 107 1.0
18 104 1.0
82 35 1.0
128 92 1.0
69 10 1.0
63 119 1.0
27 63 1.0
83 87 1.0
97 92 1.0
81 105 1.0
20 46 1.0
78 5 1.0
119 54 1.0
25 125 1.0
85 22 1.0
19 54 1.0
55 36 1.0
92 101 1.0
89 40 1.0
31 126 1.0
126 37 1.0
32 87 1.0
84 122 1.0
105 8 1.0
94 48 1.0
12 37 1.0
21 61 1.0
51 69 1.0
71 42 1.0
26 114 1.0
111 33 1.0
48 121 1.0
15 113 1.0
29 33 1.0
70 124 1.0
59 65 1.0
4 113 1.0
87 119 1.0
42 76 1.0
101 54 1.0
58 84 1.0
2 126 1.0
104 123 1.0
102 90 1.0
105 117 1.0
94 125 1.0
108 62 1.0
93 126 1.0
120 46 1.0
38 46 1.0
79 107 1.0
46 115 1.0
67 84 1.0
30 49 1.0
108 55 1.0
1 105 1.0
62 100 1.0
122 31 1.0
43 48 1.0
22 11 1.0
3 69 1.0
72 107 1.0
119 51 1.0
8 58 1.0
96 104 1.0
34 128 1.0
98 92 1.0
41 102 1.0
123 122 1.0
127 40 1.0
110 118 1.0
74 122 1.0
53 34 1.0
125 103 1.0
28 121 1.0
39 61 1.0
