*Vertices 128
1 "V0"
2 "V100"
3 "V11"
4 "V89"
5 "V15"
6 "V85"
7 "V119"
8 "V104"
9 "V45"
10 "V30"
11 "V34"
12 "V64"
13 "V123"
14 "V121"
15 "V125"
16 "V9"
17 "V68"
18 "V66"
19 "V70"
20 "V13"
21 "V17"
22 "V87"
23 "V28"
24 "V102"
25 "V117"
26 "V32"
27 "V106"
28 "V51"
29 "V49"
30 "V47"
31 "V53"
32 "V81"
33 "V83"
34 "V22"
35 "V26"
36 "V96"
37 "V37"
38 "V111"
39 "V126"
40 "V41"
41 "V115"
42 "V60"
43 "V58"
44 "V56"
45 "V62"
46 "V7"
47 "V5"
48 "V3"
49 "V1"
50 "V90"
51 "V92"
52 "V109"
53 "V98"
54 "V20"
55 "V24"
56 "V94"
57 "V113"
58 "V54"
59 "V43"
60 "V39"
61 "V73"
62 "V18"
63 "V77"
64 "V75"
65 "V79"
66 "V63"
67 "V122"
68 "V52"
69 "V48"
70 "V118"
71 "V107"
72 "V29"
73 "V103"
74 "V33"
75 "V27"
76 "V86"
77 "V84"
78 "V88"
79 "V82"
80 "V120"
81 "V50"
82 "V124"
83 "V31"
84 "V35"
85 "V105"
86 "V46"
87 "V14"
88 "V10"
89 "V16"
90 "V12"
91 "V101"
92 "V99"
93 "V65"
94 "V71"
95 "V67"
96 "V69"
97 "V59"
98 "V40"
99 "V44"
100 "V114"
101 "V55"
102 "V25"
103 "V19"
104 "V21"
105 "V110"
106 "V108"
107 "V23"
108 "V76"
109 "V74"
110 "V80"
111 "V78"
112 "V72"
113 "V61"
114 "V57"
115 "V127"
116 "V38"
117 "V116"
118 "V112"
119 "V42"
120 "V36"
121 "V95"
122 "V93"
123 "V97"
124 "V91"
125 "V8"
126 "V6"
127 "V4"
128 "V2"
*Arcs
60 94 1.0
33 35 1.0
48 1 1.0
128 2 1.0
94 88 1.0
27 58 1.0
6 79 1.0
122 37 1.0
71 105 1.0
69 54 1.0
123 12 1.0
121 67 1.0
50 51 1.0
26 69 1.0
13 109 1.0
73 10 1.0
92 48 1.0
60 8 1.0
7 43 1.0
45 76 1.0
75 87 1.0
41 40 1.0
107 41 1.0
51 17 1.0
18 123 1.0
128 55 1.0
52 68 1.0
64 115 1.0
114 65 1.0
48 125 1.0
8 71 1.0
34 84 1.0
124 45 1.0
107 50 1.0
125 62 1.0
23 80 1.0
121 112 1.0
96 49 1.0
77 9 1.0
113 91 1.0
61 23 1.0
86 44 1.0
117 33 1.0
85 3 1.0
92 56 1.0
48 34 1.0
10 118 1.0
102 60 1.0
29 18 1.0
113 85 1.0
79 26 1.0
83 15 1.0
65 108 1.0
116 47 1.0
117 29 1.0
9 25 1.0
98 59 1.0
82 22 1.0
118 5 1.0
23 42 1.0
8 16 1.0
15 31 1.0
126 92 1.0
77 19 1.0
77 102 1.0
30 103 1.0
15 66 1.0
70 52 1.0
9 32 1.0
68 120 1.0
125 73 1.0
107 109 1.0
39 72 1.0
49 67 1.0
38 124 1.0
25 128 1.0
89 30 1.0
120 100 1.0
111 6 1.0
1 40 1.0
120 20 1.0
82 114 1.0
24 39 1.0
31 36 1.0
53 28 1.0
119 107 1.0
117 95 1.0
96 4 1.0
34 21 1.0
52 99 1.0
7 70 1.0
106 94 1.0
110 1 1.0
28 111 1.0
89 11 1.0
38 126 1.0
32 27 1.0
77 113 1.0
40 38 1.0
69 93 1.0
119 122 1.0
46 104 1.0
8 69 1.0
111 2 1.0
77 75 1.0
42 101 1.0
11 33 1.0
15 88 1.0
59 116 1.0
13 76 1.0
7 87 1.0
7 41 1.0
29 96 1.0
60 119 1.0
106 13 1.0
19 64 1.0
101 127 1.0
6 8 1.0
4 83 1.0
84 97 1.0
12 106 1.0
108 84 1.0
70 50 1.0
50 62 1.0
10 66 1.0
80 123 1.0
33 55 1.0
87 110 1.0
24 125 1.0
86 31 1.0
48 57 1.0
41 60 1.0
101 77 1.0
60 90 1.0
80 44 1.0
100 91 1.0
10 61 1.0
5 72 1.0
25 80 1.0
48 128 1.0
83 86 1.0
55 89 1.0
78 42 1.0
57 85 1.0
55 63 1.0
48 74 1.0
41 15 1.0
71 47 1.0
65 81 1.0
60 121 1.0
61 34 1.0
14 18 1.0
20 79 1.0
23 88 1.0
23 37 1.0
93 92 1.0
108 58 1.0
46 94 1.0
75 35 1.0
2 25 1.0
92 78 1.0
24 59 1.0
56 73 1.0
76 43 1.0
114 67 1.0
33 109 1.0
61 10 1.0
96 48 1.0
108 51 1.0
27 30 1.0
12 105 1.0
47 54 1.0
42 12 1.0
59 71 1.0
27 11 1.0
104 45 1.0
39 4 1.0
24 21 1.0
105 7 1.0
59 112 1.0
125 49 1.0
119 9 1.0
20 91 1.0
40 23 1.0
107 76 1.0
124 20 1.0
95 40 1.0
71 100 1.0
30 17 1.0
84 123 1.0
24 107 1.0
113 68 1.0
116 115 1.0
82 111 1.0
58 46 1.0
21 85 1.0
107 26 1.0
63 22 1.0
97 5 1.0
100 97 1.0
36 117 1.0
39 119 1.0
24 53 1.0
87 19 1.0
89 102 1.0
4 33 1.0
95 3 1.0
1 44 1.0
7 38 1.0
49 60 1.0
89 56 1.0
33 104 1.0
10 18 1.0
39 82 1.0
1 108 1.0
7 127 1.0
101 29 1.0
76 24 1.0
3 20 1.0
43 114 1.0
4 61 1.0
50 72 1.0
32 128 1.0
123 57 1.0
88 107 1.0
76 95 1.0
40 6 1.0
95 98 1.0
18 52 1.0
2 110 1.0
16 120 1.0
29 16 1.0
36 31 1.0
28 14 1.0
63 124 1.0
22 86 1.0
54 103 1.0
122 66 1.0
116 2 1.0
24 35 1.0
46 101 1.0
96 70 1.0
63 94 1.0
72 1 1.0
126 38 1.0
115 37 1.0
127 93 1.0
73 79 1.0
124 88 1.0
5 111 1.0
57 74 1.0
114 126 1.0
99 39 1.0
14 121 1.0
5 28 1.0
55 4 1.0
8 89 1.0
44 99 1.0
43 27 1.0
16 113 1.0
91 115 1.0
63 65 1.0
60 125 1.0
15 68 1.0
88 106 1.0
68 84 1.0
113 41 1.0
41 17 1.0
126 119 1.0
51 123 1.0
11 55 1.0
66 8 1.0
90 83 1.0
126 97 1.0
123 76 1.0
109 87 1.0
105 51 1.0
76 54 1.0
48 13 1.0
62 64 1.0
3 127 1.0
97 69 1.0
17 15 1.0
117 56 1.0
42 47 1.0
75 81 1.0
65 85 1.0
78 108 1.0
121 26 1.0
17 118 1.0
104 77 1.0
44 60 1.0
54 34 1.0
112 18 1.0
22 91 1.0
70 112 1.0
85 23 1.0
70 3 1.0
78 44 1.0
101 50 1.0
116 62 1.0
100 45 1.0
4 80 1.0
51 49 1.0
2 9 1.0
87 67 1.0
9 109 1.0
87 48 1.0
72 51 1.0
112 103 1.0
120 30 1.0
35 105 1.0
75 12 1.0
124 32 1.0
13 16 1.0
2 120 1.0
23 92 1.0
60 58 1.0
73 19 1.0
118 102 1.0
61 25 1.0
74 78 1.0
42 59 1.0
15 5 1.0
9 42 1.0
113 7 1.0
70 94 1.0
73 1 1.0
1 9 1.0
51 4 1.0
31 21 1.0
115 27 1.0
40 11 1.0
71 113 1.0
115 39 1.0
64 111 1.0
88 46 1.0
80 36 1.0
108 107 1.0
14 28 1.0
43 100 1.0
47 17 1.0
67 6 1.0
113 20 1.0
26 40 1.0
40 73 1.0
23 10 1.0
37 43 1.0
88 16 1.0
19 31 1.0
37 53 1.0
65 96 1.0
105 55 1.0
118 62 1.0
60 66 1.0
118 106 1.0
37 110 1.0
24 84 1.0
30 61 1.0
119 72 1.0
119 128 1.0
20 14 1.0
88 124 1.0
43 86 1.0
15 77 1.0
42 90 1.0
88 98 1.0
23 24 1.0
87 114 1.0
101 33 1.0
20 3 1.0
64 101 1.0
92 2 1.0
47 23 1.0
43 122 1.0
59 104 1.0
4 93 1.0
108 38 1.0
77 116 1.0
85 8 1.0
123 64 1.0
117 83 1.0
58 82 1.0
12 127 1.0
20 29 1.0
60 117 1.0
104 22 1.0
77 119 1.0
20 5 1.0
18 97 1.0
36 105 1.0
101 37 1.0
79 12 1.0
77 51 1.0
120 54 1.0
108 67 1.0
53 109 1.0
22 48 1.0
87 69 1.0
54 8 1.0
123 10 1.0
9 76 1.0
127 87 1.0
105 43 1.0
48 41 1.0
124 40 1.0
97 123 1.0
79 17 1.0
41 107 1.0
58 115 1.0
59 65 1.0
13 46 1.0
123 68 1.0
59 57 1.0
84 95 1.0
42 121 1.0
123 34 1.0
14 81 1.0
55 39 1.0
101 63 1.0
72 74 1.0
46 126 1.0
88 27 1.0
24 42 1.0
67 78 1.0
9 89 1.0
67 59 1.0
117 25 1.0
83 94 1.0
41 92 1.0
58 35 1.0
22 58 1.0
59 79 1.0
30 88 1.0
35 25 1.0
94 19 1.0
65 102 1.0
71 22 1.0
23 59 1.0
9 85 1.0
2 5 1.0
126 42 1.0
101 108 1.0
94 26 1.0
35 47 1.0
73 124 1.0
37 103 1.0
80 86 1.0
8 52 1.0
38 66 1.0
72 32 1.0
6 16 1.0
60 120 1.0
80 53 1.0
105 31 1.0
26 91 1.0
110 112 1.0
113 23 1.0
62 80 1.0
97 49 1.0
96 9 1.0
3 50 1.0
67 21 1.0
95 45 1.0
94 71 1.0
49 84 1.0
34 15 1.0
109 56 1.0
91 29 1.0
41 104 1.0
40 18 1.0
88 118 1.0
105 33 1.0
103 60 1.0
122 3 1.0
107 44 1.0
90 33 1.0
118 88 1.0
37 101 1.0
89 38 1.0
26 116 1.0
124 70 1.0
121 94 1.0
66 1 1.0
32 99 1.0
114 2 1.0
59 75 1.0
111 8 1.0
101 64 1.0
44 83 1.0
56 87 1.0
104 97 1.0
26 122 1.0
80 54 1.0
107 93 1.0
110 13 1.0
120 127 1.0
51 69 1.0
45 6 1.0
75 20 1.0
34 100 1.0
100 98 1.0
8 95 1.0
73 14 1.0
47 109 1.0
85 128 1.0
123 24 1.0
25 72 1.0
71 114 1.0
94 27 1.0
49 11 1.0
114 113 1.0
119 4 1.0
127 21 1.0
89 36 1.0
74 107 1.0
65 39 1.0
59 111 1.0
56 126 1.0
40 28 1.0
110 78 1.0
54 89 1.0
27 85 1.0
38 26 1.0
61 42 1.0
28 92 1.0
87 35 1.0
18 58 1.0
50 25 1.0
14 19 1.0
76 59 1.0
25 118 1.0
36 18 1.0
84 77 1.0
23 90 1.0
73 60 1.0
121 15 1.0
49 63 1.0
77 47 1.0
35 121 1.0
114 34 1.0
29 81 1.0
73 80 1.0
79 50 1.0
126 86 1.0
113 62 1.0
62 66 1.0
71 91 1.0
8 44 1.0
107 61 1.0
1 72 1.0
80 49 1.0
55 96 1.0
18 55 1.0
122 41 1.0
100 76 1.0
103 119 1.0
29 106 1.0
7 65 1.0
17 84 1.0
82 115 1.0
52 123 1.0
108 125 1.0
35 31 1.0
14 2 1.0
54 112 1.0
104 23 1.0
84 3 1.0
80 101 1.0
56 38 1.0
32 33 1.0
67 116 1.0
95 104 1.0
16 18 1.0
54 115 1.0
26 46 1.0
23 68 1.0
84 71 1.0
106 111 1.0
78 11 1.0
66 21 1.0
39 113 1.0
22 7 1.0
70 4 1.0
80 1 1.0
84 9 1.0
63 73 1.0
114 10 1.0
20 76 1.0
76 20 1.0
12 43 1.0
51 100 1.0
69 40 1.0
34 123 1.0
122 107 1.0
120 17 1.0
46 79 1.0
21 88 1.0
101 105 1.0
49 37 1.0
69 12 1.0
97 51 1.0
82 103 1.0
9 67 1.0
17 109 1.0
30 48 1.0
17 30 1.0
59 27 1.0
51 74 1.0
84 39 1.0
67 63 1.0
59 126 1.0
127 28 1.0
122 121 1.0
14 34 1.0
77 57 1.0
58 98 1.0
96 95 1.0
10 6 1.0
50 90 1.0
112 24 1.0
79 72 1.0
9 114 1.0
75 14 1.0
96 61 1.0
94 128 1.0
114 124 1.0
49 103 1.0
109 86 1.0
104 52 1.0
111 66 1.0
108 110 1.0
98 16 1.0
13 84 1.0
33 53 1.0
1 102 1.0
22 31 1.0
94 117 1.0
25 96 1.0
93 22 1.0
40 5 1.0
105 119 1.0
15 8 1.0
73 97 1.0
7 64 1.0
3 26 1.0
50 127 1.0
50 82 1.0
27 122 1.0
59 29 1.0
11 50 1.0
121 9 1.0
19 80 1.0
2 112 1.0
50 23 1.0
110 49 1.0
45 65 1.0
62 125 1.0
30 84 1.0
128 106 1.0
35 62 1.0
92 45 1.0
2 17 1.0
21 55 1.0
79 115 1.0
61 123 1.0
25 68 1.0
98 87 1.0
15 43 1.0
26 41 1.0
96 76 1.0
7 40 1.0
73 67 1.0
25 48 1.0
60 69 1.0
59 8 1.0
48 64 1.0
14 10 1.0
118 105 1.0
52 37 1.0
36 51 1.0
114 54 1.0
80 12 1.0
104 2 1.0
45 94 1.0
50 35 1.0
36 79 1.0
64 88 1.0
100 58 1.0
88 4 1.0
79 89 1.0
49 113 1.0
72 70 1.0
21 1 1.0
55 99 1.0
120 21 1.0
123 113 1.0
105 27 1.0
66 111 1.0
34 11 1.0
100 39 1.0
115 126 1.0
24 28 1.0
61 36 1.0
114 107 1.0
13 95 1.0
37 33 1.0
97 116 1.0
79 2 1.0
48 3 1.0
96 101 1.0
38 94 1.0
67 75 1.0
6 1 1.0
74 7 1.0
111 4 1.0
100 99 1.0
92 8 1.0
86 97 1.0
110 64 1.0
91 83 1.0
43 127 1.0
89 82 1.0
30 122 1.0
25 69 1.0
43 38 1.0
34 104 1.0
95 93 1.0
55 110 1.0
70 125 1.0
1 53 1.0
50 55 1.0
114 31 1.0
20 117 1.0
101 96 1.0
127 22 1.0
14 87 1.0
101 119 1.0
30 118 1.0
45 18 1.0
24 56 1.0
126 34 1.0
48 81 1.0
93 91 1.0
101 44 1.0
13 33 1.0
41 3 1.0
84 60 1.0
21 78 1.0
7 5 1.0
101 25 1.0
50 19 1.0
119 59 1.0
86 15 1.0
77 108 1.0
28 47 1.0
93 85 1.0
6 26 1.0
74 42 1.0
90 105 1.0
76 120 1.0
48 12 1.0
117 124 1.0
31 103 1.0
89 92 1.0
92 102 1.0
66 32 1.0
52 16 1.0
3 58 1.0
91 6 1.0
59 20 1.0
3 43 1.0
60 100 1.0
125 40 1.0
127 67 1.0
84 109 1.0
80 128 1.0
55 30 1.0
62 73 1.0
20 10 1.0
52 20 1.0
122 43 1.0
70 73 1.0
50 109 1.0
22 10 1.0
8 107 1.0
114 17 1.0
25 100 1.0
74 76 1.0
110 40 1.0
89 65 1.0
45 46 1.0
25 11 1.0
29 115 1.0
40 123 1.0
96 68 1.0
46 50 1.0
85 21 1.0
28 9 1.0
113 71 1.0
59 45 1.0
62 91 1.0
9 23 1.0
47 44 1.0
3 80 1.0
43 112 1.0
87 49 1.0
67 38 1.0
84 18 1.0
56 33 1.0
32 3 1.0
125 60 1.0
90 15 1.0
83 108 1.0
67 127 1.0
75 56 1.0
36 104 1.0
61 29 1.0
51 22 1.0
17 5 1.0
102 85 1.0
72 26 1.0
70 97 1.0
79 106 1.0
33 84 1.0
11 66 1.0
47 124 1.0
8 62 1.0
49 14 1.0
84 61 1.0
26 128 1.0
99 86 1.0
48 24 1.0
34 72 1.0
115 44 1.0
33 77 1.0
86 90 1.0
54 57 1.0
39 60 1.0
128 95 1.0
119 121 1.0
50 34 1.0
88 39 1.0
83 63 1.0
1 126 1.0
36 81 1.0
41 85 1.0
62 74 1.0
105 78 1.0
72 89 1.0
122 42 1.0
73 25 1.0
27 59 1.0
111 92 1.0
62 94 1.0
116 35 1.0
74 88 1.0
110 58 1.0
96 105 1.0
107 79 1.0
84 37 1.0
90 54 1.0
93 12 1.0
45 67 1.0
111 51 1.0
63 48 1.0
15 30 1.0
121 123 1.0
30 55 1.0
20 31 1.0
108 41 1.0
1 96 1.0
91 76 1.0
79 87 1.0
90 119 1.0
96 8 1.0
16 97 1.0
102 13 1.0
116 64 1.0
11 83 1.0
35 127 1.0
20 122 1.0
93 69 1.0
16 38 1.0
27 54 1.0
90 93 1.0
117 79 1.0
121 88 1.0
62 116 1.0
67 56 1.0
75 34 1.0
111 18 1.0
32 118 1.0
42 60 1.0
102 77 1.0
47 90 1.0
124 44 1.0
92 91 1.0
105 23 1.0
36 80 1.0
39 112 1.0
53 49 1.0
73 9 1.0
66 50 1.0
59 62 1.0
10 106 1.0
45 84 1.0
80 45 1.0
73 115 1.0
91 65 1.0
97 125 1.0
122 24 1.0
71 61 1.0
121 72 1.0
101 6 1.0
103 20 1.0
109 114 1.0
122 124 1.0
72 103 1.0
91 66 1.0
92 14 1.0
50 128 1.0
121 86 1.0
88 32 1.0
66 16 1.0
85 31 1.0
112 52 1.0
21 120 1.0
91 117 1.0
86 19 1.0
47 59 1.0
52 53 1.0
26 102 1.0
32 94 1.0
39 35 1.0
99 1 1.0
86 2 1.0
75 101 1.0
25 89 1.0
87 113 1.0
109 70 1.0
83 4 1.0
18 99 1.0
18 39 1.0
111 126 1.0
107 28 1.0
18 27 1.0
26 111 1.0
25 74 1.0
2 57 1.0
53 98 1.0
128 36 1.0
103 107 1.0
56 95 1.0
63 122 1.0
28 104 1.0
4 38 1.0
38 116 1.0
38 93 1.0
100 8 1.0
115 83 1.0
76 97 1.0
96 82 1.0
73 64 1.0
108 127 1.0
72 29 1.0
63 7 1.0
125 112 1.0
57 1 1.0
73 4 1.0
101 21 1.0
5 9 1.0
109 33 1.0
54 3 1.0
38 2 1.0
16 23 1.0
123 101 1.0
23 124 1.0
82 62 1.0
101 66 1.0
13 106 1.0
117 84 1.0
60 24 1.0
81 61 1.0
28 72 1.0
62 14 1.0
28 128 1.0
45 86 1.0
97 117 1.0
122 96 1.0
51 119 1.0
101 22 1.0
102 5 1.0
69 110 1.0
89 16 1.0
64 31 1.0
31 53 1.0
25 55 1.0
9 92 1.0
27 19 1.0
67 102 1.0
1 88 1.0
68 58 1.0
11 105 1.0
57 32 1.0
38 120 1.0
85 103 1.0
98 12 1.0
65 15 1.0
8 108 1.0
109 47 1.0
83 81 1.0
6 85 1.0
91 26 1.0
81 78 1.0
47 89 1.0
69 42 1.0
108 25 1.0
95 59 1.0
18 100 1.0
77 107 1.0
107 17 1.0
47 115 1.0
126 123 1.0
128 68 1.0
77 111 1.0
87 46 1.0
28 11 1.0
104 71 1.0
38 113 1.0
34 67 1.0
101 51 1.0
69 30 1.0
69 109 1.0
84 10 1.0
10 48 1.0
43 73 1.0
93 20 1.0
9 43 1.0
126 76 1.0
37 40 1.0
43 85 1.0
18 108 1.0
63 26 1.0
52 5 1.0
104 42 1.0
50 56 1.0
49 34 1.0
9 18 1.0
10 15 1.0
74 47 1.0
100 29 1.0
121 16 1.0
67 31 1.0
41 52 1.0
60 32 1.0
86 120 1.0
84 25 1.0
14 22 1.0
60 59 1.0
39 53 1.0
108 19 1.0
32 102 1.0
53 71 1.0
89 84 1.0
111 45 1.0
104 50 1.0
46 62 1.0
93 123 1.0
13 107 1.0
27 68 1.0
19 115 1.0
69 65 1.0
49 125 1.0
100 33 1.0
73 3 1.0
59 44 1.0
23 118 1.0
55 60 1.0
55 80 1.0
50 112 1.0
18 49 1.0
65 9 1.0
58 91 1.0
19 23 1.0
78 51 1.0
119 54 1.0
102 69 1.0
27 105 1.0
122 12 1.0
19 79 1.0
45 88 1.0
111 37 1.0
82 92 1.0
92 58 1.0
62 41 1.0
50 17 1.0
31 76 1.0
89 87 1.0
118 40 1.0
72 8 1.0
2 10 1.0
25 43 1.0
122 67 1.0
80 109 1.0
53 48 1.0
35 39 1.0
96 121 1.0
55 126 1.0
15 81 1.0
25 34 1.0
97 95 1.0
113 57 1.0
128 6 1.0
35 98 1.0
94 90 1.0
26 114 1.0
120 94 1.0
108 35 1.0
128 70 1.0
127 4 1.0
126 99 1.0
28 89 1.0
118 42 1.0
55 27 1.0
45 63 1.0
86 74 1.0
57 91 1.0
72 61 1.0
125 72 1.0
116 90 1.0
106 44 1.0
115 118 1.0
30 77 1.0
105 60 1.0
66 34 1.0
80 18 1.0
8 15 1.0
11 121 1.0
42 81 1.0
107 63 1.0
128 74 1.0
122 47 1.0
118 85 1.0
107 89 1.0
77 42 1.0
51 78 1.0
121 59 1.0
32 8 1.0
65 83 1.0
14 76 1.0
38 87 1.0
23 97 1.0
8 41 1.0
74 119 1.0
70 123 1.0
99 96 1.0
64 55 1.0
90 110 1.0
124 125 1.0
119 31 1.0
43 106 1.0
61 84 1.0
92 50 1.0
22 62 1.0
72 66 1.0
57 80 1.0
49 128 1.0
35 86 1.0
86 4 1.0
104 21 1.0
123 99 1.0
109 27 1.0
65 113 1.0
61 2 1.0
111 75 1.0
86 101 1.0
25 70 1.0
2 94 1.0
18 1 1.0
107 38 1.0
98 116 1.0
9 93 1.0
23 33 1.0
14 88 1.0
2 13 1.0
17 64 1.0
29 127 1.0
24 69 1.0
116 122 1.0
49 104 1.0
70 14 1.0
71 124 1.0
87 30 1.0
99 103 1.0
82 66 1.0
115 24 1.0
13 114 1.0
103 109 1.0
14 72 1.0
118 128 1.0
83 100 1.0
100 95 1.0
19 6 1.0
84 20 1.0
39 98 1.0
4 39 1.0
9 111 1.0
3 11 1.0
71 126 1.0
84 36 1.0
37 107 1.0
43 28 1.0
121 57 1.0
79 95 1.0
73 121 1.0
16 107 1.0
90 28 1.0
64 24 1.0
101 114 1.0
120 6 1.0
67 90 1.0
66 98 1.0
119 14 1.0
109 124 1.0
77 86 1.0
6 61 1.0
22 72 1.0
65 128 1.0
31 52 1.0
53 110 1.0
48 120 1.0
46 103 1.0
33 66 1.0
1 19 1.0
87 102 1.0
51 53 1.0
86 16 1.0
51 31 1.0
69 5 1.0
52 97 1.0
56 117 1.0
64 22 1.0
13 119 1.0
7 82 1.0
92 127 1.0
31 29 1.0
1 85 1.0
39 64 1.0
34 26 1.0
24 38 1.0
1 60 1.0
125 56 1.0
79 104 1.0
102 18 1.0
76 33 1.0
31 3 1.0
67 101 1.0
46 91 1.0
98 23 1.0
27 7 1.0
120 112 1.0
127 49 1.0
98 9 1.0
13 4 1.0
78 21 1.0
119 71 1.0
24 11 1.0
103 45 1.0
75 115 1.0
7 111 1.0
30 46 1.0
40 68 1.0
74 123 1.0
121 107 1.0
24 100 1.0
12 40 1.0
119 17 1.0
103 76 1.0
50 20 1.0
79 73 1.0
96 10 1.0
32 43 1.0
31 67 1.0
110 109 1.0
12 48 1.0
61 51 1.0
1 54 1.0
6 30 1.0
66 105 1.0
81 12 1.0
3 79 1.0
102 88 1.0
102 37 1.0
101 92 1.0
64 58 1.0
53 25 1.0
126 94 1.0
104 35 1.0
62 105 1.0
126 12 1.0
75 51 1.0
18 103 1.0
72 30 1.0
90 67 1.0
99 109 1.0
20 48 1.0
35 73 1.0
54 10 1.0
35 43 1.0
55 78 1.0
67 5 1.0
114 59 1.0
112 25 1.0
92 19 1.0
35 92 1.0
71 102 1.0
35 58 1.0
4 32 1.0
67 16 1.0
36 120 1.0
88 34 1.0
19 18 1.0
113 15 1.0
106 56 1.0
35 81 1.0
76 108 1.0
122 26 1.0
101 47 1.0
94 85 1.0
99 42 1.0
76 80 1.0
68 50 1.0
124 49 1.0
92 9 1.0
33 91 1.0
105 112 1.0
24 23 1.0
25 3 1.0
77 44 1.0
18 118 1.0
20 77 1.0
119 60 1.0
122 115 1.0
104 125 1.0
80 68 1.0
124 123 1.0
57 17 1.0
23 55 1.0
84 62 1.0
105 45 1.0
47 106 1.0
19 65 1.0
81 84 1.0
113 8 1.0
48 83 1.0
1 13 1.0
20 64 1.0
128 127 1.0
114 69 1.0
42 41 1.0
49 119 1.0
108 76 1.0
58 87 1.0
47 97 1.0
24 79 1.0
22 88 1.0
26 2 1.0
36 35 1.0
47 101 1.0
2 51 1.0
19 54 1.0
115 105 1.0
117 37 1.0
1 93 1.0
30 27 1.0
38 74 1.0
127 113 1.0
119 39 1.0
127 111 1.0
101 126 1.0
45 70 1.0
109 94 1.0
23 1 1.0
101 99 1.0
103 4 1.0
51 89 1.0
31 115 1.0
73 46 1.0
122 68 1.0
17 71 1.0
84 65 1.0
7 11 1.0
128 41 1.0
4 40 1.0
31 123 1.0
32 17 1.0
57 107 1.0
62 8 1.0
121 10 1.0
37 76 1.0
128 87 1.0
27 43 1.0
33 51 1.0
102 54 1.0
94 67 1.0
36 109 1.0
76 48 1.0
20 69 1.0
5 15 1.0
114 56 1.0
77 29 1.0
68 108 1.0
18 26 1.0
102 47 1.0
92 33 1.0
62 60 1.0
126 118 1.0
71 104 1.0
98 18 1.0
94 112 1.0
58 23 1.0
10 49 1.0
83 91 1.0
78 3 1.0
104 44 1.0
100 21 1.0
18 45 1.0
5 80 1.0
16 50 1.0
95 9 1.0
24 14 1.0
15 61 1.0
24 128 1.0
123 86 1.0
24 124 1.0
26 103 1.0
53 52 1.0
84 120 1.0
105 66 1.0
35 32 1.0
17 16 1.0
117 53 1.0
42 102 1.0
106 31 1.0
125 25 1.0
93 19 1.0
27 22 1.0
56 5 1.0
107 59 1.0
10 85 1.0
128 42 1.0
4 70 1.0
44 1 1.0
63 99 1.0
60 4 1.0
1 21 1.0
35 113 1.0
19 27 1.0
115 74 1.0
64 39 1.0
40 111 1.0
122 126 1.0
120 28 1.0
5 36 1.0
10 107 1.0
90 100 1.0
8 98 1.0
73 95 1.0
113 6 1.0
35 20 1.0
36 24 1.0
100 72 1.0
108 114 1.0
39 27 1.0
120 11 1.0
22 4 1.0
28 21 1.0
24 113 1.0
98 7 1.0
56 1 1.0
115 99 1.0
36 2 1.0
117 94 1.0
115 75 1.0
7 6 1.0
43 20 1.0
29 100 1.0
102 40 1.0
115 95 1.0
25 36 1.0
66 107 1.0
15 39 1.0
96 111 1.0
49 46 1.0
80 28 1.0
73 8 1.0
121 64 1.0
105 83 1.0
126 5 1.0
113 97 1.0
120 117 1.0
54 22 1.0
114 119 1.0
112 96 1.0
56 55 1.0
68 33 1.0
88 3 1.0
112 101 1.0
93 38 1.0
110 116 1.0
44 122 1.0
98 104 1.0
33 93 1.0
81 82 1.0
113 127 1.0
126 29 1.0
102 24 1.0
48 114 1.0
88 14 1.0
86 61 1.0
26 72 1.0
40 128 1.0
74 57 1.0
10 95 1.0
36 77 1.0
97 90 1.0
16 98 1.0
74 110 1.0
127 16 1.0
91 84 1.0
10 53 1.0
18 31 1.0
125 124 1.0
28 86 1.0
8 106 1.0
71 62 1.0
37 66 1.0
106 92 1.0
9 35 1.0
38 25 1.0
55 94 1.0
7 59 1.0
76 105 1.0
68 37 1.0
65 12 1.0
120 79 1.0
40 88 1.0
79 58 1.0
5 39 1.0
31 63 1.0
47 126 1.0
68 121 1.0
122 34 1.0
41 81 1.0
7 78 1.0
11 89 1.0
127 27 1.0
75 74 1.0
92 42 1.0
33 7 1.0
38 4 1.0
10 9 1.0
87 112 1.0
103 23 1.0
25 1 1.0
75 71 1.0
73 111 1.0
18 11 1.0
42 21 1.0
70 113 1.0
122 38 1.0
127 18 1.0
91 122 1.0
113 104 1.0
98 29 1.0
70 2 1.0
73 101 1.0
111 33 1.0
55 3 1.0
57 116 1.0
12 22 1.0
60 5 1.0
24 119 1.0
96 117 1.0
27 96 1.0
76 82 1.0
57 64 1.0
125 26 1.0
4 127 1.0
70 8 1.0
56 97 1.0
103 52 1.0
80 84 1.0
17 66 1.0
31 124 1.0
115 62 1.0
79 53 1.0
67 55 1.0
32 31 1.0
64 110 1.0
74 16 1.0
65 57 1.0
86 98 1.0
107 6 1.0
33 90 1.0
60 114 1.0
114 24 1.0
110 72 1.0
35 14 1.0
95 61 1.0
17 128 1.0
18 86 1.0
125 4 1.0
94 89 1.0
13 42 1.0
72 27 1.0
6 74 1.0
74 39 1.0
121 63 1.0
98 126 1.0
48 28 1.0
64 121 1.0
80 34 1.0
12 95 1.0
52 105 1.0
50 79 1.0
24 37 1.0
112 88 1.0
118 58 1.0
127 2 1.0
101 94 1.0
6 35 1.0
75 70 1.0
5 1 1.0
54 99 1.0
119 8 1.0
23 87 1.0
13 43 1.0
128 64 1.0
52 10 1.0
117 48 1.0
91 67 1.0
121 51 1.0
116 69 1.0
101 54 1.0
106 12 1.0
31 2 1.0
51 94 1.0
26 75 1.0
8 88 1.0
120 101 1.0
5 38 1.0
127 33 1.0
72 116 1.0
7 54 1.0
104 93 1.0
19 13 1.0
83 122 1.0
11 127 1.0
50 69 1.0
109 8 1.0
86 64 1.0
86 83 1.0
122 87 1.0
54 97 1.0
50 41 1.0
105 76 1.0
62 119 1.0
21 96 1.0
31 55 1.0
13 115 1.0
85 123 1.0
34 31 1.0
57 65 1.0
12 125 1.0
93 84 1.0
59 106 1.0
88 66 1.0
108 50 1.0
81 62 1.0
67 9 1.0
2 80 1.0
46 61 1.0
70 49 1.0
24 91 1.0
115 23 1.0
53 44 1.0
83 77 1.0
102 90 1.0
53 60 1.0
89 121 1.0
59 34 1.0
120 81 1.0
36 118 1.0
50 18 1.0
73 85 1.0
85 26 1.0
17 42 1.0
51 15 1.0
7 108 1.0
33 47 1.0
6 25 1.0
25 19 1.0
6 59 1.0
65 78 1.0
103 89 1.0
67 32 1.0
89 88 1.0
93 58 1.0
81 92 1.0
46 35 1.0
43 51 1.0
41 103 1.0
30 12 1.0
68 105 1.0
80 120 1.0
18 73 1.0
66 109 1.0
81 10 1.0
84 67 1.0
119 48 1.0
95 30 1.0
65 100 1.0
98 40 1.0
125 76 1.0
77 20 1.0
97 43 1.0
3 115 1.0
55 46 1.0
104 68 1.0
104 123 1.0
50 107 1.0
83 17 1.0
100 85 1.0
35 63 1.0
126 74 1.0
128 39 1.0
14 47 1.0
124 81 1.0
98 121 1.0
79 34 1.0
1 95 1.0
126 57 1.0
70 60 1.0
63 77 1.0
59 90 1.0
13 44 1.0
82 91 1.0
104 72 1.0
82 80 1.0
83 61 1.0
107 128 1.0
26 86 1.0
80 50 1.0
92 62 1.0
17 106 1.0
63 84 1.0
26 66 1.0
34 110 1.0
8 125 1.0
67 123 1.0
4 55 1.0
28 31 1.0
47 117 1.0
81 96 1.0
128 22 1.0
80 87 1.0
59 119 1.0
78 8 1.0
92 83 1.0
37 97 1.0
16 82 1.0
111 64 1.0
114 127 1.0
86 122 1.0
89 104 1.0
38 69 1.0
1 50 1.0
8 21 1.0
29 9 1.0
16 80 1.0
30 112 1.0
90 49 1.0
99 115 1.0
47 65 1.0
113 46 1.0
105 11 1.0
58 71 1.0
60 45 1.0
52 100 1.0
101 17 1.0
116 123 1.0
73 107 1.0
66 68 1.0
24 73 1.0
50 43 1.0
72 76 1.0
71 20 1.0
109 40 1.0
97 67 1.0
63 51 1.0
52 30 1.0
77 109 1.0
63 10 1.0
61 48 1.0
18 105 1.0
62 79 1.0
72 37 1.0
16 54 1.0
113 12 1.0
108 92 1.0
20 94 1.0
72 35 1.0
26 88 1.0
111 58 1.0
102 89 1.0
124 42 1.0
91 25 1.0
73 78 1.0
85 59 1.0
127 78 1.0
117 5 1.0
66 85 1.0
33 26 1.0
83 42 1.0
5 92 1.0
56 102 1.0
69 25 1.0
76 19 1.0
40 59 1.0
84 118 1.0
75 60 1.0
58 18 1.0
70 33 1.0
100 3 1.0
40 15 1.0
32 108 1.0
30 47 1.0
67 29 1.0
91 56 1.0
47 34 1.0
75 50 1.0
90 62 1.0
50 9 1.0
100 71 1.0
122 45 1.0
45 91 1.0
108 23 1.0
58 44 1.0
84 80 1.0
53 112 1.0
64 49 1.0
102 41 1.0
92 17 1.0
16 55 1.0
12 76 1.0
117 40 1.0
113 65 1.0
46 125 1.0
59 84 1.0
108 115 1.0
112 123 1.0
38 68 1.0
105 94 1.0
118 75 1.0
79 1 1.0
32 2 1.0
113 101 1.0
120 33 1.0
128 3 1.0
9 116 1.0
99 38 1.0
44 93 1.0
106 39 1.0
94 36 1.0
25 126 1.0
2 28 1.0
92 27 1.0
113 111 1.0
62 11 1.0
10 21 1.0
22 113 1.0
20 7 1.0
61 4 1.0
105 99 1.0
21 73 1.0
23 109 1.0
126 10 1.0
116 20 1.0
115 114 1.0
37 100 1.0
56 6 1.0
48 40 1.0
30 107 1.0
14 95 1.0
29 32 1.0
71 16 1.0
16 58 1.0
47 105 1.0
97 120 1.0
100 124 1.0
81 103 1.0
39 66 1.0
128 67 1.0
70 128 1.0
62 30 1.0
85 19 1.0
57 102 1.0
109 25 1.0
60 78 1.0
45 59 1.0
49 89 1.0
86 42 1.0
79 85 1.0
91 108 1.0
36 26 1.0
89 67 1.0
28 51 1.0
116 30 1.0
74 105 1.0
110 103 1.0
60 12 1.0
24 32 1.0
71 120 1.0
84 92 1.0
115 16 1.0
30 58 1.0
123 91 1.0
27 23 1.0
124 80 1.0
80 112 1.0
36 49 1.0
24 9 1.0
45 50 1.0
40 62 1.0
107 106 1.0
114 84 1.0
7 45 1.0
64 15 1.0
61 47 1.0
10 81 1.0
80 56 1.0
104 34 1.0
63 18 1.0
108 118 1.0
97 60 1.0
55 77 1.0
1 90 1.0
50 44 1.0
17 33 1.0
21 3 1.0
6 38 1.0
53 116 1.0
24 93 1.0
94 7 1.0
46 112 1.0
27 1 1.0
47 9 1.0
24 2 1.0
126 23 1.0
22 101 1.0
27 8 1.0
70 83 1.0
120 22 1.0
107 5 1.0
77 97 1.0
45 122 1.0
81 104 1.0
97 82 1.0
53 64 1.0
93 127 1.0
103 29 1.0
1 76 1.0
66 20 1.0
74 40 1.0
45 100 1.0
54 17 1.0
86 109 1.0
74 10 1.0
75 48 1.0
28 73 1.0
119 43 1.0
21 71 1.0
29 11 1.0
52 113 1.0
121 4 1.0
58 21 1.0
128 123 1.0
110 107 1.0
115 28 1.0
128 115 1.0
33 111 1.0
90 46 1.0
48 32 1.0
81 16 1.0
8 31 1.0
73 53 1.0
34 19 1.0
103 102 1.0
22 124 1.0
102 103 1.0
121 66 1.0
19 52 1.0
5 120 1.0
22 24 1.0
124 61 1.0
51 72 1.0
45 14 1.0
33 128 1.0
122 86 1.0
92 57 1.0
58 6 1.0
123 98 1.0
90 20 1.0
61 114 1.0
122 33 1.0
61 3 1.0
87 91 1.0
59 23 1.0
128 44 1.0
55 56 1.0
56 104 1.0
80 38 1.0
126 60 1.0
11 18 1.0
107 85 1.0
35 26 1.0
126 15 1.0
103 108 1.0
14 127 1.0
44 29 1.0
2 117 1.0
127 59 1.0
33 22 1.0
93 5 1.0
117 97 1.0
125 38 1.0
125 93 1.0
46 122 1.0
56 54 1.0
45 69 1.0
21 13 1.0
72 64 1.0
5 127 1.0
93 8 1.0
55 83 1.0
125 97 1.0
53 76 1.0
108 87 1.0
109 41 1.0
115 17 1.0
125 119 1.0
56 123 1.0
120 55 1.0
24 115 1.0
36 65 1.0
9 125 1.0
126 31 1.0
21 107 1.0
50 95 1.0
114 39 1.0
115 121 1.0
62 28 1.0
21 111 1.0
41 74 1.0
63 126 1.0
93 27 1.0
118 89 1.0
20 113 1.0
102 4 1.0
43 99 1.0
94 70 1.0
111 94 1.0
105 35 1.0
119 1 1.0
119 2 1.0
21 101 1.0
118 79 1.0
56 88 1.0
128 116 1.0
74 122 1.0
115 54 1.0
84 93 1.0
34 38 1.0
60 116 1.0
65 8 1.0
63 83 1.0
79 13 1.0
42 64 1.0
40 127 1.0
56 69 1.0
118 70 1.0
36 94 1.0
93 1 1.0
51 99 1.0
59 4 1.0
54 21 1.0
54 33 1.0
41 88 1.0
116 101 1.0
19 2 1.0
109 75 1.0
32 62 1.0
54 66 1.0
68 106 1.0
127 110 1.0
19 84 1.0
102 61 1.0
128 72 1.0
15 49 1.0
38 80 1.0
51 50 1.0
107 86 1.0
2 41 1.0
34 119 1.0
70 76 1.0
27 87 1.0
75 97 1.0
39 115 1.0
79 125 1.0
75 31 1.0
100 123 1.0
74 96 1.0
96 55 1.0
109 19 1.0
110 102 1.0
14 53 1.0
38 31 1.0
10 32 1.0
22 16 1.0
119 120 1.0
71 52 1.0
98 103 1.0
25 66 1.0
55 15 1.0
72 47 1.0
38 29 1.0
31 85 1.0
42 108 1.0
64 26 1.0
73 5 1.0
125 42 1.0
74 25 1.0
117 22 1.0
37 59 1.0
72 100 1.0
38 95 1.0
21 36 1.0
120 107 1.0
119 28 1.0
110 39 1.0
99 111 1.0
24 126 1.0
112 27 1.0
125 11 1.0
17 113 1.0
27 124 1.0
49 30 1.0
25 14 1.0
89 109 1.0
7 72 1.0
38 128 1.0
2 24 1.0
100 114 1.0
12 6 1.0
23 20 1.0
80 98 1.0
113 123 1.0
14 107 1.0
90 41 1.0
76 17 1.0
91 40 1.0
86 76 1.0
47 87 1.0
102 8 1.0
53 10 1.0
38 43 1.0
50 67 1.0
91 109 1.0
51 48 1.0
22 51 1.0
37 54 1.0
55 69 1.0
53 105 1.0
124 12 1.0
68 79 1.0
68 88 1.0
61 37 1.0
108 56 1.0
1 34 1.0
119 18 1.0
75 118 1.0
34 60 1.0
118 33 1.0
36 3 1.0
26 44 1.0
98 91 1.0
32 112 1.0
96 23 1.0
107 80 1.0
113 49 1.0
112 9 1.0
103 50 1.0
15 21 1.0
108 45 1.0
78 71 1.0
5 84 1.0
42 115 1.0
9 65 1.0
1 125 1.0
53 68 1.0
10 24 1.0
69 61 1.0
99 72 1.0
45 90 1.0
54 114 1.0
7 62 1.0
69 66 1.0
87 14 1.0
103 124 1.0
9 128 1.0
97 86 1.0
87 16 1.0
109 31 1.0
41 106 1.0
86 110 1.0
27 84 1.0
69 117 1.0
78 119 1.0
99 53 1.0
78 96 1.0
118 55 1.0
115 25 1.0
26 94 1.0
70 92 1.0
45 35 1.0
122 58 1.0
90 27 1.0
52 42 1.0
39 78 1.0
81 89 1.0
15 59 1.0
102 39 1.0
17 121 1.0
13 81 1.0
43 63 1.0
10 74 1.0
89 126 1.0
114 57 1.0
49 6 1.0
103 98 1.0
92 34 1.0
81 95 1.0
61 76 1.0
28 87 1.0
115 43 1.0
114 8 1.0
88 64 1.0
82 10 1.0
77 123 1.0
27 17 1.0
104 55 1.0
58 41 1.0
14 40 1.0
48 106 1.0
95 65 1.0
29 84 1.0
33 115 1.0
54 125 1.0
70 68 1.0
109 80 1.0
69 50 1.0
53 9 1.0
26 62 1.0
52 45 1.0
109 91 1.0
19 44 1.0
24 112 1.0
123 23 1.0
50 49 1.0
69 118 1.0
66 18 1.0
126 77 1.0
117 3 1.0
37 60 1.0
42 15 1.0
6 108 1.0
50 26 1.0
68 47 1.0
73 56 1.0
46 34 1.0
3 81 1.0
54 78 1.0
14 5 1.0
9 59 1.0
96 85 1.0
40 42 1.0
107 52 1.0
110 66 1.0
94 124 1.0
126 103 1.0
111 86 1.0
26 14 1.0
63 61 1.0
111 128 1.0
109 24 1.0
33 72 1.0
31 114 1.0
26 6 1.0
8 90 1.0
45 98 1.0
4 57 1.0
111 95 1.0
91 121 1.0
67 34 1.0
125 28 1.0
40 39 1.0
49 111 1.0
29 126 1.0
99 27 1.0
2 74 1.0
48 113 1.0
3 4 1.0
6 89 1.0
59 70 1.0
17 94 1.0
107 1 1.0
75 99 1.0
35 2 1.0
124 35 1.0
53 79 1.0
32 88 1.0
128 101 1.0
80 105 1.0
57 37 1.0
92 51 1.0
42 54 1.0
115 12 1.0
105 67 1.0
7 48 1.0
40 69 1.0
80 4 1.0
22 21 1.0
5 45 1.0
60 71 1.0
123 11 1.0
104 115 1.0
117 111 1.0
9 46 1.0
120 68 1.0
107 123 1.0
56 107 1.0
121 38 1.0
77 33 1.0
15 116 1.0
99 3 1.0
14 101 1.0
82 2 1.0
83 112 1.0
60 23 1.0
121 7 1.0
67 1 1.0
116 9 1.0
119 5 1.0
106 97 1.0
115 8 1.0
82 64 1.0
20 26 1.0
52 82 1.0
38 122 1.0
51 127 1.0
99 29 1.0
61 104 1.0
21 18 1.0
22 110 1.0
9 16 1.0
128 120 1.0
78 53 1.0
78 31 1.0
80 96 1.0
20 102 1.0
33 117 1.0
112 22 1.0
25 119 1.0
15 118 1.0
113 34 1.0
71 18 1.0
91 15 1.0
83 121 1.0
68 81 1.0
105 91 1.0
26 90 1.0
85 44 1.0
59 77 1.0
27 60 1.0
33 78 1.0
34 89 1.0
4 59 1.0
56 25 1.0
128 94 1.0
5 63 1.0
39 26 1.0
22 47 1.0
106 85 1.0
110 42 1.0
44 105 1.0
103 37 1.0
29 12 1.0
94 51 1.0
39 103 1.0
58 92 1.0
54 35 1.0
19 58 1.0
125 79 1.0
103 88 1.0
5 76 1.0
78 20 1.0
53 100 1.0
97 40 1.0
40 17 1.0
68 67 1.0
111 109 1.0
66 48 1.0
110 30 1.0
110 73 1.0
18 10 1.0
95 43 1.0
32 52 1.0
103 120 1.0
8 66 1.0
123 124 1.0
10 103 1.0
2 14 1.0
14 61 1.0
2 128 1.0
36 86 1.0
56 24 1.0
106 72 1.0
92 22 1.0
122 5 1.0
54 59 1.0
49 25 1.0
58 19 1.0
118 53 1.0
120 102 1.0
71 31 1.0
107 32 1.0
95 16 1.0
82 38 1.0
37 18 1.0
120 56 1.0
2 104 1.0
33 29 1.0
20 15 1.0
29 108 1.0
49 47 1.0
23 85 1.0
113 26 1.0
49 42 1.0
90 80 1.0
125 50 1.0
66 9 1.0
113 112 1.0
86 23 1.0
72 49 1.0
103 91 1.0
54 44 1.0
53 33 1.0
79 3 1.0
88 60 1.0
68 115 1.0
30 123 1.0
17 46 1.0
79 68 1.0
113 17 1.0
38 107 1.0
118 21 1.0
29 45 1.0
18 71 1.0
104 65 1.0
70 11 1.0
90 8 1.0
56 109 1.0
56 10 1.0
19 67 1.0
32 48 1.0
47 69 1.0
70 100 1.0
120 76 1.0
77 40 1.0
14 20 1.0
91 43 1.0
23 79 1.0
84 88 1.0
32 58 1.0
123 92 1.0
99 35 1.0
65 51 1.0
62 54 1.0
111 12 1.0
6 105 1.0
116 37 1.0
128 27 1.0
54 74 1.0
53 42 1.0
90 39 1.0
59 63 1.0
127 126 1.0
85 81 1.0
8 25 1.0
54 94 1.0
118 59 1.0
100 78 1.0
10 89 1.0
102 57 1.0
47 98 1.0
54 95 1.0
28 121 1.0
124 34 1.0
125 24 1.0
83 72 1.0
1 114 1.0
78 77 1.0
28 90 1.0
46 124 1.0
85 62 1.0
81 86 1.0
46 14 1.0
59 61 1.0
11 128 1.0
10 110 1.0
80 125 1.0
122 84 1.0
91 106 1.0
84 66 1.0
74 117 1.0
43 96 1.0
51 55 1.0
102 53 1.0
12 31 1.0
2 8 1.0
47 5 1.0
101 97 1.0
103 22 1.0
44 119 1.0
9 82 1.0
69 122 1.0
7 69 1.0
32 64 1.0
24 83 1.0
97 127 1.0
42 38 1.0
98 33 1.0
18 116 1.0
11 104 1.0
108 93 1.0
47 3 1.0
19 101 1.0
76 2 1.0
100 94 1.0
82 75 1.0
11 7 1.0
76 1 1.0
70 99 1.0
33 4 1.0
86 21 1.0
91 113 1.0
7 27 1.0
10 11 1.0
14 39 1.0
12 111 1.0
1 46 1.0
38 28 1.0
24 36 1.0
113 107 1.0
39 95 1.0
98 100 1.0
54 40 1.0
117 6 1.0
31 20 1.0
87 43 1.0
103 73 1.0
21 10 1.0
3 67 1.0
40 109 1.0
127 48 1.0
35 30 1.0
3 51 1.0
43 103 1.0
5 105 1.0
121 120 1.0
127 12 1.0
17 32 1.0
105 16 1.0
21 92 1.0
85 102 1.0
34 58 1.0
114 25 1.0
124 19 1.0
31 24 1.0
93 72 1.0
16 6 1.0
65 90 1.0
84 114 1.0
45 57 1.0
60 98 1.0
109 121 1.0
7 34 1.0
42 95 1.0
26 39 1.0
60 126 1.0
128 28 1.0
23 27 1.0
76 63 1.0
114 74 1.0
66 89 1.0
100 42 1.0
55 70 1.0
47 4 1.0
5 99 1.0
41 8 1.0
46 26 1.0
78 97 1.0
44 22 1.0
83 5 1.0
45 117 1.0
36 96 1.0
2 119 1.0
101 53 1.0
80 55 1.0
17 110 1.0
83 16 1.0
108 31 1.0
115 106 1.0
7 84 1.0
114 66 1.0
60 124 1.0
39 62 1.0
54 14 1.0
31 61 1.0
45 128 1.0
66 86 1.0
8 4 1.0
54 9 1.0
34 71 1.0
43 21 1.0
117 113 1.0
100 2 1.0
2 101 1.0
32 7 1.0
88 112 1.0
62 23 1.0
117 1 1.0
50 38 1.0
115 93 1.0
64 33 1.0
104 3 1.0
118 116 1.0
110 82 1.0
71 64 1.0
78 127 1.0
2 122 1.0
43 104 1.0
37 29 1.0
75 67 1.0
40 48 1.0
29 30 1.0
44 51 1.0
105 103 1.0
119 12 1.0
108 20 1.0
68 43 1.0
93 73 1.0
43 109 1.0
29 10 1.0
76 107 1.0
102 17 1.0
17 100 1.0
46 76 1.0
116 40 1.0
50 111 1.0
103 46 1.0
12 11 1.0
126 115 1.0
87 123 1.0
62 68 1.0
76 85 1.0
73 26 1.0
93 78 1.0
21 89 1.0
43 42 1.0
87 121 1.0
119 34 1.0
22 15 1.0
85 108 1.0
65 47 1.0
11 81 1.0
41 32 1.0
128 88 1.0
113 58 1.0
81 105 1.0
57 120 1.0
77 25 1.0
94 59 1.0
30 92 1.0
117 19 1.0
126 35 1.0
119 106 1.0
125 66 1.0
96 50 1.0
29 62 1.0
100 9 1.0
36 123 1.0
69 55 1.0
104 31 1.0
27 115 1.0
71 65 1.0
66 125 1.0
66 84 1.0
72 77 1.0
16 90 1.0
56 118 1.0
4 60 1.0
76 18 1.0
123 80 1.0
49 61 1.0
105 49 1.0
2 91 1.0
100 23 1.0
121 44 1.0
10 13 1.0
34 122 1.0
64 69 1.0
52 54 1.0
62 93 1.0
88 38 1.0
49 33 1.0
107 116 1.0
123 88 1.0
26 101 1.0
110 41 1.0
88 96 1.0
73 76 1.0
77 87 1.0
20 119 1.0
112 8 1.0
21 97 1.0
60 64 1.0
98 83 1.0
10 127 1.0
109 39 1.0
32 126 1.0
23 28 1.0
88 36 1.0
102 107 1.0
91 95 1.0
41 57 1.0
2 98 1.0
97 6 1.0
102 20 1.0
64 114 1.0
30 2 1.0
77 94 1.0
16 75 1.0
108 70 1.0
26 4 1.0
28 1 1.0
112 99 1.0
15 89 1.0
5 113 1.0
17 27 1.0
37 111 1.0
39 74 1.0
