*Vertices 64
1 "V0"
2 "V63"
3 "V52"
4 "V11"
5 "V15"
6 "V48"
7 "V45"
8 "V30"
9 "V29"
10 "V34"
11 "V33"
12 "V27"
13 "V9"
14 "V13"
15 "V17"
16 "V50"
17 "V28"
18 "V31"
19 "V35"
20 "V32"
21 "V46"
22 "V14"
23 "V51"
24 "V49"
25 "V16"
26 "V10"
27 "V53"
28 "V12"
29 "V47"
30 "V22"
31 "V26"
32 "V59"
33 "V37"
34 "V40"
35 "V44"
36 "V41"
37 "V55"
38 "V60"
39 "V58"
40 "V19"
41 "V25"
42 "V62"
43 "V56"
44 "V21"
45 "V23"
46 "V7"
47 "V5"
48 "V3"
49 "V1"
50 "V20"
51 "V61"
52 "V57"
53 "V24"
54 "V54"
55 "V38"
56 "V43"
57 "V42"
58 "V39"
59 "V36"
60 "V18"
61 "V6"
62 "V8"
63 "V4"
64 "V2"
*Arcs
1 21 1.0
30 12 1.0
11 30 1.0
16 21 1.0
47 11 1.0
23 46 1.0
63 9 1.0
4 21 1.0
30 48 1.0
8 19 1.0
58 15 1.0
10 50 1.0
34 23 1.0
1 19 1.0
17 30 1.0
4 49 1.0
39 47 1.0
52 4 1.0
9 61 1.0
13 32 1.0
1 12 1.0
15 51 1.0
29 45 1.0
21 31 1.0
14 51 1.0
15 6 1.0
60 4 1.0
6 12 1.0
59 21 1.0
40 11 1.0
54 4 1.0
37 1 1.0
46 15 1.0
33 60 1.0
62 46 1.0
41 60 1.0
56 46 1.0
23 20 1.0
35 17 1.0
29 10 1.0
51 9 1.0
31 32 1.0
22 21 1.0
20 34 1.0
11 15 1.0
5 64 1.0
48 35 1.0
51 17 1.0
30 16 1.0
31 30 1.0
16 57 1.0
55 1 1.0
44 5 1.0
43 55 1.0
43 5 1.0
13 21 1.0
58 5 1.0
12 63 1.0
26 8 1.0
7 61 1.0
7 15 1.0
38 27 1.0
43 26 1.0
42 63 1.0
17 8 1.0
25 1 1.0
10 48 1.0
47 49 1.0
10 12 1.0
49 39 1.0
23 18 1.0
15 4 1.0
47 56 1.0
2 64 1.0
45 5 1.0
19 15 1.0
61 55 1.0
3 60 1.0
27 57 1.0
61 48 1.0
28 3 1.0
53 46 1.0
36 23 1.0
56 58 1.0
57 8 1.0
58 60 1.0
49 1 1.0
8 60 1.0
14 48 1.0
38 29 1.0
18 27 1.0
32 61 1.0
60 15 1.0
64 47 1.0
40 2 1.0
24 23 1.0
6 49 1.0
50 39 1.0
31 28 1.0
22 49 1.0
56 1 1.0
3 18 1.0
35 64 1.0
6 58 1.0
33 39 1.0
41 25 1.0
54 41 1.0
62 9 1.0
46 13 1.0
37 13 1.0
12 8 1.0
63 39 1.0
44 49 1.0
23 39 1.0
16 41 1.0
30 6 1.0
48 8 1.0
5 35 1.0
42 48 1.0
20 31 1.0
51 16 1.0
11 20 1.0
39 5 1.0
52 36 1.0
4 8 1.0
34 46 1.0
9 5 1.0
28 63 1.0
18 59 1.0
19 13 1.0
45 4 1.0
34 39 1.0
19 58 1.0
22 3 1.0
59 48 1.0
26 6 1.0
60 14 1.0
27 9 1.0
46 35 1.0
21 8 1.0
29 14 1.0
1 44 1.0
9 11 1.0
49 15 1.0
60 1 1.0
38 58 1.0
32 53 1.0
57 63 1.0
14 26 1.0
8 31 1.0
34 3 1.0
35 7 1.0
14 37 1.0
36 20 1.0
53 47 1.0
33 44 1.0
55 2 1.0
40 22 1.0
50 46 1.0
37 50 1.0
45 52 1.0
62 21 1.0
6 9 1.0
24 45 1.0
64 9 1.0
18 58 1.0
64 24 1.0
40 39 1.0
17 38 1.0
25 3 1.0
7 35 1.0
51 48 1.0
52 57 1.0
21 20 1.0
58 56 1.0
12 13 1.0
43 31 1.0
26 1 1.0
13 12 1.0
52 30 1.0
59 56 1.0
61 27 1.0
45 48 1.0
3 39 1.0
3 1 1.0
53 4 1.0
47 3 1.0
15 13 1.0
2 31 1.0
10 1 1.0
61 35 1.0
2 35 1.0
19 35 1.0
64 39 1.0
40 46 1.0
46 26 1.0
4 1 1.0
59 29 1.0
59 13 1.0
5 28 1.0
62 52 1.0
7 48 1.0
41 11 1.0
27 26 1.0
41 15 1.0
54 39 1.0
9 47 1.0
36 19 1.0
39 29 1.0
4 10 1.0
39 54 1.0
28 35 1.0
60 42 1.0
8 22 1.0
29 9 1.0
1 35 1.0
49 29 1.0
29 21 1.0
16 29 1.0
23 5 1.0
63 35 1.0
44 51 1.0
11 49 1.0
17 39 1.0
34 28 1.0
58 26 1.0
20 52 1.0
26 2 1.0
52 64 1.0
30 50 1.0
35 55 1.0
24 35 1.0
27 21 1.0
56 49 1.0
31 62 1.0
22 48 1.0
51 23 1.0
42 44 1.0
20 10 1.0
5 57 1.0
48 6 1.0
3 5 1.0
27 60 1.0
61 29 1.0
45 15 1.0
19 22 1.0
33 32 1.0
57 14 1.0
36 39 1.0
36 44 1.0
28 13 1.0
32 30 1.0
53 50 1.0
21 1 1.0
39 53 1.0
42 27 1.0
7 31 1.0
17 63 1.0
25 39 1.0
46 23 1.0
2 15 1.0
48 56 1.0
10 51 1.0
15 12 1.0
47 64 1.0
50 49 1.0
13 11 1.0
50 23 1.0
55 15 1.0
33 19 1.0
53 11 1.0
43 15 1.0
13 39 1.0
54 27 1.0
12 48 1.0
37 6 1.0
31 11 1.0
18 20 1.0
57 25 1.0
38 15 1.0
14 17 1.0
32 15 1.0
22 56 1.0
50 21 1.0
18 48 1.0
24 61 1.0
64 1 1.0
6 13 1.0
48 64 1.0
39 17 1.0
2 12 1.0
4 35 1.0
52 49 1.0
9 54 1.0
17 48 1.0
26 56 1.0
30 21 1.0
34 1 1.0
9 59 1.0
11 14 1.0
58 10 1.0
44 64 1.0
11 13 1.0
23 50 1.0
63 36 1.0
16 62 1.0
63 13 1.0
20 61 1.0
5 48 1.0
35 14 1.0
5 49 1.0
42 31 1.0
51 13 1.0
56 57 1.0
56 48 1.0
16 37 1.0
22 47 1.0
38 30 1.0
31 48 1.0
54 26 1.0
54 44 1.0
41 50 1.0
62 56 1.0
21 17 1.0
33 52 1.0
25 50 1.0
28 29 1.0
59 31 1.0
40 50 1.0
46 30 1.0
6 5 1.0
49 7 1.0
1 29 1.0
29 6 1.0
8 28 1.0
60 48 1.0
35 48 1.0
7 4 1.0
25 48 1.0
32 9 1.0
42 21 1.0
37 17 1.0
12 30 1.0
43 45 1.0
12 23 1.0
26 63 1.0
37 12 1.0
55 4 1.0
41 48 1.0
44 6 1.0
55 11 1.0
44 15 1.0
13 37 1.0
24 6 1.0
64 22 1.0
24 14 1.0
48 51 1.0
20 41 1.0
50 26 1.0
38 21 1.0
49 23 1.0
14 11 1.0
32 54 1.0
18 14 1.0
8 47 1.0
28 9 1.0
53 22 1.0
57 56 1.0
55 19 1.0
36 26 1.0
57 21 1.0
45 29 1.0
19 5 1.0
27 10 1.0
47 25 1.0
3 48 1.0
61 21 1.0
10 9 1.0
15 7 1.0
21 47 1.0
62 13 1.0
25 46 1.0
63 47 1.0
2 13 1.0
