*Vertices 256
1 "V0"
2 "V174"
3 "V233"
4 "V89"
5 "V85"
6 "V119"
7 "V178"
8 "V30"
9 "V34"
10 "V64"
11 "V208"
12 "V123"
13 "V212"
14 "V9"
15 "V68"
16 "V153"
17 "V13"
18 "V17"
19 "V157"
20 "V246"
21 "V161"
22 "V102"
23 "V250"
24 "V106"
25 "V191"
26 "V51"
27 "V47"
28 "V195"
29 "V136"
30 "V225"
31 "V229"
32 "V140"
33 "V81"
34 "V22"
35 "V26"
36 "V255"
37 "V170"
38 "V111"
39 "V200"
40 "V115"
41 "V60"
42 "V56"
43 "V204"
44 "V145"
45 "V234"
46 "V5"
47 "V238"
48 "V1"
49 "V149"
50 "V90"
51 "V183"
52 "V242"
53 "V98"
54 "V94"
55 "V128"
56 "V187"
57 "V43"
58 "V39"
59 "V73"
60 "V217"
61 "V132"
62 "V221"
63 "V18"
64 "V77"
65 "V162"
66 "V166"
67 "V196"
68 "V137"
69 "V52"
70 "V48"
71 "V251"
72 "V192"
73 "V107"
74 "V103"
75 "V27"
76 "V86"
77 "V171"
78 "V175"
79 "V82"
80 "V141"
81 "V226"
82 "V230"
83 "V120"
84 "V209"
85 "V124"
86 "V31"
87 "V35"
88 "V179"
89 "V243"
90 "V14"
91 "V247"
92 "V10"
93 "V158"
94 "V99"
95 "V65"
96 "V213"
97 "V69"
98 "V154"
99 "V133"
100 "V218"
101 "V40"
102 "V44"
103 "V129"
104 "V188"
105 "V252"
106 "V19"
107 "V167"
108 "V23"
109 "V108"
110 "V74"
111 "V222"
112 "V78"
113 "V163"
114 "V205"
115 "V146"
116 "V61"
117 "V57"
118 "V201"
119 "V116"
120 "V112"
121 "V36"
122 "V95"
123 "V180"
124 "V184"
125 "V91"
126 "V150"
127 "V235"
128 "V6"
129 "V239"
130 "V2"
131 "V159"
132 "V100"
133 "V11"
134 "V248"
135 "V244"
136 "V15"
137 "V104"
138 "V45"
139 "V193"
140 "V189"
141 "V210"
142 "V121"
143 "V125"
144 "V155"
145 "V214"
146 "V66"
147 "V70"
148 "V87"
149 "V172"
150 "V231"
151 "V28"
152 "V32"
153 "V117"
154 "V176"
155 "V49"
156 "V53"
157 "V197"
158 "V138"
159 "V227"
160 "V142"
161 "V83"
162 "V96"
163 "V181"
164 "V240"
165 "V37"
166 "V41"
167 "V126"
168 "V185"
169 "V58"
170 "V62"
171 "V206"
172 "V147"
173 "V7"
174 "V3"
175 "V236"
176 "V151"
177 "V92"
178 "V168"
179 "V109"
180 "V20"
181 "V253"
182 "V24"
183 "V113"
184 "V54"
185 "V202"
186 "V198"
187 "V219"
188 "V130"
189 "V134"
190 "V164"
191 "V223"
192 "V75"
193 "V79"
194 "V63"
195 "V122"
196 "V211"
197 "V207"
198 "V118"
199 "V177"
200 "V29"
201 "V33"
202 "V173"
203 "V232"
204 "V84"
205 "V88"
206 "V228"
207 "V143"
208 "V139"
209 "V50"
210 "V135"
211 "V194"
212 "V190"
213 "V105"
214 "V46"
215 "V249"
216 "V16"
217 "V12"
218 "V245"
219 "V160"
220 "V101"
221 "V71"
222 "V67"
223 "V215"
224 "V156"
225 "V144"
226 "V59"
227 "V203"
228 "V199"
229 "V114"
230 "V55"
231 "V25"
232 "V21"
233 "V254"
234 "V169"
235 "V110"
236 "V76"
237 "V80"
238 "V224"
239 "V165"
240 "V72"
241 "V131"
242 "V220"
243 "V216"
244 "V127"
245 "V186"
246 "V38"
247 "V42"
248 "V182"
249 "V241"
250 "V93"
251 "V97"
252 "V237"
253 "V152"
254 "V8"
255 "V148"
256 "V4"
*Arcs
129 127 1.0
130 1 1.0
53 148 1.0
151 163 1.0
225 201 1.0
123 142 1.0
28 243 1.0
107 146 1.0
39 131 1.0
152 92 1.0
11 215 1.0
238 132 1.0
237 67 1.0
113 214 1.0
109 29 1.0
237 193 1.0
214 159 1.0
82 149 1.0
78 35 1.0
88 183 1.0
113 84 1.0
140 126 1.0
214 174 1.0
140 169 1.0
220 56 1.0
60 129 1.0
140 125 1.0
133 55 1.0
188 246 1.0
47 190 1.0
192 62 1.0
102 59 1.0
56 24 1.0
57 233 1.0
64 90 1.0
227 160 1.0
186 26 1.0
198 118 1.0
168 204 1.0
219 150 1.0
211 86 1.0
23 199 1.0
116 19 1.0
200 173 1.0
3 20 1.0
39 153 1.0
54 145 1.0
117 170 1.0
85 189 1.0
189 30 1.0
142 251 1.0
153 72 1.0
112 57 1.0
172 179 1.0
102 34 1.0
128 114 1.0
197 64 1.0
208 178 1.0
84 175 1.0
125 48 1.0
90 4 1.0
50 184 1.0
161 115 1.0
194 97 1.0
165 100 1.0
52 12 1.0
18 168 1.0
218 9 1.0
86 155 1.0
3 157 1.0
146 105 1.0
184 22 1.0
77 21 1.0
194 217 1.0
172 151 1.0
135 78 1.0
247 33 1.0
29 206 1.0
178 208 1.0
234 256 1.0
140 16 1.0
204 41 1.0
236 196 1.0
74 40 1.0
112 110 1.0
204 191 1.0
166 107 1.0
106 63 1.0
189 73 1.0
129 250 1.0
119 249 1.0
229 140 1.0
44 101 1.0
64 103 1.0
107 88 1.0
76 201 1.0
117 142 1.0
233 223 1.0
127 95 1.0
39 227 1.0
248 69 1.0
150 207 1.0
47 45 1.0
84 76 1.0
189 81 1.0
58 29 1.0
248 138 1.0
149 77 1.0
197 112 1.0
112 215 1.0
50 14 1.0
155 131 1.0
139 28 1.0
73 94 1.0
187 50 1.0
21 130 1.0
207 47 1.0
53 143 1.0
99 245 1.0
18 165 1.0
238 120 1.0
233 231 1.0
79 49 1.0
50 197 1.0
236 169 1.0
40 80 1.0
240 150 1.0
141 137 1.0
34 26 1.0
143 39 1.0
89 21 1.0
103 181 1.0
46 17 1.0
34 187 1.0
243 221 1.0
224 135 1.0
151 162 1.0
171 25 1.0
201 116 1.0
57 224 1.0
186 128 1.0
86 153 1.0
108 96 1.0
109 161 1.0
183 199 1.0
164 8 1.0
34 184 1.0
6 43 1.0
118 109 1.0
42 106 1.0
27 178 1.0
71 236 1.0
225 238 1.0
203 61 1.0
102 247 1.0
234 23 1.0
169 133 1.0
99 222 1.0
99 219 1.0
191 243 1.0
101 195 1.0
106 9 1.0
51 248 1.0
26 175 1.0
94 205 1.0
210 44 1.0
19 1 1.0
14 176 1.0
234 226 1.0
123 141 1.0
144 177 1.0
99 164 1.0
158 174 1.0
199 58 1.0
237 104 1.0
124 59 1.0
163 111 1.0
98 55 1.0
187 67 1.0
250 220 1.0
116 158 1.0
75 70 1.0
170 202 1.0
250 159 1.0
207 193 1.0
130 229 1.0
172 75 1.0
242 6 1.0
42 223 1.0
57 10 1.0
69 93 1.0
23 91 1.0
241 254 1.0
138 53 1.0
2 57 1.0
243 72 1.0
133 210 1.0
119 239 1.0
245 216 1.0
183 36 1.0
42 73 1.0
201 227 1.0
50 69 1.0
1 207 1.0
154 203 1.0
241 76 1.0
30 7 1.0
200 152 1.0
172 100 1.0
143 85 1.0
166 121 1.0
115 168 1.0
129 4 1.0
214 186 1.0
238 22 1.0
117 181 1.0
198 217 1.0
139 21 1.0
139 97 1.0
152 38 1.0
231 37 1.0
205 182 1.0
242 64 1.0
154 30 1.0
6 252 1.0
159 48 1.0
228 255 1.0
92 42 1.0
74 171 1.0
141 140 1.0
129 101 1.0
209 46 1.0
240 98 1.0
107 54 1.0
247 52 1.0
5 107 1.0
31 63 1.0
242 188 1.0
163 192 1.0
201 238 1.0
56 31 1.0
238 33 1.0
41 154 1.0
197 155 1.0
173 32 1.0
138 13 1.0
199 41 1.0
245 151 1.0
91 40 1.0
5 29 1.0
59 67 1.0
35 214 1.0
147 193 1.0
163 81 1.0
67 131 1.0
189 243 1.0
113 146 1.0
230 132 1.0
106 92 1.0
50 215 1.0
58 123 1.0
164 76 1.0
2 142 1.0
153 201 1.0
92 156 1.0
214 43 1.0
153 109 1.0
39 127 1.0
173 225 1.0
36 181 1.0
219 24 1.0
151 118 1.0
244 26 1.0
92 160 1.0
246 167 1.0
178 187 1.0
218 240 1.0
80 190 1.0
141 17 1.0
1 126 1.0
221 129 1.0
252 130 1.0
220 125 1.0
120 246 1.0
248 245 1.0
56 149 1.0
209 35 1.0
115 183 1.0
176 169 1.0
87 84 1.0
56 43 1.0
45 109 1.0
139 232 1.0
73 178 1.0
10 30 1.0
190 64 1.0
122 189 1.0
141 247 1.0
54 72 1.0
231 251 1.0
84 218 1.0
105 128 1.0
234 224 1.0
48 170 1.0
200 145 1.0
88 153 1.0
26 86 1.0
13 199 1.0
209 204 1.0
177 150 1.0
39 78 1.0
229 151 1.0
71 158 1.0
53 206 1.0
256 33 1.0
199 157 1.0
108 155 1.0
70 217 1.0
115 71 1.0
159 220 1.0
246 97 1.0
30 60 1.0
225 21 1.0
37 9 1.0
68 195 1.0
248 205 1.0
192 175 1.0
40 51 1.0
226 184 1.0
117 48 1.0
155 115 1.0
168 95 1.0
212 223 1.0
34 142 1.0
32 88 1.0
3 152 1.0
99 138 1.0
243 211 1.0
165 215 1.0
42 14 1.0
1 94 1.0
86 131 1.0
31 231 1.0
93 37 1.0
189 112 1.0
246 81 1.0
219 210 1.0
42 130 1.0
41 49 1.0
29 117 1.0
111 171 1.0
5 120 1.0
198 16 1.0
32 256 1.0
166 249 1.0
178 229 1.0
87 196 1.0
89 226 1.0
170 103 1.0
106 191 1.0
68 250 1.0
221 140 1.0
6 101 1.0
7 18 1.0
235 73 1.0
182 110 1.0
239 66 1.0
208 3 1.0
171 76 1.0
131 69 1.0
2 227 1.0
225 207 1.0
83 89 1.0
61 46 1.0
256 224 1.0
61 25 1.0
210 122 1.0
159 61 1.0
201 247 1.0
254 178 1.0
204 238 1.0
10 236 1.0
123 109 1.0
166 106 1.0
50 44 1.0
142 156 1.0
236 43 1.0
221 205 1.0
20 127 1.0
68 1 1.0
223 142 1.0
48 9 1.0
69 248 1.0
43 252 1.0
196 50 1.0
120 245 1.0
1 165 1.0
10 143 1.0
242 100 1.0
51 221 1.0
252 21 1.0
28 217 1.0
24 181 1.0
69 74 1.0
103 228 1.0
149 209 1.0
164 32 1.0
177 79 1.0
93 82 1.0
31 154 1.0
150 8 1.0
133 153 1.0
8 116 1.0
11 13 1.0
150 26 1.0
191 118 1.0
155 73 1.0
159 233 1.0
195 90 1.0
256 239 1.0
255 59 1.0
107 111 1.0
64 55 1.0
115 58 1.0
49 56 1.0
157 19 1.0
76 254 1.0
168 194 1.0
87 223 1.0
211 6 1.0
159 86 1.0
117 7 1.0
89 150 1.0
57 76 1.0
111 160 1.0
176 29 1.0
226 159 1.0
138 220 1.0
242 27 1.0
212 67 1.0
243 131 1.0
81 215 1.0
201 133 1.0
171 243 1.0
42 222 1.0
116 164 1.0
148 174 1.0
227 125 1.0
20 169 1.0
212 126 1.0
197 183 1.0
81 84 1.0
122 193 1.0
42 202 1.0
245 35 1.0
75 31 1.0
67 208 1.0
200 154 1.0
95 33 1.0
52 105 1.0
240 217 1.0
212 21 1.0
177 155 1.0
256 186 1.0
122 22 1.0
119 54 1.0
186 256 1.0
96 249 1.0
208 188 1.0
255 140 1.0
157 101 1.0
31 40 1.0
199 151 1.0
152 98 1.0
37 196 1.0
207 41 1.0
60 64 1.0
190 30 1.0
11 178 1.0
184 108 1.0
161 235 1.0
67 251 1.0
128 91 1.0
241 72 1.0
32 57 1.0
244 189 1.0
24 168 1.0
128 121 1.0
94 85 1.0
213 100 1.0
148 97 1.0
5 171 1.0
14 230 1.0
12 255 1.0
109 252 1.0
228 48 1.0
77 4 1.0
225 245 1.0
95 165 1.0
159 130 1.0
96 49 1.0
17 125 1.0
187 47 1.0
6 113 1.0
30 181 1.0
97 17 1.0
48 167 1.0
78 240 1.0
161 187 1.0
29 81 1.0
187 112 1.0
105 77 1.0
51 138 1.0
15 29 1.0
180 84 1.0
4 169 1.0
75 35 1.0
241 183 1.0
120 243 1.0
98 142 1.0
250 201 1.0
211 88 1.0
141 76 1.0
60 28 1.0
210 94 1.0
204 215 1.0
65 14 1.0
142 131 1.0
231 146 1.0
231 109 1.0
27 107 1.0
108 63 1.0
116 192 1.0
128 238 1.0
123 127 1.0
218 207 1.0
96 69 1.0
129 227 1.0
247 195 1.0
28 60 1.0
123 222 1.0
249 219 1.0
68 71 1.0
225 133 1.0
19 220 1.0
96 70 1.0
82 67 1.0
43 158 1.0
230 178 1.0
215 106 1.0
185 109 1.0
68 43 1.0
8 184 1.0
28 44 1.0
75 48 1.0
221 175 1.0
49 205 1.0
209 51 1.0
99 9 1.0
99 224 1.0
61 116 1.0
215 96 1.0
140 162 1.0
102 218 1.0
242 128 1.0
151 189 1.0
192 247 1.0
197 25 1.0
182 64 1.0
36 238 1.0
44 39 1.0
208 24 1.0
31 80 1.0
220 26 1.0
197 199 1.0
64 150 1.0
130 204 1.0
79 153 1.0
1 86 1.0
137 37 1.0
88 231 1.0
85 210 1.0
67 30 1.0
15 112 1.0
5 139 1.0
104 57 1.0
206 134 1.0
60 254 1.0
59 53 1.0
88 10 1.0
190 223 1.0
215 93 1.0
68 152 1.0
139 83 1.0
225 76 1.0
62 203 1.0
59 88 1.0
244 69 1.0
155 207 1.0
138 227 1.0
205 73 1.0
194 66 1.0
58 18 1.0
36 59 1.0
28 111 1.0
2 55 1.0
27 101 1.0
62 104 1.0
137 250 1.0
134 164 1.0
130 256 1.0
11 253 1.0
186 226 1.0
150 141 1.0
241 229 1.0
123 75 1.0
232 78 1.0
138 237 1.0
61 159 1.0
219 109 1.0
169 43 1.0
64 156 1.0
87 44 1.0
127 241 1.0
64 238 1.0
226 236 1.0
210 107 1.0
256 106 1.0
115 144 1.0
9 89 1.0
179 46 1.0
99 122 1.0
135 101 1.0
39 212 1.0
104 8 1.0
113 154 1.0
251 119 1.0
157 13 1.0
181 41 1.0
152 32 1.0
185 186 1.0
44 209 1.0
204 79 1.0
134 31 1.0
150 21 1.0
96 100 1.0
111 97 1.0
134 22 1.0
2 217 1.0
193 181 1.0
57 245 1.0
58 50 1.0
245 85 1.0
85 121 1.0
101 117 1.0
19 171 1.0
110 120 1.0
104 252 1.0
129 48 1.0
150 255 1.0
