*Vertices 16
1 "V0"
2 "V13"
3 "V11"
4 "V15"
5 "V14"
6 "V10"
7 "V12"
8 "V7"
9 "V9"
10 "V5"
11 "V3"
12 "V1"
13 "V6"
14 "V8"
15 "V4"
16 "V2"
*Arcs
6 1 1.0
3 9 1.0
7 3 1.0
12 13 1.0
1 14 1.0
4 5 1.0
7 2 1.0
14 4 1.0
3 7 1.0
10 2 1.0
9 7 1.0
16 2 1.0
1 7 1.0
6 3 1.0
3 14 1.0
11 9 1.0
15 3 1.0
4 15 1.0
12 11 1.0
6 12 1.0
11 12 1.0
3 1 1.0
11 8 1.0
10 14 1.0
7 14 1.0
9 3 1.0
2 7 1.0
14 7 1.0
8 2 1.0
10 5 1.0
12 2 1.0
6 5 1.0
9 8 1.0
6 2 1.0
5 10 1.0
12 14 1.0
7 13 1.0
8 14 1.0
3 15 1.0
5 12 1.0
14 12 1.0
16 12 1.0
