*Vertices 64
1 "V0"
2 "V63"
3 "V52"
4 "V11"
5 "V15"
6 "V48"
7 "V45"
8 "V30"
9 "V29"
10 "V34"
11 "V33"
12 "V27"
13 "V9"
14 "V13"
15 "V17"
16 "V50"
17 "V28"
18 "V31"
19 "V35"
20 "V32"
21 "V46"
22 "V14"
23 "V51"
24 "V49"
25 "V16"
26 "V10"
27 "V53"
28 "V12"
29 "V47"
30 "V22"
31 "V26"
32 "V59"
33 "V37"
34 "V40"
35 "V44"
36 "V41"
37 "V55"
38 "V60"
39 "V58"
40 "V19"
41 "V25"
42 "V62"
43 "V56"
44 "V21"
45 "V23"
46 "V7"
47 "V5"
48 "V3"
49 "V1"
50 "V20"
51 "V61"
52 "V57"
53 "V24"
54 "V54"
55 "V38"
56 "V43"
57 "V42"
58 "V39"
59 "V36"
60 "V18"
61 "V6"
62 "V8"
63 "V4"
64 "V2"
*Arcs
1 21 1.0
30 55 1.0
11 20 1.0
16 51 1.0
47 27 1.0
23 2 1.0
63 40 1.0
4 49 1.0
30 25 1.0
8 28 1.0
58 17 1.0
10 64 1.0
34 5 1.0
1 15 1.0
17 5 1.0
4 39 1.0
39 48 1.0
52 24 1.0
9 4 1.0
13 39 1.0
1 64 1.0
15 36 1.0
29 42 1.0
21 64 1.0
14 17 1.0
15 60 1.0
60 15 1.0
6 43 1.0
59 44 1.0
40 5 1.0
54 35 1.0
37 5 1.0
46 51 1.0
33 20 1.0
62 11 1.0
41 40 1.0
56 60 1.0
23 4 1.0
35 4 1.0
29 18 1.0
51 4 1.0
31 27 1.0
22 15 1.0
20 51 1.0
11 60 1.0
5 28 1.0
48 64 1.0
51 39 1.0
30 64 1.0
31 40 1.0
16 59 1.0
55 1 1.0
44 33 1.0
43 36 1.0
43 10 1.0
13 35 1.0
58 59 1.0
12 35 1.0
26 1 1.0
7 15 1.0
7 5 1.0
38 60 1.0
43 1 1.0
42 25 1.0
17 35 1.0
25 62 1.0
10 28 1.0
47 35 1.0
10 48 1.0
49 47 1.0
23 47 1.0
15 4 1.0
47 43 1.0
2 5 1.0
45 39 1.0
19 64 1.0
61 51 1.0
3 54 1.0
27 11 1.0
61 62 1.0
28 17 1.0
53 63 1.0
36 3 1.0
56 8 1.0
57 64 1.0
58 36 1.0
49 26 1.0
8 46 1.0
14 55 1.0
38 9 1.0
18 5 1.0
32 33 1.0
60 5 1.0
64 47 1.0
40 4 1.0
24 2 1.0
6 53 1.0
50 35 1.0
31 47 1.0
22 64 1.0
56 59 1.0
3 43 1.0
35 64 1.0
6 27 1.0
33 23 1.0
41 7 1.0
54 41 1.0
62 28 1.0
46 17 1.0
37 12 1.0
12 62 1.0
63 12 1.0
44 26 1.0
23 34 1.0
16 44 1.0
30 24 1.0
48 26 1.0
5 15 1.0
42 5 1.0
20 25 1.0
51 63 1.0
11 18 1.0
39 27 1.0
52 29 1.0
4 26 1.0
34 20 1.0
9 33 1.0
28 40 1.0
18 64 1.0
19 56 1.0
45 10 1.0
34 22 1.0
19 28 1.0
22 41 1.0
59 13 1.0
26 43 1.0
60 48 1.0
27 56 1.0
46 56 1.0
21 35 1.0
29 9 1.0
1 40 1.0
9 20 1.0
49 64 1.0
60 2 1.0
38 62 1.0
32 13 1.0
57 20 1.0
14 2 1.0
8 1 1.0
34 15 1.0
35 47 1.0
14 13 1.0
36 26 1.0
53 62 1.0
33 9 1.0
55 11 1.0
40 33 1.0
50 1 1.0
37 10 1.0
45 56 1.0
62 19 1.0
6 48 1.0
24 55 1.0
64 1 1.0
18 33 1.0
64 29 1.0
40 55 1.0
17 15 1.0
25 15 1.0
7 55 1.0
51 36 1.0
52 59 1.0
21 50 1.0
58 10 1.0
12 31 1.0
43 62 1.0
26 36 1.0
13 33 1.0
52 58 1.0
59 33 1.0
61 39 1.0
45 60 1.0
3 58 1.0
3 48 1.0
53 33 1.0
47 9 1.0
15 56 1.0
2 59 1.0
10 40 1.0
61 15 1.0
2 1 1.0
19 43 1.0
64 18 1.0
40 64 1.0
46 63 1.0
4 22 1.0
59 55 1.0
59 40 1.0
5 2 1.0
62 47 1.0
7 54 1.0
41 48 1.0
27 60 1.0
41 11 1.0
54 1 1.0
9 28 1.0
36 54 1.0
39 54 1.0
4 13 1.0
39 47 1.0
28 62 1.0
60 8 1.0
8 60 1.0
29 36 1.0
1 6 1.0
49 27 1.0
29 19 1.0
16 4 1.0
23 5 1.0
63 20 1.0
44 49 1.0
11 19 1.0
17 30 1.0
34 24 1.0
58 55 1.0
20 28 1.0
26 8 1.0
52 32 1.0
30 32 1.0
35 15 1.0
24 4 1.0
27 26 1.0
56 40 1.0
31 1 1.0
22 48 1.0
51 64 1.0
42 8 1.0
20 22 1.0
5 48 1.0
48 52 1.0
3 40 1.0
27 64 1.0
61 30 1.0
45 28 1.0
19 7 1.0
33 27 1.0
57 25 1.0
36 48 1.0
36 35 1.0
28 63 1.0
32 15 1.0
53 4 1.0
21 51 1.0
39 1 1.0
42 43 1.0
7 8 1.0
17 13 1.0
25 27 1.0
46 6 1.0
2 16 1.0
48 9 1.0
10 51 1.0
15 51 1.0
47 42 1.0
50 56 1.0
13 64 1.0
50 20 1.0
55 51 1.0
33 26 1.0
53 17 1.0
43 56 1.0
13 22 1.0
54 38 1.0
12 53 1.0
37 24 1.0
31 4 1.0
18 60 1.0
57 9 1.0
38 64 1.0
14 48 1.0
32 35 1.0
22 28 1.0
50 48 1.0
18 17 1.0
24 22 1.0
64 49 1.0
6 14 1.0
48 3 1.0
39 59 1.0
2 55 1.0
4 7 1.0
52 11 1.0
9 51 1.0
17 4 1.0
26 21 1.0
30 40 1.0
34 14 1.0
9 35 1.0
11 22 1.0
58 26 1.0
44 51 1.0
11 39 1.0
23 40 1.0
63 60 1.0
16 58 1.0
63 42 1.0
20 60 1.0
5 14 1.0
35 63 1.0
5 1 1.0
42 64 1.0
51 58 1.0
56 25 1.0
56 39 1.0
16 49 1.0
22 6 1.0
38 6 1.0
31 53 1.0
54 44 1.0
54 51 1.0
41 60 1.0
62 55 1.0
21 19 1.0
33 30 1.0
25 43 1.0
28 43 1.0
59 48 1.0
40 63 1.0
46 40 1.0
6 7 1.0
49 2 1.0
1 42 1.0
29 44 1.0
8 13 1.0
60 30 1.0
35 58 1.0
7 35 1.0
25 56 1.0
32 24 1.0
42 7 1.0
37 16 1.0
12 15 1.0
43 6 1.0
12 1 1.0
26 15 1.0
37 33 1.0
55 62 1.0
41 30 1.0
44 63 1.0
55 64 1.0
44 7 1.0
13 8 1.0
24 60 1.0
64 16 1.0
24 29 1.0
48 15 1.0
20 26 1.0
50 14 1.0
38 8 1.0
49 6 1.0
14 54 1.0
32 51 1.0
18 49 1.0
8 26 1.0
28 34 1.0
53 22 1.0
57 49 1.0
55 58 1.0
36 21 1.0
57 2 1.0
45 63 1.0
19 40 1.0
27 24 1.0
47 28 1.0
3 10 1.0
61 63 1.0
10 17 1.0
15 46 1.0
21 26 1.0
62 22 1.0
25 7 1.0
63 17 1.0
2 48 1.0
