*Vertices 128
1 "V0"
2 "V100"
3 "V11"
4 "V89"
5 "V15"
6 "V85"
7 "V119"
8 "V104"
9 "V45"
10 "V30"
11 "V34"
12 "V64"
13 "V123"
14 "V121"
15 "V125"
16 "V9"
17 "V68"
18 "V66"
19 "V70"
20 "V13"
21 "V17"
22 "V87"
23 "V28"
24 "V102"
25 "V117"
26 "V32"
27 "V106"
28 "V51"
29 "V49"
30 "V47"
31 "V53"
32 "V81"
33 "V83"
34 "V22"
35 "V26"
36 "V96"
37 "V37"
38 "V111"
39 "V126"
40 "V41"
41 "V115"
42 "V60"
43 "V58"
44 "V56"
45 "V62"
46 "V7"
47 "V5"
48 "V3"
49 "V1"
50 "V90"
51 "V92"
52 "V109"
53 "V98"
54 "V20"
55 "V24"
56 "V94"
57 "V113"
58 "V54"
59 "V43"
60 "V39"
61 "V73"
62 "V18"
63 "V77"
64 "V75"
65 "V79"
66 "V63"
67 "V122"
68 "V52"
69 "V48"
70 "V118"
71 "V107"
72 "V29"
73 "V103"
74 "V33"
75 "V27"
76 "V86"
77 "V84"
78 "V88"
79 "V82"
80 "V120"
81 "V50"
82 "V124"
83 "V31"
84 "V35"
85 "V105"
86 "V46"
87 "V14"
88 "V10"
89 "V16"
90 "V12"
91 "V101"
92 "V99"
93 "V65"
94 "V71"
95 "V67"
96 "V69"
97 "V59"
98 "V40"
99 "V44"
100 "V114"
101 "V55"
102 "V25"
103 "V19"
104 "V21"
105 "V110"
106 "V108"
107 "V23"
108 "V76"
109 "V74"
110 "V80"
111 "V78"
112 "V72"
113 "V61"
114 "V57"
115 "V127"
116 "V38"
117 "V116"
118 "V112"
119 "V42"
120 "V36"
121 "V95"
122 "V93"
123 "V97"
124 "V91"
125 "V8"
126 "V6"
127 "V4"
128 "V2"
*Arcs
41 7 1.0
103 1 1.0
25 34 1.0
22 97 1.0
126 86 1.0
83 125 1.0
17 33 1.0
123 85 1.0
30 83 1.0
9 17 1.0
25 58 1.0
95 21 1.0
62 51 1.0
110 100 1.0
81 98 1.0
27 63 1.0
85 2 1.0
24 67 1.0
117 128 1.0
118 102 1.0
106 45 1.0
17 29 1.0
41 76 1.0
96 52 1.0
61 11 1.0
118 3 1.0
78 94 1.0
111 25 1.0
24 114 1.0
36 121 1.0
52 59 1.0
27 54 1.0
68 32 1.0
115 15 1.0
66 126 1.0
44 18 1.0
71 73 1.0
122 68 1.0
35 72 1.0
60 50 1.0
43 5 1.0
86 64 1.0
77 118 1.0
35 116 1.0
30 49 1.0
70 42 1.0
47 92 1.0
38 80 1.0
81 30 1.0
107 55 1.0
115 77 1.0
94 16 1.0
52 96 1.0
84 71 1.0
117 41 1.0
13 62 1.0
75 65 1.0
2 101 1.0
79 26 1.0
59 122 1.0
118 13 1.0
23 75 1.0
29 78 1.0
93 40 1.0
31 127 1.0
103 12 1.0
1 24 1.0
105 84 1.0
41 36 1.0
93 81 1.0
55 20 1.0
125 61 1.0
73 105 1.0
34 9 1.0
108 46 1.0
57 8 1.0
26 7 1.0
128 34 1.0
126 97 1.0
58 79 1.0
72 58 1.0
50 89 1.0
36 57 1.0
107 115 1.0
101 10 1.0
79 95 1.0
19 124 1.0
128 67 1.0
10 102 1.0
107 45 1.0
74 76 1.0
31 60 1.0
60 128 1.0
20 63 1.0
90 2 1.0
100 74 1.0
89 94 1.0
7 56 1.0
53 69 1.0
128 3 1.0
111 106 1.0
26 59 1.0
119 110 1.0
9 73 1.0
91 117 1.0
115 44 1.0
90 54 1.0
42 37 1.0
50 87 1.0
72 109 1.0
84 80 1.0
63 1 1.0
20 42 1.0
37 53 1.0
10 15 1.0
118 47 1.0
81 23 1.0
94 93 1.0
25 28 1.0
95 4 1.0
33 38 1.0
35 101 1.0
65 51 1.0
56 98 1.0
20 62 1.0
83 111 1.0
35 41 1.0
94 86 1.0
93 107 1.0
21 77 1.0
100 83 1.0
124 125 1.0
13 17 1.0
31 27 1.0
119 90 1.0
104 112 1.0
80 52 1.0
60 84 1.0
120 43 1.0
125 36 1.0
3 13 1.0
101 48 1.0
23 66 1.0
21 91 1.0
8 29 1.0
29 35 1.0
42 22 1.0
12 39 1.0
6 72 1.0
115 50 1.0
84 31 1.0
15 5 1.0
84 108 1.0
21 57 1.0
5 70 1.0
98 104 1.0
36 32 1.0
44 99 1.0
71 126 1.0
14 18 1.0
81 8 1.0
5 74 1.0
15 122 1.0
47 69 1.0
74 88 1.0
40 19 1.0
78 71 1.0
37 14 1.0
111 55 1.0
108 113 1.0
58 6 1.0
76 116 1.0
118 49 1.0
81 92 1.0
13 81 1.0
27 20 1.0
47 38 1.0
74 82 1.0
111 75 1.0
63 12 1.0
115 78 1.0
21 119 1.0
48 47 1.0
28 24 1.0
104 117 1.0
84 44 1.0
45 103 1.0
61 65 1.0
63 115 1.0
126 83 1.0
82 46 1.0
62 17 1.0
122 9 1.0
103 33 1.0
97 85 1.0
22 7 1.0
78 34 1.0
28 97 1.0
101 120 1.0
109 61 1.0
43 123 1.0
35 29 1.0
95 76 1.0
10 52 1.0
12 67 1.0
22 128 1.0
76 102 1.0
32 45 1.0
18 2 1.0
117 60 1.0
32 63 1.0
79 58 1.0
37 21 1.0
67 124 1.0
28 100 1.0
44 68 1.0
52 23 1.0
127 50 1.0
107 5 1.0
115 109 1.0
54 118 1.0
25 37 1.0
48 49 1.0
109 42 1.0
78 53 1.0
77 80 1.0
14 107 1.0
56 77 1.0
86 11 1.0
18 3 1.0
114 94 1.0
55 25 1.0
113 114 1.0
114 121 1.0
77 59 1.0
32 54 1.0
80 110 1.0
77 15 1.0
37 126 1.0
34 18 1.0
79 73 1.0
113 13 1.0
15 35 1.0
49 78 1.0
104 81 1.0
38 90 1.0
122 112 1.0
12 105 1.0
50 84 1.0
108 36 1.0
38 70 1.0
27 104 1.0
77 43 1.0
47 79 1.0
25 86 1.0
60 16 1.0
114 96 1.0
15 27 1.0
37 26 1.0
20 122 1.0
93 41 1.0
61 101 1.0
112 62 1.0
105 111 1.0
9 40 1.0
62 127 1.0
8 66 1.0
33 91 1.0
12 69 1.0
79 88 1.0
52 6 1.0
98 106 1.0
76 14 1.0
89 128 1.0
47 102 1.0
41 113 1.0
95 117 1.0
123 44 1.0
85 103 1.0
32 56 1.0
94 74 1.0
32 19 1.0
117 39 1.0
104 10 1.0
28 95 1.0
68 124 1.0
53 99 1.0
59 46 1.0
122 8 1.0
87 60 1.0
100 108 1.0
106 92 1.0
48 58 1.0
28 89 1.0
44 57 1.0
37 86 1.0
84 107 1.0
51 33 1.0
127 80 1.0
40 1 1.0
38 97 1.0
48 53 1.0
47 101 1.0
112 83 1.0
58 51 1.0
58 125 1.0
76 17 1.0
21 27 1.0
85 82 1.0
111 47 1.0
48 23 1.0
23 93 1.0
118 119 1.0
49 110 1.0
127 73 1.0
128 37 1.0
66 87 1.0
115 61 1.0
109 28 1.0
40 4 1.0
59 38 1.0
126 99 1.0
51 126 1.0
109 18 1.0
39 73 1.0
34 39 1.0
81 72 1.0
17 50 1.0
52 11 1.0
3 43 1.0
100 121 1.0
85 25 1.0
82 54 1.0
110 32 1.0
13 67 1.0
111 29 1.0
115 102 1.0
107 22 1.0
88 90 1.0
82 94 1.0
32 52 1.0
78 21 1.0
82 63 1.0
85 100 1.0
96 98 1.0
54 48 1.0
13 45 1.0
67 2 1.0
56 40 1.0
6 127 1.0
9 65 1.0
62 24 1.0
14 13 1.0
99 75 1.0
40 12 1.0
19 78 1.0
41 26 1.0
125 19 1.0
65 122 1.0
47 117 1.0
67 101 1.0
54 103 1.0
88 14 1.0
37 55 1.0
102 113 1.0
62 6 1.0
78 30 1.0
53 16 1.0
19 71 1.0
13 68 1.0
22 5 1.0
53 64 1.0
105 118 1.0
40 116 1.0
63 49 1.0
5 92 1.0
62 67 1.0
81 128 1.0
60 45 1.0
74 2 1.0
63 60 1.0
67 89 1.0
102 63 1.0
28 58 1.0
121 124 1.0
48 100 1.0
119 115 1.0
32 10 1.0
22 46 1.0
91 95 1.0
99 9 1.0
24 79 1.0
54 85 1.0
28 7 1.0
60 34 1.0
103 97 1.0
62 120 1.0
84 61 1.0
104 123 1.0
77 81 1.0
66 20 1.0
100 105 1.0
110 37 1.0
73 1 1.0
84 42 1.0
93 53 1.0
7 87 1.0
112 109 1.0
36 38 1.0
103 68 1.0
93 23 1.0
36 4 1.0
29 15 1.0
16 126 1.0
100 93 1.0
114 73 1.0
118 117 1.0
99 59 1.0
59 54 1.0
61 110 1.0
55 114 1.0
21 121 1.0
88 11 1.0
103 3 1.0
23 94 1.0
7 106 1.0
25 69 1.0
42 102 1.0
30 76 1.0
96 99 1.0
20 46 1.0
18 8 1.0
95 70 1.0
113 104 1.0
44 43 1.0
106 32 1.0
109 31 1.0
54 89 1.0
75 57 1.0
33 39 1.0
73 72 1.0
103 95 1.0
72 124 1.0
97 14 1.0
48 128 1.0
27 55 1.0
50 113 1.0
38 116 1.0
66 108 1.0
19 92 1.0
40 74 1.0
30 88 1.0
43 19 1.0
104 69 1.0
109 6 1.0
24 71 1.0
22 86 1.0
38 125 1.0
127 96 1.0
22 27 1.0
59 80 1.0
79 107 1.0
66 77 1.0
9 101 1.0
23 62 1.0
96 111 1.0
119 41 1.0
15 83 1.0
53 51 1.0
72 13 1.0
22 35 1.0
97 66 1.0
51 22 1.0
39 98 1.0
67 48 1.0
119 91 1.0
114 84 1.0
119 112 1.0
11 36 1.0
67 29 1.0
18 90 1.0
20 105 1.0
71 58 1.0
10 83 1.0
126 51 1.0
28 21 1.0
92 63 1.0
94 100 1.0
23 98 1.0
85 128 1.0
124 45 1.0
121 2 1.0
77 67 1.0
2 102 1.0
50 76 1.0
45 29 1.0
91 3 1.0
33 94 1.0
45 52 1.0
43 11 1.0
77 121 1.0
28 25 1.0
2 54 1.0
33 114 1.0
120 32 1.0
91 59 1.0
58 126 1.0
81 18 1.0
2 73 1.0
98 117 1.0
113 44 1.0
83 56 1.0
42 119 1.0
19 103 1.0
91 65 1.0
112 82 1.0
116 47 1.0
122 75 1.0
24 12 1.0
124 24 1.0
11 28 1.0
62 4 1.0
32 120 1.0
128 87 1.0
6 61 1.0
54 38 1.0
71 7 1.0
94 97 1.0
124 123 1.0
70 9 1.0
27 34 1.0
113 33 1.0
89 125 1.0
72 17 1.0
22 85 1.0
54 7 1.0
82 104 1.0
100 43 1.0
71 36 1.0
27 84 1.0
49 61 1.0
59 81 1.0
126 20 1.0
120 78 1.0
22 105 1.0
73 13 1.0
119 127 1.0
89 75 1.0
3 12 1.0
40 60 1.0
109 89 1.0
49 63 1.0
54 58 1.0
66 124 1.0
76 57 1.0
103 115 1.0
119 10 1.0
114 46 1.0
109 95 1.0
25 99 1.0
60 79 1.0
52 8 1.0
24 80 1.0
89 55 1.0
8 42 1.0
38 77 1.0
90 116 1.0
75 49 1.0
41 53 1.0
22 68 1.0
40 5 1.0
11 64 1.0
64 118 1.0
8 15 1.0
90 72 1.0
74 50 1.0
31 40 1.0
3 65 1.0
57 91 1.0
51 41 1.0
50 101 1.0
56 62 1.0
43 26 1.0
79 96 1.0
102 122 1.0
107 30 1.0
45 16 1.0
72 71 1.0
43 86 1.0
108 125 1.0
71 17 1.0
74 27 1.0
123 83 1.0
95 51 1.0
116 37 1.0
66 1 1.0
125 42 1.0
54 53 1.0
107 80 1.0
81 107 1.0
48 77 1.0
126 13 1.0
72 35 1.0
90 66 1.0
40 22 1.0
56 29 1.0
60 90 1.0
85 52 1.0
62 101 1.0
52 21 1.0
5 111 1.0
7 100 1.0
78 98 1.0
11 48 1.0
126 91 1.0
25 88 1.0
80 19 1.0
18 106 1.0
41 44 1.0
51 74 1.0
8 56 1.0
106 14 1.0
10 128 1.0
1 45 1.0
14 92 1.0
109 69 1.0
107 102 1.0
107 76 1.0
1 15 1.0
24 28 1.0
40 23 1.0
114 4 1.0
6 87 1.0
5 109 1.0
109 38 1.0
22 117 1.0
49 54 1.0
83 110 1.0
90 59 1.0
8 47 1.0
81 93 1.0
55 73 1.0
123 20 1.0
114 61 1.0
15 105 1.0
8 81 1.0
93 75 1.0
73 78 1.0
18 7 1.0
65 9 1.0
109 34 1.0
49 33 1.0
30 120 1.0
11 97 1.0
59 123 1.0
5 117 1.0
104 44 1.0
2 122 1.0
16 74 1.0
72 88 1.0
120 19 1.0
21 82 1.0
7 127 1.0
18 12 1.0
120 24 1.0
15 40 1.0
58 103 1.0
18 65 1.0
97 116 1.0
88 108 1.0
84 92 1.0
20 31 1.0
85 5 1.0
82 118 1.0
57 30 1.0
116 6 1.0
110 71 1.0
107 14 1.0
36 49 1.0
109 55 1.0
119 113 1.0
82 25 1.0
102 104 1.0
72 43 1.0
23 84 1.0
125 112 1.0
128 36 1.0
74 39 1.0
65 72 1.0
2 18 1.0
123 50 1.0
84 99 1.0
8 126 1.0
51 32 1.0
107 8 1.0
111 80 1.0
73 107 1.0
93 42 1.0
65 77 1.0
106 86 1.0
3 16 1.0
57 27 1.0
5 26 1.0
116 96 1.0
115 51 1.0
31 41 1.0
12 101 1.0
66 62 1.0
94 59 1.0
26 126 1.0
108 73 1.0
96 15 1.0
32 23 1.0
126 18 1.0
70 4 1.0
116 68 1.0
103 5 1.0
127 118 1.0
36 37 1.0
115 1 1.0
70 109 1.0
64 53 1.0
59 67 1.0
112 102 1.0
43 76 1.0
89 29 1.0
40 3 1.0
68 94 1.0
5 52 1.0
37 11 1.0
116 121 1.0
20 25 1.0
119 114 1.0
64 54 1.0
92 110 1.0
71 46 1.0
46 17 1.0
40 85 1.0
101 115 1.0
109 58 1.0
117 10 1.0
41 124 1.0
62 21 1.0
29 63 1.0
11 100 1.0
56 60 1.0
93 128 1.0
95 45 1.0
114 2 1.0
56 82 1.0
41 75 1.0
10 4 1.0
51 119 1.0
43 47 1.0
126 93 1.0
52 24 1.0
101 117 1.0
122 103 1.0
80 65 1.0
124 44 1.0
12 74 1.0
17 56 1.0
112 88 1.0
64 19 1.0
75 106 1.0
81 69 1.0
82 55 1.0
121 6 1.0
109 14 1.0
3 128 1.0
24 113 1.0
121 92 1.0
14 116 1.0
26 89 1.0
77 108 1.0
98 57 1.0
52 31 1.0
9 124 1.0
91 39 1.0
126 10 1.0
102 46 1.0
116 95 1.0
6 8 1.0
78 99 1.0
56 104 1.0
49 79 1.0
121 70 1.0
112 43 1.0
101 36 1.0
77 84 1.0
92 90 1.0
32 112 1.0
125 81 1.0
7 22 1.0
37 105 1.0
68 13 1.0
125 127 1.0
118 35 1.0
56 66 1.0
75 40 1.0
36 111 1.0
18 91 1.0
23 116 1.0
6 64 1.0
39 80 1.0
96 49 1.0
10 55 1.0
88 113 1.0
125 92 1.0
3 39 1.0
84 72 1.0
108 126 1.0
66 18 1.0
57 68 1.0
111 5 1.0
68 50 1.0
122 118 1.0
78 25 1.0
41 54 1.0
80 114 1.0
57 59 1.0
113 32 1.0
118 73 1.0
109 29 1.0
128 90 1.0
61 52 1.0
110 11 1.0
73 94 1.0
38 121 1.0
58 98 1.0
49 48 1.0
105 2 1.0
71 67 1.0
41 102 1.0
117 45 1.0
89 22 1.0
114 83 1.0
59 51 1.0
67 58 1.0
109 21 1.0
52 63 1.0
77 100 1.0
14 7 1.0
103 107 1.0
51 97 1.0
79 33 1.0
5 86 1.0
9 125 1.0
58 17 1.0
27 85 1.0
114 28 1.0
120 87 1.0
118 61 1.0
74 38 1.0
118 120 1.0
102 1 1.0
85 123 1.0
125 68 1.0
85 87 1.0
4 38 1.0
40 15 1.0
58 23 1.0
56 93 1.0
109 4 1.0
84 59 1.0
127 126 1.0
29 73 1.0
8 117 1.0
127 114 1.0
62 54 1.0
44 110 1.0
67 83 1.0
1 96 1.0
79 86 1.0
91 125 1.0
116 77 1.0
108 27 1.0
60 80 1.0
77 1 1.0
94 107 1.0
34 42 1.0
17 37 1.0
97 109 1.0
81 53 1.0
105 29 1.0
61 22 1.0
48 105 1.0
104 13 1.0
112 48 1.0
113 35 1.0
31 66 1.0
24 98 1.0
84 111 1.0
55 91 1.0
83 101 1.0
104 62 1.0
33 51 1.0
26 41 1.0
95 39 1.0
70 126 1.0
126 95 1.0
114 8 1.0
66 99 1.0
119 104 1.0
2 32 1.0
55 70 1.0
119 43 1.0
75 36 1.0
59 84 1.0
29 90 1.0
83 112 1.0
82 41 1.0
52 101 1.0
42 122 1.0
111 40 1.0
115 62 1.0
74 65 1.0
42 30 1.0
125 6 1.0
101 71 1.0
24 26 1.0
109 16 1.0
82 96 1.0
30 20 1.0
103 61 1.0
71 105 1.0
126 120 1.0
20 97 1.0
48 123 1.0
100 13 1.0
97 127 1.0
35 12 1.0
125 24 1.0
94 81 1.0
116 75 1.0
44 78 1.0
120 115 1.0
59 58 1.0
45 10 1.0
63 124 1.0
118 89 1.0
62 63 1.0
100 57 1.0
60 7 1.0
5 34 1.0
12 79 1.0
55 9 1.0
79 46 1.0
4 95 1.0
46 85 1.0
73 69 1.0
87 3 1.0
62 94 1.0
51 106 1.0
80 74 1.0
49 121 1.0
18 60 1.0
59 128 1.0
83 45 1.0
104 2 1.0
90 67 1.0
86 102 1.0
120 76 1.0
84 29 1.0
94 3 1.0
30 52 1.0
19 67 1.0
50 102 1.0
76 45 1.0
64 76 1.0
40 25 1.0
95 114 1.0
78 54 1.0
31 11 1.0
18 94 1.0
113 121 1.0
51 15 1.0
128 72 1.0
81 126 1.0
60 18 1.0
51 59 1.0
1 32 1.0
50 73 1.0
13 37 1.0
10 5 1.0
127 64 1.0
113 68 1.0
88 50 1.0
55 118 1.0
13 86 1.0
47 55 1.0
53 77 1.0
78 80 1.0
5 49 1.0
76 42 1.0
122 53 1.0
108 101 1.0
34 122 1.0
101 26 1.0
69 16 1.0
112 96 1.0
21 71 1.0
65 13 1.0
23 127 1.0
70 66 1.0
123 91 1.0
17 41 1.0
30 40 1.0
108 62 1.0
7 111 1.0
49 20 1.0
105 112 1.0
61 105 1.0
84 81 1.0
48 75 1.0
34 78 1.0
40 31 1.0
4 72 1.0
87 124 1.0
47 89 1.0
68 108 1.0
54 57 1.0
122 116 1.0
70 49 1.0
110 113 1.0
93 92 1.0
30 14 1.0
90 69 1.0
24 55 1.0
45 6 1.0
40 88 1.0
99 19 1.0
51 71 1.0
40 44 1.0
102 74 1.0
87 56 1.0
83 117 1.0
18 103 1.0
32 65 1.0
26 119 1.0
21 47 1.0
4 12 1.0
111 24 1.0
99 82 1.0
32 75 1.0
47 4 1.0
5 28 1.0
25 20 1.0
108 61 1.0
90 38 1.0
66 120 1.0
61 123 1.0
124 7 1.0
122 34 1.0
114 97 1.0
72 33 1.0
91 9 1.0
39 46 1.0
64 85 1.0
52 115 1.0
88 83 1.0
107 17 1.0
39 124 1.0
22 58 1.0
99 21 1.0
97 100 1.0
15 60 1.0
92 128 1.0
6 63 1.0
64 2 1.0
21 99 1.0
47 104 1.0
6 32 1.0
41 25 1.0
5 43 1.0
80 121 1.0
126 84 1.0
104 90 1.0
49 112 1.0
76 52 1.0
6 29 1.0
37 22 1.0
1 13 1.0
102 48 1.0
87 35 1.0
128 66 1.0
115 2 1.0
111 98 1.0
47 111 1.0
16 101 1.0
73 21 1.0
43 51 1.0
38 100 1.0
65 83 1.0
17 125 1.0
56 17 1.0
125 117 1.0
1 44 1.0
84 103 1.0
68 65 1.0
13 26 1.0
4 122 1.0
36 30 1.0
1 88 1.0
5 19 1.0
109 71 1.0
89 14 1.0
81 55 1.0
55 6 1.0
99 116 1.0
6 49 1.0
75 113 1.0
107 92 1.0
36 5 1.0
73 64 1.0
117 118 1.0
115 68 1.0
44 72 1.0
63 50 1.0
102 39 1.0
121 126 1.0
122 18 1.0
88 8 1.0
124 14 1.0
87 102 1.0
14 113 1.0
80 6 1.0
19 69 1.0
24 88 1.0
91 19 1.0
30 106 1.0
20 58 1.0
114 89 1.0
25 108 1.0
93 57 1.0
34 60 1.0
54 128 1.0
57 92 1.0
118 99 1.0
30 46 1.0
45 95 1.0
123 8 1.0
126 115 1.0
72 10 1.0
43 124 1.0
56 84 1.0
92 43 1.0
4 36 1.0
115 70 1.0
57 104 1.0
35 79 1.0
125 80 1.0
30 1 1.0
60 107 1.0
80 97 1.0
30 86 1.0
100 33 1.0
23 27 1.0
77 28 1.0
61 87 1.0
114 38 1.0
126 37 1.0
126 109 1.0
90 53 1.0
46 59 1.0
56 47 1.0
20 73 1.0
100 82 1.0
54 23 1.0
26 93 1.0
29 4 1.0
111 74 1.0
50 56 1.0
61 117 1.0
38 44 1.0
25 103 1.0
88 110 1.0
86 62 1.0
79 111 1.0
9 41 1.0
29 101 1.0
1 26 1.0
57 51 1.0
26 13 1.0
39 29 1.0
53 35 1.0
27 22 1.0
62 40 1.0
15 48 1.0
65 66 1.0
28 91 1.0
28 80 1.0
38 1 1.0
29 42 1.0
17 53 1.0
22 37 1.0
1 5 1.0
32 109 1.0
39 125 1.0
88 96 1.0
56 27 1.0
56 86 1.0
50 107 1.0
17 77 1.0
22 31 1.0
107 89 1.0
18 108 1.0
74 57 1.0
76 39 1.0
70 72 1.0
37 124 1.0
95 14 1.0
117 55 1.0
36 113 1.0
110 6 1.0
117 116 1.0
46 128 1.0
22 92 1.0
17 84 1.0
93 43 1.0
98 36 1.0
109 90 1.0
29 112 1.0
55 105 1.0
32 99 1.0
21 46 1.0
72 95 1.0
17 8 1.0
112 70 1.0
65 104 1.0
70 32 1.0
58 7 1.0
28 34 1.0
34 97 1.0
14 79 1.0
31 9 1.0
50 46 1.0
102 85 1.0
29 115 1.0
122 10 1.0
67 95 1.0
85 124 1.0
101 58 1.0
127 21 1.0
87 100 1.0
105 40 1.0
24 127 1.0
81 12 1.0
102 24 1.0
1 82 1.0
30 75 1.0
110 78 1.0
124 81 1.0
109 20 1.0
29 61 1.0
25 105 1.0
72 120 1.0
74 123 1.0
100 117 1.0
10 114 1.0
44 54 1.0
35 121 1.0
58 59 1.0
65 110 1.0
113 73 1.0
114 15 1.0
94 23 1.0
62 126 1.0
13 93 1.0
72 68 1.0
8 4 1.0
41 38 1.0
22 60 1.0
10 63 1.0
40 2 1.0
83 67 1.0
101 128 1.0
66 102 1.0
68 45 1.0
115 69 1.0
11 3 1.0
81 76 1.0
47 52 1.0
102 11 1.0
120 94 1.0
71 13 1.0
55 75 1.0
62 12 1.0
69 78 1.0
113 81 1.0
5 20 1.0
123 105 1.0
105 41 1.0
123 101 1.0
100 62 1.0
104 65 1.0
43 40 1.0
29 127 1.0
39 91 1.0
5 9 1.0
112 46 1.0
118 8 1.0
34 115 1.0
86 10 1.0
32 95 1.0
17 124 1.0
52 84 1.0
48 61 1.0
100 36 1.0
107 7 1.0
1 34 1.0
25 43 1.0
30 79 1.0
124 68 1.0
107 72 1.0
116 50 1.0
44 5 1.0
37 64 1.0
33 118 1.0
94 25 1.0
71 59 1.0
85 54 1.0
28 32 1.0
41 15 1.0
42 126 1.0
58 18 1.0
27 73 1.0
83 30 1.0
96 16 1.0
24 96 1.0
26 71 1.0
63 26 1.0
116 122 1.0
107 116 1.0
99 49 1.0
41 42 1.0
39 53 1.0
85 80 1.0
104 55 1.0
13 77 1.0
60 98 1.0
45 21 1.0
8 63 1.0
117 58 1.0
89 51 1.0
111 100 1.0
119 83 1.0
10 125 1.0
119 17 1.0
15 9 1.0
18 33 1.0
4 85 1.0
53 114 1.0
124 121 1.0
93 11 1.0
105 3 1.0
22 94 1.0
95 52 1.0
93 29 1.0
105 102 1.0
105 76 1.0
56 67 1.0
57 128 1.0
56 45 1.0
73 2 1.0
17 119 1.0
98 47 1.0
71 65 1.0
53 24 1.0
9 117 1.0
112 44 1.0
65 103 1.0
86 74 1.0
113 19 1.0
68 56 1.0
23 69 1.0
113 88 1.0
125 106 1.0
105 7 1.0
118 34 1.0
76 97 1.0
92 120 1.0
22 61 1.0
2 123 1.0
59 28 1.0
104 87 1.0
23 38 1.0
33 82 1.0
27 75 1.0
100 12 1.0
104 4 1.0
120 14 1.0
63 55 1.0
64 113 1.0
81 6 1.0
127 69 1.0
83 88 1.0
76 71 1.0
20 74 1.0
98 19 1.0
13 122 1.0
21 117 1.0
26 44 1.0
43 103 1.0
127 119 1.0
96 65 1.0
119 24 1.0
26 82 1.0
1 47 1.0
96 75 1.0
61 12 1.0
67 81 1.0
8 20 1.0
7 78 1.0
127 38 1.0
68 120 1.0
17 61 1.0
88 13 1.0
99 35 1.0
58 22 1.0
73 29 1.0
40 90 1.0
103 112 1.0
25 52 1.0
116 84 1.0
127 36 1.0
90 70 1.0
11 104 1.0
11 43 1.0
121 32 1.0
31 99 1.0
27 126 1.0
41 18 1.0
99 8 1.0
101 39 1.0
33 72 1.0
14 50 1.0
23 31 1.0
100 5 1.0
83 108 1.0
115 118 1.0
96 116 1.0
105 49 1.0
69 92 1.0
31 37 1.0
78 87 1.0
62 109 1.0
32 38 1.0
38 28 1.0
93 4 1.0
19 86 1.0
114 107 1.0
5 77 1.0
11 80 1.0
94 1 1.0
3 42 1.0
84 53 1.0
102 101 1.0
118 83 1.0
108 51 1.0
50 125 1.0
67 17 1.0
9 27 1.0
51 98 1.0
28 48 1.0
87 66 1.0
88 91 1.0
49 62 1.0
23 111 1.0
102 41 1.0
68 60 1.0
47 63 1.0
1 2 1.0
23 58 1.0
6 89 1.0
56 57 1.0
121 69 1.0
23 76 1.0
61 106 1.0
15 14 1.0
84 128 1.0
23 102 1.0
34 45 1.0
56 117 1.0
39 44 1.0
117 56 1.0
52 74 1.0
1 3 1.0
126 94 1.0
104 15 1.0
106 47 1.0
69 23 1.0
66 93 1.0
99 73 1.0
23 59 1.0
16 54 1.0
116 110 1.0
113 117 1.0
56 44 1.0
109 56 1.0
73 119 1.0
53 103 1.0
15 65 1.0
66 69 1.0
106 6 1.0
116 106 1.0
17 74 1.0
65 88 1.0
63 19 1.0
125 60 1.0
121 108 1.0
71 92 1.0
65 14 1.0
87 128 1.0
127 102 1.0
118 113 1.0
100 39 1.0
103 10 1.0
119 95 1.0
28 124 1.0
117 31 1.0
60 89 1.0
81 57 1.0
105 70 1.0
92 104 1.0
63 43 1.0
122 99 1.0
98 46 1.0
48 79 1.0
124 8 1.0
21 81 1.0
71 90 1.0
30 105 1.0
78 84 1.0
77 112 1.0
95 36 1.0
98 40 1.0
20 127 1.0
108 91 1.0
44 13 1.0
70 35 1.0
24 66 1.0
115 22 1.0
104 26 1.0
16 122 1.0
66 41 1.0
112 101 1.0
17 62 1.0
71 111 1.0
117 86 1.0
11 16 1.0
28 96 1.0
82 27 1.0
33 80 1.0
7 107 1.0
50 77 1.0
105 37 1.0
128 49 1.0
19 42 1.0
32 53 1.0
34 5 1.0
14 109 1.0
21 118 1.0
64 15 1.0
101 68 1.0
27 23 1.0
49 50 1.0
65 59 1.0
11 126 1.0
62 18 1.0
32 73 1.0
5 25 1.0
110 54 1.0
105 110 1.0
28 114 1.0
98 11 1.0
9 121 1.0
43 3 1.0
101 94 1.0
104 52 1.0
55 29 1.0
6 102 1.0
18 76 1.0
101 67 1.0
110 128 1.0
65 45 1.0
113 2 1.0
27 60 1.0
74 21 1.0
18 63 1.0
65 58 1.0
80 124 1.0
98 100 1.0
112 115 1.0
47 83 1.0
117 46 1.0
89 17 1.0
32 9 1.0
47 33 1.0
44 85 1.0
77 7 1.0
77 34 1.0
59 97 1.0
101 123 1.0
81 58 1.0
22 124 1.0
109 60 1.0
70 89 1.0
107 63 1.0
39 57 1.0
21 67 1.0
30 128 1.0
84 45 1.0
55 2 1.0
105 69 1.0
31 102 1.0
9 76 1.0
16 120 1.0
43 20 1.0
10 61 1.0
81 7 1.0
62 97 1.0
62 123 1.0
10 9 1.0
55 34 1.0
110 79 1.0
60 115 1.0
64 10 1.0
6 46 1.0
2 95 1.0
89 85 1.0
39 41 1.0
100 101 1.0
89 103 1.0
22 40 1.0
60 65 1.0
89 24 1.0
117 13 1.0
111 127 1.0
40 75 1.0
98 12 1.0
111 81 1.0
96 78 1.0
38 105 1.0
84 116 1.0
108 49 1.0
36 64 1.0
90 92 1.0
126 14 1.0
26 55 1.0
54 113 1.0
20 6 1.0
111 30 1.0
121 16 1.0
96 71 1.0
57 26 1.0
46 19 1.0
111 122 1.0
49 99 1.0
78 126 1.0
82 73 1.0
53 25 1.0
13 54 1.0
46 43 1.0
96 32 1.0
80 68 1.0
77 5 1.0
71 118 1.0
21 39 1.0
69 72 1.0
112 18 1.0
42 50 1.0
100 67 1.0
82 102 1.0
34 22 1.0
93 98 1.0
90 48 1.0
67 45 1.0
25 2 1.0
73 11 1.0
57 121 1.0
108 29 1.0
125 90 1.0
38 94 1.0
63 52 1.0
28 125 1.0
6 17 1.0
87 27 1.0
49 80 1.0
120 86 1.0
102 107 1.0
76 33 1.0
79 21 1.0
117 63 1.0
4 100 1.0
128 101 1.0
97 83 1.0
29 51 1.0
19 28 1.0
39 75 1.0
98 4 1.0
8 82 1.0
108 47 1.0
75 93 1.0
13 24 1.0
14 120 1.0
98 1 1.0
27 97 1.0
67 123 1.0
58 87 1.0
13 61 1.0
60 38 1.0
92 59 1.0
31 126 1.0
56 73 1.0
2 15 1.0
126 72 1.0
30 18 1.0
72 50 1.0
114 11 1.0
110 121 1.0
30 25 1.0
121 54 1.0
110 114 1.0
10 32 1.0
64 67 1.0
53 102 1.0
4 76 1.0
60 29 1.0
123 3 1.0
79 94 1.0
113 52 1.0
29 21 1.0
123 63 1.0
96 100 1.0
54 98 1.0
73 128 1.0
4 45 1.0
122 2 1.0
68 40 1.0
88 65 1.0
118 91 1.0
123 13 1.0
26 127 1.0
87 75 1.0
127 12 1.0
114 26 1.0
32 96 1.0
78 41 1.0
22 101 1.0
77 62 1.0
55 122 1.0
53 80 1.0
107 49 1.0
3 55 1.0
92 42 1.0
34 30 1.0
97 16 1.0
52 77 1.0
55 71 1.0
17 68 1.0
116 5 1.0
18 118 1.0
16 116 1.0
74 64 1.0
2 53 1.0
37 60 1.0
72 128 1.0
15 113 1.0
80 92 1.0
45 89 1.0
1 63 1.0
109 57 1.0
21 58 1.0
37 10 1.0
113 124 1.0
87 115 1.0
29 46 1.0
61 95 1.0
106 8 1.0
117 99 1.0
13 104 1.0
26 79 1.0
103 7 1.0
57 43 1.0
24 36 1.0
24 84 1.0
47 20 1.0
39 112 1.0
116 81 1.0
35 78 1.0
76 105 1.0
10 37 1.0
42 1 1.0
62 53 1.0
121 28 1.0
79 87 1.0
20 109 1.0
112 38 1.0
7 82 1.0
10 23 1.0
101 4 1.0
88 59 1.0
24 47 1.0
60 93 1.0
34 73 1.0
33 117 1.0
15 103 1.0
23 110 1.0
100 44 1.0
50 74 1.0
123 56 1.0
52 88 1.0
41 19 1.0
58 106 1.0
27 14 1.0
61 69 1.0
34 102 1.0
54 76 1.0
9 15 1.0
97 23 1.0
32 4 1.0
5 68 1.0
38 87 1.0
18 109 1.0
51 38 1.0
112 37 1.0
24 1 1.0
114 53 1.0
119 80 1.0
32 107 1.0
74 42 1.0
45 77 1.0
21 3 1.0
104 94 1.0
52 106 1.0
104 114 1.0
16 11 1.0
127 121 1.0
105 117 1.0
11 54 1.0
12 110 1.0
40 59 1.0
125 126 1.0
57 93 1.0
101 73 1.0
35 13 1.0
18 35 1.0
44 66 1.0
63 22 1.0
7 29 1.0
58 90 1.0
16 105 1.0
81 84 1.0
40 112 1.0
83 36 1.0
60 70 1.0
31 104 1.0
101 43 1.0
6 86 1.0
52 125 1.0
48 96 1.0
6 27 1.0
82 83 1.0
123 51 1.0
99 101 1.0
55 62 1.0
101 111 1.0
120 41 1.0
14 98 1.0
7 48 1.0
98 91 1.0
62 69 1.0
19 6 1.0
91 71 1.0
31 14 1.0
115 49 1.0
8 55 1.0
78 113 1.0
17 92 1.0
120 117 1.0
43 44 1.0
34 56 1.0
116 74 1.0
9 88 1.0
114 19 1.0
112 39 1.0
92 72 1.0
128 46 1.0
125 95 1.0
93 99 1.0
8 32 1.0
93 8 1.0
52 116 1.0
97 108 1.0
68 31 1.0
3 89 1.0
54 124 1.0
35 57 1.0
73 7 1.0
73 34 1.0
43 33 1.0
112 120 1.0
96 97 1.0
32 123 1.0
39 115 1.0
27 58 1.0
103 83 1.0
47 51 1.0
118 9 1.0
20 125 1.0
75 17 1.0
65 85 1.0
94 82 1.0
10 47 1.0
53 12 1.0
50 24 1.0
44 119 1.0
96 103 1.0
22 65 1.0
13 20 1.0
110 61 1.0
103 38 1.0
62 28 1.0
124 75 1.0
89 4 1.0
122 37 1.0
8 109 1.0
94 53 1.0
113 80 1.0
13 1 1.0
53 107 1.0
45 42 1.0
93 15 1.0
61 23 1.0
15 93 1.0
25 4 1.0
84 68 1.0
62 5 1.0
1 118 1.0
42 101 1.0
39 51 1.0
28 41 1.0
35 40 1.0
28 62 1.0
122 111 1.0
2 86 1.0
63 77 1.0
85 27 1.0
126 26 1.0
1 16 1.0
26 96 1.0
19 84 1.0
4 90 1.0
65 112 1.0
120 105 1.0
56 70 1.0
19 43 1.0
86 36 1.0
28 13 1.0
47 127 1.0
38 35 1.0
6 66 1.0
12 91 1.0
47 81 1.0
117 22 1.0
106 31 1.0
1 10 1.0
99 124 1.0
10 89 1.0
64 108 1.0
60 57 1.0
76 99 1.0
122 104 1.0
14 32 1.0
123 39 1.0
34 46 1.0
74 95 1.0
110 8 1.0
97 74 1.0
93 56 1.0
29 69 1.0
94 88 1.0
94 19 1.0
35 106 1.0
94 14 1.0
67 55 1.0
56 6 1.0
70 116 1.0
16 128 1.0
92 113 1.0
122 92 1.0
29 28 1.0
26 87 1.0
106 61 1.0
26 38 1.0
50 82 1.0
118 75 1.0
23 4 1.0
109 119 1.0
58 47 1.0
13 12 1.0
8 24 1.0
28 117 1.0
6 44 1.0
76 103 1.0
38 65 1.0
81 83 1.0
30 17 1.0
107 51 1.0
88 86 1.0
11 125 1.0
8 85 1.0
80 7 1.0
115 34 1.0
124 97 1.0
63 33 1.0
38 120 1.0
104 1 1.0
24 123 1.0
96 29 1.0
25 3 1.0
14 76 1.0
19 52 1.0
27 67 1.0
82 128 1.0
57 102 1.0
118 45 1.0
28 98 1.0
71 63 1.0
106 2 1.0
7 58 1.0
96 21 1.0
32 100 1.0
54 80 1.0
119 107 1.0
46 42 1.0
115 33 1.0
58 86 1.0
64 125 1.0
26 27 1.0
78 83 1.0
85 17 1.0
18 51 1.0
21 101 1.0
106 21 1.0
25 100 1.0
22 98 1.0
26 48 1.0
87 111 1.0
49 91 1.0
47 13 1.0
34 35 1.0
3 66 1.0
60 22 1.0
78 29 1.0
75 90 1.0
53 52 1.0
62 84 1.0
126 112 1.0
15 121 1.0
14 25 1.0
34 104 1.0
35 43 1.0
10 99 1.0
50 32 1.0
87 8 1.0
72 39 1.0
111 72 1.0
24 126 1.0
53 18 1.0
128 31 1.0
121 50 1.0
80 118 1.0
81 116 1.0
8 5 1.0
127 108 1.0
104 14 1.0
124 49 1.0
98 113 1.0
26 92 1.0
85 30 1.0
114 55 1.0
37 6 1.0
48 74 1.0
75 88 1.0
11 19 1.0
63 71 1.0
87 117 1.0
25 40 1.0
81 103 1.0
12 65 1.0
3 44 1.0
36 122 1.0
122 81 1.0
12 75 1.0
123 78 1.0
89 82 1.0
117 127 1.0
66 12 1.0
74 24 1.0
99 120 1.0
102 97 1.0
40 123 1.0
111 20 1.0
31 61 1.0
13 105 1.0
108 9 1.0
73 46 1.0
39 95 1.0
74 85 1.0
44 7 1.0
96 34 1.0
15 79 1.0
61 58 1.0
3 21 1.0
119 63 1.0
74 100 1.0
31 115 1.0
52 10 1.0
57 124 1.0
119 67 1.0
18 102 1.0
42 45 1.0
101 76 1.0
124 60 1.0
66 128 1.0
69 2 1.0
10 11 1.0
83 121 1.0
46 29 1.0
37 3 1.0
99 94 1.0
3 52 1.0
12 59 1.0
34 126 1.0
94 73 1.0
90 25 1.0
60 114 1.0
96 54 1.0
6 110 1.0
119 82 1.0
65 75 1.0
77 12 1.0
127 4 1.0
35 119 1.0
3 47 1.0
44 24 1.0
10 117 1.0
98 44 1.0
12 103 1.0
64 65 1.0
89 74 1.0
3 56 1.0
126 69 1.0
120 88 1.0
119 19 1.0
50 71 1.0
119 14 1.0
51 55 1.0
42 6 1.0
124 116 1.0
57 49 1.0
63 113 1.0
114 92 1.0
48 89 1.0
98 108 1.0
103 57 1.0
120 31 1.0
22 72 1.0
127 124 1.0
93 39 1.0
118 126 1.0
13 18 1.0
101 8 1.0
62 70 1.0
42 99 1.0
40 104 1.0
123 32 1.0
116 43 1.0
16 36 1.0
119 84 1.0
69 90 1.0
35 112 1.0
82 52 1.0
52 29 1.0
81 35 1.0
113 22 1.0
87 13 1.0
114 48 1.0
119 66 1.0
54 91 1.0
123 98 1.0
5 62 1.0
11 111 1.0
67 37 1.0
35 5 1.0
49 64 1.0
107 118 1.0
22 80 1.0
88 49 1.0
108 42 1.0
50 53 1.0
124 15 1.0
70 23 1.0
29 126 1.0
107 18 1.0
78 73 1.0
42 68 1.0
16 50 1.0
98 25 1.0
45 114 1.0
97 121 1.0
78 59 1.0
77 54 1.0
13 110 1.0
83 29 1.0
112 76 1.0
59 52 1.0
28 11 1.0
19 3 1.0
42 94 1.0
7 60 1.0
33 63 1.0
19 2 1.0
17 67 1.0
4 128 1.0
4 102 1.0
33 45 1.0
106 115 1.0
125 83 1.0
104 17 1.0
82 124 1.0
77 58 1.0
59 21 1.0
68 100 1.0
50 7 1.0
50 34 1.0
31 97 1.0
107 33 1.0
121 9 1.0
15 46 1.0
18 85 1.0
126 28 1.0
117 20 1.0
46 38 1.0
114 120 1.0
64 61 1.0
18 123 1.0
59 20 1.0
87 61 1.0
8 105 1.0
57 13 1.0
19 81 1.0
72 75 1.0
81 78 1.0
116 7 1.0
16 34 1.0
66 79 1.0
1 120 1.0
3 97 1.0
7 36 1.0
91 101 1.0
22 26 1.0
101 122 1.0
112 16 1.0
70 96 1.0
40 71 1.0
94 40 1.0
44 127 1.0
107 12 1.0
49 24 1.0
67 41 1.0
82 62 1.0
23 65 1.0
75 116 1.0
63 5 1.0
94 64 1.0
27 68 1.0
30 50 1.0
22 118 1.0
97 30 1.0
72 55 1.0
128 6 1.0
67 80 1.0
101 49 1.0
126 113 1.0
46 92 1.0
65 25 1.0
71 54 1.0
70 114 1.0
85 121 1.0
111 11 1.0
24 94 1.0
47 39 1.0
74 72 1.0
109 126 1.0
97 18 1.0
105 59 1.0
58 32 1.0
105 73 1.0
120 80 1.0
32 1 1.0
18 107 1.0
89 42 1.0
109 86 1.0
74 77 1.0
66 27 1.0
25 83 1.0
92 125 1.0
82 17 1.0
72 101 1.0
32 51 1.0
75 41 1.0
11 59 1.0
41 47 1.0
86 110 1.0
30 73 1.0
120 15 1.0
68 23 1.0
111 93 1.0
61 4 1.0
39 28 1.0
8 87 1.0
76 38 1.0
93 37 1.0
10 109 1.0
9 53 1.0
16 67 1.0
84 102 1.0
10 45 1.0
84 76 1.0
91 69 1.0
16 3 1.0
110 106 1.0
117 74 1.0
21 94 1.0
14 56 1.0
73 117 1.0
49 114 1.0
87 54 1.0
107 9 1.0
110 46 1.0
78 95 1.0
41 8 1.0
102 115 1.0
114 10 1.0
112 124 1.0
84 58 1.0
123 89 1.0
21 63 1.0
118 57 1.0
44 60 1.0
40 128 1.0
103 2 1.0
31 7 1.0
119 34 1.0
104 97 1.0
55 120 1.0
60 61 1.0
35 123 1.0
76 81 1.0
12 20 1.0
41 105 1.0
82 13 1.0
86 75 1.0
9 12 1.0
65 78 1.0
111 60 1.0
23 63 1.0
11 2 1.0
68 58 1.0
128 21 1.0
36 124 1.0
20 100 1.0
9 115 1.0
79 10 1.0
52 95 1.0
81 9 1.0
4 46 1.0
71 79 1.0
34 85 1.0
87 14 1.0
59 55 1.0
34 6 1.0
119 116 1.0
32 49 1.0
35 113 1.0
54 92 1.0
51 5 1.0
2 64 1.0
41 118 1.0
55 39 1.0
39 68 1.0
31 72 1.0
112 50 1.0
24 40 1.0
76 127 1.0
55 24 1.0
46 117 1.0
13 101 1.0
102 103 1.0
30 65 1.0
117 26 1.0
22 122 1.0
4 30 1.0
7 16 1.0
88 19 1.0
61 71 1.0
25 125 1.0
125 96 1.0
50 27 1.0
86 101 1.0
115 83 1.0
73 51 1.0
32 37 1.0
52 1 1.0
86 42 1.0
95 53 1.0
69 80 1.0
124 86 1.0
4 107 1.0
18 77 1.0
10 13 1.0
56 35 1.0
91 22 1.0
15 29 1.0
96 90 1.0
86 112 1.0
54 105 1.0
99 62 1.0
109 111 1.0
99 41 1.0
127 40 1.0
13 48 1.0
17 66 1.0
99 91 1.0
90 11 1.0
75 3 1.0
11 94 1.0
57 117 1.0
102 114 1.0
102 121 1.0
107 67 1.0
58 128 1.0
45 102 1.0
81 45 1.0
13 69 1.0
69 76 1.0
14 106 1.0
102 68 1.0
17 23 1.0
53 4 1.0
39 87 1.0
63 109 1.0
123 38 1.0
9 59 1.0
101 54 1.0
108 110 1.0
101 15 1.0
20 126 1.0
7 93 1.0
97 73 1.0
24 99 1.0
99 46 1.0
42 95 1.0
36 8 1.0
39 70 1.0
118 104 1.0
53 43 1.0
125 79 1.0
126 58 1.0
44 89 1.0
41 108 1.0
114 57 1.0
49 115 1.0
34 10 1.0
31 124 1.0
50 14 1.0
125 102 1.0
80 113 1.0
118 6 1.0
62 60 1.0
103 128 1.0
52 92 1.0
108 74 1.0
121 19 1.0
22 56 1.0
18 69 1.0
51 88 1.0
99 106 1.0
86 16 1.0
45 96 1.0
46 71 1.0
70 86 1.0
115 107 1.0
121 77 1.0
95 41 1.0
64 62 1.0
41 111 1.0
64 101 1.0
60 26 1.0
21 122 1.0
63 13 1.0
128 75 1.0
104 78 1.0
86 40 1.0
54 127 1.0
41 66 1.0
78 91 1.0
124 84 1.0
111 36 1.0
72 81 1.0
67 90 1.0
73 112 1.0
17 105 1.0
126 101 1.0
114 51 1.0
105 100 1.0
109 98 1.0
36 21 1.0
49 111 1.0
115 67 1.0
34 48 1.0
82 45 1.0
13 2 1.0
77 29 1.0
49 35 1.0
26 22 1.0
89 90 1.0
15 94 1.0
33 52 1.0
57 11 1.0
20 43 1.0
7 121 1.0
118 25 1.0
128 104 1.0
33 32 1.0
88 99 1.0
122 126 1.0
32 18 1.0
47 8 1.0
112 117 1.0
52 44 1.0
118 103 1.0
128 59 1.0
46 110 1.0
126 73 1.0
38 82 1.0
51 47 1.0
125 23 1.0
83 93 1.0
108 28 1.0
12 87 1.0
9 4 1.0
81 38 1.0
48 37 1.0
1 109 1.0
46 80 1.0
9 1 1.0
116 107 1.0
57 97 1.0
88 53 1.0
40 86 1.0
118 33 1.0
34 27 1.0
111 83 1.0
44 125 1.0
22 17 1.0
104 101 1.0
13 21 1.0
35 111 1.0
46 41 1.0
53 83 1.0
19 51 1.0
125 13 1.0
60 35 1.0
99 22 1.0
4 98 1.0
9 48 1.0
20 66 1.0
16 91 1.0
119 37 1.0
96 1 1.0
88 42 1.0
10 53 1.0
76 87 1.0
21 109 1.0
64 38 1.0
42 86 1.0
63 125 1.0
118 17 1.0
119 27 1.0
74 80 1.0
44 107 1.0
87 77 1.0
103 31 1.0
38 5 1.0
39 118 1.0
37 39 1.0
110 72 1.0
100 18 1.0
106 50 1.0
83 14 1.0
71 49 1.0
64 55 1.0
68 113 1.0
18 116 1.0
103 108 1.0
37 92 1.0
72 84 1.0
48 36 1.0
91 29 1.0
98 90 1.0
21 112 1.0
105 52 1.0
37 99 1.0
85 126 1.0
11 8 1.0
127 70 1.0
35 104 1.0
26 43 1.0
56 32 1.0
104 7 1.0
15 104 1.0
117 43 1.0
14 99 1.0
99 79 1.0
38 8 1.0
54 115 1.0
99 10 1.0
45 46 1.0
108 95 1.0
102 58 1.0
64 89 1.0
12 124 1.0
4 57 1.0
44 40 1.0
30 127 1.0
14 91 1.0
27 13 1.0
103 75 1.0
89 12 1.0
30 78 1.0
44 81 1.0
46 20 1.0
121 105 1.0
106 84 1.0
128 61 1.0
118 36 1.0
4 117 1.0
25 44 1.0
27 56 1.0
103 59 1.0
46 54 1.0
84 110 1.0
5 15 1.0
27 47 1.0
113 93 1.0
119 73 1.0
106 28 1.0
119 23 1.0
66 4 1.0
119 60 1.0
48 63 1.0
80 14 1.0
11 128 1.0
35 102 1.0
62 45 1.0
115 92 1.0
76 69 1.0
35 76 1.0
95 106 1.0
85 74 1.0
15 88 1.0
128 94 1.0
66 25 1.0
73 54 1.0
119 32 1.0
42 11 1.0
6 114 1.0
22 121 1.0
71 3 1.0
77 94 1.0
12 52 1.0
12 29 1.0
91 102 1.0
73 76 1.0
76 67 1.0
118 128 1.0
51 45 1.0
91 2 1.0
11 98 1.0
113 21 1.0
91 63 1.0
112 100 1.0
41 58 1.0
125 51 1.0
116 83 1.0
34 125 1.0
98 17 1.0
78 85 1.0
8 41 1.0
36 101 1.0
91 62 1.0
21 65 1.0
19 26 1.0
11 122 1.0
23 30 1.0
18 16 1.0
122 96 1.0
10 71 1.0
73 80 1.0
103 55 1.0
38 42 1.0
100 77 1.0
62 116 1.0
40 49 1.0
117 53 1.0
4 68 1.0
101 5 1.0
84 64 1.0
110 118 1.0
27 15 1.0
87 72 1.0
120 50 1.0
73 59 1.0
101 126 1.0
28 18 1.0
8 73 1.0
113 14 1.0
71 55 1.0
124 113 1.0
111 6 1.0
35 69 1.0
58 88 1.0
70 71 1.0
77 31 1.0
104 89 1.0
26 57 1.0
100 116 1.0
126 128 1.0
93 108 1.0
112 92 1.0
94 99 1.0
87 46 1.0
95 8 1.0
6 39 1.0
57 72 1.0
104 95 1.0
120 124 1.0
42 84 1.0
84 36 1.0
19 70 1.0
45 104 1.0
113 43 1.0
117 32 1.0
52 7 1.0
6 97 1.0
36 123 1.0
13 9 1.0
52 34 1.0
12 33 1.0
116 28 1.0
103 4 1.0
102 38 1.0
22 120 1.0
103 87 1.0
76 61 1.0
18 119 1.0
73 65 1.0
123 24 1.0
108 82 1.0
60 47 1.0
2 75 1.0
27 12 1.0
59 74 1.0
42 19 1.0
69 56 1.0
40 117 1.0
19 44 1.0
63 103 1.0
64 29 1.0
127 90 1.0
52 94 1.0
109 52 1.0
118 67 1.0
117 102 1.0
70 45 1.0
104 22 1.0
51 25 1.0
70 54 1.0
115 114 1.0
18 32 1.0
53 11 1.0
118 121 1.0
5 39 1.0
9 72 1.0
19 18 1.0
114 50 1.0
41 59 1.0
33 126 1.0
67 73 1.0
74 116 1.0
22 64 1.0
88 92 1.0
100 68 1.0
33 5 1.0
121 118 1.0
113 30 1.0
90 6 1.0
18 71 1.0
127 14 1.0
64 49 1.0
83 55 1.0
21 113 1.0
15 41 1.0
57 101 1.0
64 122 1.0
73 26 1.0
122 16 1.0
39 96 1.0
41 13 1.0
18 127 1.0
98 75 1.0
120 12 1.0
90 24 1.0
76 40 1.0
125 103 1.0
116 65 1.0
125 120 1.0
44 20 1.0
23 61 1.0
106 105 1.0
64 81 1.0
113 78 1.0
38 31 1.0
30 124 1.0
29 57 1.0
48 60 1.0
116 89 1.0
4 108 1.0
111 14 1.0
20 128 1.0
38 113 1.0
36 92 1.0
28 69 1.0
128 102 1.0
24 6 1.0
93 74 1.0
109 88 1.0
108 19 1.0
11 106 1.0
122 44 1.0
61 56 1.0
114 117 1.0
92 119 1.0
121 103 1.0
82 65 1.0
123 82 1.0
97 47 1.0
103 93 1.0
14 24 1.0
43 28 1.0
70 75 1.0
60 4 1.0
59 87 1.0
70 61 1.0
37 38 1.0
80 120 1.0
35 1 1.0
24 97 1.0
14 123 1.0
82 7 1.0
34 107 1.0
6 33 1.0
84 86 1.0
86 125 1.0
109 17 1.0
20 27 1.0
43 83 1.0
30 51 1.0
39 58 1.0
64 21 1.0
41 63 1.0
76 100 1.0
45 98 1.0
88 48 1.0
118 2 1.0
86 68 1.0
104 5 1.0
80 109 1.0
5 118 1.0
94 15 1.0
2 23 1.0
1 50 1.0
109 59 1.0
74 126 1.0
90 18 1.0
65 73 1.0
87 25 1.0
111 54 1.0
24 110 1.0
103 26 1.0
59 96 1.0
127 122 1.0
52 86 1.0
83 16 1.0
41 27 1.0
110 80 1.0
70 107 1.0
96 42 1.0
4 77 1.0
106 37 1.0
1 49 1.0
63 53 1.0
5 81 1.0
27 90 1.0
99 105 1.0
101 13 1.0
57 35 1.0
123 66 1.0
67 22 1.0
11 40 1.0
16 127 1.0
92 111 1.0
61 91 1.0
113 41 1.0
18 101 1.0
18 62 1.0
52 39 1.0
46 10 1.0
35 46 1.0
98 95 1.0
124 99 1.0
128 79 1.0
76 8 1.0
123 70 1.0
36 104 1.0
61 43 1.0
76 84 1.0
79 112 1.0
114 36 1.0
89 117 1.0
35 44 1.0
114 103 1.0
41 122 1.0
48 119 1.0
95 65 1.0
98 24 1.0
128 69 1.0
10 88 1.0
40 6 1.0
32 71 1.0
90 74 1.0
60 19 1.0
81 120 1.0
92 20 1.0
18 61 1.0
110 7 1.0
116 97 1.0
29 123 1.0
10 82 1.0
115 127 1.0
18 75 1.0
19 12 1.0
105 81 1.0
27 78 1.0
128 38 1.0
63 58 1.0
80 10 1.0
7 124 1.0
35 21 1.0
58 63 1.0
116 100 1.0
110 9 1.0
110 34 1.0
128 33 1.0
17 115 1.0
52 46 1.0
88 17 1.0
68 85 1.0
44 3 1.0
31 94 1.0
54 52 1.0
86 114 1.0
60 11 1.0
99 121 1.0
36 60 1.0
94 128 1.0
19 45 1.0
43 2 1.0
30 67 1.0
62 29 1.0
64 102 1.0
113 76 1.0
3 115 1.0
5 58 1.0
83 10 1.0
42 124 1.0
97 89 1.0
13 108 1.0
18 57 1.0
120 60 1.0
107 128 1.0
13 113 1.0
100 92 1.0
2 14 1.0
104 102 1.0
67 6 1.0
123 84 1.0
127 20 1.0
80 112 1.0
110 105 1.0
2 43 1.0
122 36 1.0
127 7 1.0
41 99 1.0
7 104 1.0
23 79 1.0
69 46 1.0
12 95 1.0
73 8 1.0
22 41 1.0
110 101 1.0
107 122 1.0
29 40 1.0
79 62 1.0
80 111 1.0
76 13 1.0
72 127 1.0
128 12 1.0
24 91 1.0
120 81 1.0
125 75 1.0
107 78 1.0
128 116 1.0
3 64 1.0
92 53 1.0
50 80 1.0
103 49 1.0
46 55 1.0
4 42 1.0
21 30 1.0
106 77 1.0
62 71 1.0
44 26 1.0
31 16 1.0
64 96 1.0
36 59 1.0
28 126 1.0
35 32 1.0
124 73 1.0
86 25 1.0
50 54 1.0
111 114 1.0
66 68 1.0
84 5 1.0
37 118 1.0
121 15 1.0
127 72 1.0
59 18 1.0
5 50 1.0
94 67 1.0
121 102 1.0
22 45 1.0
6 76 1.0
125 98 1.0
91 128 1.0
51 2 1.0
101 11 1.0
65 94 1.0
94 121 1.0
120 29 1.0
65 3 1.0
42 52 1.0
105 9 1.0
47 125 1.0
55 17 1.0
63 85 1.0
53 7 1.0
91 34 1.0
116 33 1.0
121 58 1.0
69 21 1.0
4 63 1.0
18 100 1.0
41 115 1.0
21 83 1.0
115 124 1.0
86 82 1.0
21 28 1.0
78 75 1.0
88 4 1.0
98 119 1.0
55 47 1.0
51 12 1.0
6 24 1.0
19 120 1.0
43 97 1.0
64 123 1.0
7 20 1.0
111 61 1.0
5 38 1.0
86 44 1.0
72 74 1.0
103 56 1.0
11 117 1.0
95 103 1.0
33 65 1.0
5 69 1.0
73 55 1.0
66 6 1.0
99 88 1.0
69 19 1.0
123 71 1.0
106 116 1.0
16 89 1.0
101 108 1.0
28 14 1.0
7 49 1.0
76 113 1.0
95 92 1.0
19 39 1.0
51 72 1.0
49 46 1.0
46 95 1.0
99 31 1.0
89 124 1.0
34 57 1.0
74 70 1.0
69 104 1.0
68 43 1.0
23 36 1.0
12 99 1.0
73 32 1.0
97 8 1.0
118 29 1.0
28 90 1.0
64 22 1.0
127 105 1.0
29 84 1.0
26 112 1.0
106 98 1.0
59 111 1.0
37 91 1.0
107 13 1.0
51 48 1.0
12 35 1.0
101 66 1.0
13 83 1.0
128 96 1.0
6 51 1.0
84 101 1.0
34 62 1.0
84 41 1.0
33 86 1.0
73 125 1.0
111 27 1.0
40 80 1.0
63 107 1.0
23 42 1.0
114 77 1.0
19 37 1.0
50 1 1.0
31 53 1.0
16 68 1.0
106 87 1.0
66 109 1.0
124 38 1.0
119 15 1.0
43 23 1.0
63 4 1.0
116 59 1.0
47 126 1.0
73 93 1.0
58 73 1.0
71 117 1.0
16 114 1.0
74 54 1.0
43 110 1.0
39 74 1.0
128 121 1.0
52 69 1.0
89 3 1.0
54 94 1.0
122 106 1.0
89 67 1.0
29 102 1.0
98 76 1.0
96 60 1.0
9 128 1.0
11 45 1.0
107 2 1.0
57 89 1.0
34 63 1.0
13 57 1.0
99 58 1.0
66 10 1.0
79 124 1.0
37 115 1.0
33 46 1.0
56 95 1.0
87 85 1.0
102 9 1.0
103 34 1.0
95 79 1.0
119 7 1.0
21 97 1.0
127 123 1.0
19 14 1.0
80 55 1.0
76 6 1.0
83 69 1.0
66 88 1.0
12 19 1.0
20 106 1.0
43 74 1.0
42 56 1.0
86 117 1.0
63 44 1.0
110 103 1.0
52 65 1.0
96 119 1.0
119 47 1.0
92 24 1.0
22 82 1.0
105 75 1.0
80 12 1.0
34 4 1.0
99 28 1.0
102 87 1.0
83 38 1.0
27 120 1.0
50 61 1.0
91 123 1.0
48 81 1.0
8 35 1.0
41 22 1.0
78 90 1.0
58 112 1.0
11 105 1.0
96 84 1.0
95 43 1.0
99 36 1.0
109 70 1.0
76 104 1.0
7 32 1.0
33 99 1.0
62 46 1.0
10 95 1.0
108 8 1.0
124 39 1.0
71 31 1.0
80 72 1.0
60 124 1.0
72 89 1.0
109 108 1.0
84 57 1.0
25 116 1.0
125 128 1.0
53 113 1.0
124 92 1.0
4 37 1.0
6 109 1.0
11 68 1.0
49 5 1.0
52 4 1.0
117 38 1.0
53 86 1.0
109 77 1.0
2 27 1.0
44 80 1.0
118 1 1.0
56 107 1.0
113 42 1.0
19 53 1.0
28 101 1.0
80 51 1.0
29 41 1.0
48 26 1.0
115 125 1.0
5 96 1.0
99 13 1.0
1 127 1.0
33 66 1.0
97 91 1.0
107 40 1.0
69 62 1.0
6 111 1.0
4 60 1.0
114 128 1.0
9 2 1.0
43 58 1.0
47 21 1.0
11 63 1.0
26 100 1.0
47 29 1.0
120 3 1.0
46 52 1.0
26 67 1.0
93 102 1.0
58 45 1.0
68 76 1.0
13 117 1.0
84 114 1.0
12 54 1.0
23 11 1.0
60 94 1.0
72 121 1.0
45 15 1.0
112 23 1.0
54 126 1.0
82 93 1.0
97 59 1.0
79 110 1.0
12 73 1.0
20 82 1.0
28 75 1.0
33 78 1.0
51 81 1.0
64 20 1.0
68 61 1.0
80 105 1.0
3 117 1.0
59 103 1.0
66 65 1.0
117 40 1.0
73 127 1.0
113 12 1.0
35 24 1.0
43 9 1.0
121 46 1.0
15 95 1.0
10 85 1.0
68 115 1.0
123 10 1.0
27 124 1.0
26 120 1.0
60 123 1.0
101 7 1.0
66 34 1.0
107 97 1.0
13 79 1.0
1 31 1.0
110 50 1.0
69 116 1.0
53 5 1.0
71 64 1.0
25 118 1.0
102 99 1.0
21 104 1.0
76 32 1.0
23 39 1.0
108 72 1.0
36 126 1.0
123 18 1.0
3 8 1.0
49 88 1.0
107 19 1.0
64 71 1.0
48 44 1.0
39 26 1.0
121 122 1.0
62 14 1.0
76 49 1.0
23 113 1.0
102 92 1.0
8 30 1.0
68 55 1.0
74 6 1.0
76 98 1.0
3 111 1.0
1 91 1.0
90 101 1.0
27 21 1.0
57 100 1.0
33 83 1.0
121 17 1.0
93 51 1.0
69 86 1.0
61 125 1.0
10 27 1.0
7 25 1.0
102 43 1.0
13 121 1.0
16 84 1.0
55 90 1.0
128 112 1.0
76 29 1.0
116 22 1.0
51 52 1.0
128 13 1.0
72 48 1.0
104 35 1.0
88 66 1.0
125 59 1.0
53 47 1.0
89 73 1.0
110 117 1.0
118 44 1.0
67 103 1.0
20 110 1.0
110 74 1.0
121 56 1.0
94 69 1.0
106 88 1.0
106 19 1.0
28 106 1.0
5 80 1.0
98 107 1.0
47 42 1.0
41 33 1.0
90 37 1.0
114 1 1.0
3 109 1.0
21 53 1.0
78 28 1.0
110 87 1.0
42 38 1.0
25 82 1.0
55 23 1.0
84 93 1.0
28 4 1.0
