*Vertices 64
1 "V0"
2 "V63"
3 "V52"
4 "V11"
5 "V15"
6 "V48"
7 "V45"
8 "V30"
9 "V29"
10 "V34"
11 "V33"
12 "V27"
13 "V9"
14 "V13"
15 "V17"
16 "V50"
17 "V28"
18 "V31"
19 "V35"
20 "V32"
21 "V46"
22 "V14"
23 "V51"
24 "V49"
25 "V16"
26 "V10"
27 "V53"
28 "V12"
29 "V47"
30 "V22"
31 "V26"
32 "V59"
33 "V37"
34 "V40"
35 "V44"
36 "V41"
37 "V55"
38 "V60"
39 "V58"
40 "V19"
41 "V25"
42 "V62"
43 "V56"
44 "V21"
45 "V23"
46 "V7"
47 "V5"
48 "V3"
49 "V1"
50 "V20"
51 "V61"
52 "V57"
53 "V24"
54 "V54"
55 "V38"
56 "V43"
57 "V42"
58 "V39"
59 "V36"
60 "V18"
61 "V6"
62 "V8"
63 "V4"
64 "V2"
*Arcs
46 1 1.0
34 17 1.0
5 58 1.0
38 43 1.0
40 5 1.0
23 52 1.0
42 22 1.0
39 50 1.0
63 9 1.0
36 61 1.0
48 7 1.0
58 46 1.0
1 21 1.0
38 4 1.0
37 19 1.0
56 44 1.0
44 2 1.0
44 59 1.0
20 64 1.0
18 28 1.0
5 41 1.0
42 3 1.0
6 23 1.0
18 48 1.0
39 48 1.0
35 41 1.0
5 54 1.0
10 36 1.0
53 31 1.0
37 32 1.0
60 51 1.0
34 15 1.0
10 57 1.0
40 60 1.0
37 18 1.0
53 6 1.0
10 26 1.0
14 24 1.0
36 13 1.0
3 20 1.0
19 45 1.0
25 55 1.0
34 55 1.0
38 45 1.0
17 22 1.0
27 47 1.0
2 47 1.0
53 43 1.0
31 56 1.0
64 17 1.0
50 42 1.0
39 42 1.0
36 60 1.0
46 35 1.0
41 10 1.0
14 50 1.0
24 16 1.0
56 24 1.0
57 4 1.0
48 4 1.0
40 19 1.0
5 53 1.0
55 58 1.0
41 49 1.0
25 34 1.0
10 1 1.0
42 52 1.0
37 53 1.0
30 5 1.0
49 8 1.0
63 36 1.0
34 25 1.0
56 39 1.0
4 32 1.0
24 5 1.0
31 30 1.0
14 18 1.0
23 21 1.0
62 13 1.0
33 29 1.0
4 62 1.0
28 14 1.0
25 33 1.0
37 30 1.0
10 33 1.0
32 48 1.0
3 14 1.0
19 31 1.0
64 37 1.0
53 54 1.0
11 12 1.0
64 11 1.0
33 45 1.0
33 6 1.0
33 26 1.0
5 24 1.0
23 13 1.0
26 56 1.0
31 20 1.0
26 38 1.0
44 60 1.0
52 15 1.0
39 51 1.0
48 61 1.0
46 5 1.0
48 17 1.0
50 52 1.0
9 43 1.0
7 17 1.0
58 22 1.0
63 53 1.0
41 55 1.0
36 55 1.0
7 2 1.0
40 44 1.0
25 21 1.0
47 59 1.0
47 30 1.0
54 61 1.0
16 46 1.0
62 9 1.0
13 7 1.0
47 36 1.0
55 48 1.0
42 36 1.0
35 64 1.0
7 41 1.0
15 32 1.0
36 25 1.0
46 3 1.0
45 27 1.0
48 28 1.0
6 59 1.0
34 28 1.0
60 41 1.0
34 29 1.0
43 30 1.0
40 33 1.0
11 62 1.0
4 13 1.0
36 30 1.0
61 29 1.0
25 18 1.0
5 56 1.0
58 56 1.0
11 47 1.0
52 12 1.0
32 51 1.0
37 47 1.0
17 60 1.0
12 54 1.0
4 37 1.0
25 14 1.0
58 33 1.0
61 22 1.0
37 31 1.0
58 19 1.0
41 53 1.0
52 24 1.0
7 4 1.0
61 4 1.0
48 23 1.0
13 35 1.0
59 10 1.0
45 42 1.0
22 50 1.0
56 60 1.0
32 42 1.0
51 46 1.0
3 5 1.0
44 9 1.0
54 39 1.0
4 39 1.0
59 8 1.0
8 5 1.0
47 41 1.0
3 58 1.0
6 49 1.0
33 34 1.0
3 1 1.0
32 41 1.0
23 25 1.0
26 48 1.0
17 57 1.0
41 36 1.0
56 48 1.0
32 15 1.0
15 13 1.0
19 20 1.0
53 32 1.0
40 18 1.0
26 51 1.0
46 59 1.0
30 21 1.0
12 44 1.0
6 2 1.0
46 30 1.0
8 41 1.0
52 59 1.0
10 27 1.0
14 28 1.0
57 28 1.0
53 3 1.0
58 43 1.0
31 52 1.0
26 5 1.0
41 17 1.0
37 55 1.0
12 61 1.0
60 7 1.0
45 35 1.0
41 46 1.0
55 50 1.0
47 2 1.0
27 17 1.0
50 24 1.0
2 13 1.0
34 26 1.0
35 6 1.0
40 11 1.0
7 45 1.0
31 55 1.0
47 53 1.0
39 22 1.0
50 39 1.0
32 39 1.0
4 25 1.0
43 9 1.0
42 34 1.0
48 62 1.0
40 29 1.0
45 21 1.0
36 62 1.0
15 30 1.0
29 8 1.0
46 23 1.0
28 4 1.0
29 4 1.0
39 24 1.0
34 19 1.0
59 53 1.0
1 64 1.0
63 49 1.0
52 58 1.0
46 41 1.0
36 5 1.0
42 12 1.0
19 60 1.0
36 47 1.0
16 56 1.0
25 56 1.0
43 47 1.0
18 42 1.0
47 40 1.0
32 26 1.0
27 10 1.0
13 42 1.0
51 11 1.0
53 33 1.0
57 29 1.0
57 30 1.0
39 30 1.0
5 12 1.0
35 33 1.0
30 37 1.0
44 14 1.0
33 54 1.0
25 22 1.0
32 4 1.0
59 44 1.0
50 2 1.0
25 59 1.0
6 19 1.0
57 50 1.0
39 17 1.0
17 7 1.0
18 61 1.0
9 46 1.0
37 35 1.0
12 17 1.0
49 58 1.0
57 52 1.0
38 22 1.0
54 43 1.0
22 5 1.0
59 55 1.0
46 53 1.0
45 24 1.0
29 45 1.0
21 29 1.0
38 6 1.0
5 26 1.0
13 45 1.0
21 20 1.0
56 32 1.0
22 51 1.0
33 18 1.0
26 60 1.0
50 13 1.0
20 57 1.0
7 48 1.0
45 48 1.0
11 36 1.0
49 31 1.0
59 15 1.0
52 27 1.0
2 28 1.0
22 28 1.0
27 3 1.0
42 59 1.0
11 41 1.0
57 24 1.0
38 24 1.0
4 53 1.0
17 4 1.0
22 42 1.0
49 19 1.0
27 42 1.0
62 10 1.0
59 40 1.0
51 26 1.0
2 56 1.0
32 47 1.0
23 47 1.0
45 56 1.0
1 17 1.0
33 60 1.0
18 37 1.0
53 14 1.0
29 54 1.0
45 22 1.0
39 33 1.0
40 12 1.0
4 14 1.0
24 30 1.0
17 33 1.0
2 59 1.0
41 30 1.0
47 18 1.0
59 29 1.0
13 62 1.0
58 21 1.0
47 13 1.0
52 9 1.0
64 36 1.0
46 32 1.0
6 5 1.0
17 39 1.0
12 25 1.0
46 34 1.0
14 41 1.0
31 23 1.0
48 64 1.0
24 53 1.0
4 49 1.0
