*Vertices 64
1 "V0"
2 "V63"
3 "V52"
4 "V11"
5 "V15"
6 "V48"
7 "V45"
8 "V30"
9 "V29"
10 "V34"
11 "V33"
12 "V27"
13 "V9"
14 "V13"
15 "V17"
16 "V50"
17 "V28"
18 "V31"
19 "V35"
20 "V32"
21 "V46"
22 "V14"
23 "V51"
24 "V49"
25 "V16"
26 "V10"
27 "V53"
28 "V12"
29 "V47"
30 "V22"
31 "V26"
32 "V59"
33 "V37"
34 "V40"
35 "V44"
36 "V41"
37 "V55"
38 "V60"
39 "V58"
40 "V19"
41 "V25"
42 "V62"
43 "V56"
44 "V21"
45 "V23"
46 "V7"
47 "V5"
48 "V3"
49 "V1"
50 "V20"
51 "V61"
52 "V57"
53 "V24"
54 "V54"
55 "V38"
56 "V43"
57 "V42"
58 "V39"
59 "V36"
60 "V18"
61 "V6"
62 "V8"
63 "V4"
64 "V2"
*Arcs
1 21 1.0
30 5 1.0
11 41 1.0
16 19 1.0
47 57 1.0
23 15 1.0
63 62 1.0
4 50 1.0
30 12 1.0
8 57 1.0
58 34 1.0
10 49 1.0
34 6 1.0
1 62 1.0
17 51 1.0
4 15 1.0
39 31 1.0
52 18 1.0
9 22 1.0
13 1 1.0
1 12 1.0
15 59 1.0
29 41 1.0
21 10 1.0
14 60 1.0
15 46 1.0
60 62 1.0
6 2 1.0
59 46 1.0
40 57 1.0
54 61 1.0
37 41 1.0
46 17 1.0
33 62 1.0
62 23 1.0
41 15 1.0
56 44 1.0
23 52 1.0
35 47 1.0
29 44 1.0
51 19 1.0
31 16 1.0
22 14 1.0
20 26 1.0
11 64 1.0
5 46 1.0
48 49 1.0
51 34 1.0
30 55 1.0
31 5 1.0
16 39 1.0
55 25 1.0
44 62 1.0
43 25 1.0
43 51 1.0
13 44 1.0
58 57 1.0
12 63 1.0
26 7 1.0
7 19 1.0
7 58 1.0
38 18 1.0
43 15 1.0
42 10 1.0
17 61 1.0
25 15 1.0
10 50 1.0
47 59 1.0
10 1 1.0
49 11 1.0
23 57 1.0
15 25 1.0
47 2 1.0
2 34 1.0
45 23 1.0
19 52 1.0
61 14 1.0
3 20 1.0
27 19 1.0
61 9 1.0
28 61 1.0
53 44 1.0
36 12 1.0
56 12 1.0
57 34 1.0
58 62 1.0
49 1 1.0
8 23 1.0
14 4 1.0
38 19 1.0
18 43 1.0
32 56 1.0
60 32 1.0
64 34 1.0
40 16 1.0
24 57 1.0
6 9 1.0
50 34 1.0
31 34 1.0
22 53 1.0
56 18 1.0
3 21 1.0
35 5 1.0
6 45 1.0
33 16 1.0
41 44 1.0
54 49 1.0
62 44 1.0
46 4 1.0
37 34 1.0
12 59 1.0
63 21 1.0
44 6 1.0
23 64 1.0
16 14 1.0
30 64 1.0
48 57 1.0
5 44 1.0
42 39 1.0
20 61 1.0
51 48 1.0
11 4 1.0
39 10 1.0
52 25 1.0
4 8 1.0
34 26 1.0
9 11 1.0
28 63 1.0
18 50 1.0
19 12 1.0
45 34 1.0
34 49 1.0
19 9 1.0
22 17 1.0
59 10 1.0
26 50 1.0
60 49 1.0
27 57 1.0
46 33 1.0
21 4 1.0
29 17 1.0
1 63 1.0
9 44 1.0
49 27 1.0
60 26 1.0
38 22 1.0
32 41 1.0
57 16 1.0
14 62 1.0
8 41 1.0
34 55 1.0
35 22 1.0
14 44 1.0
36 15 1.0
53 57 1.0
33 17 1.0
55 5 1.0
40 51 1.0
50 40 1.0
37 60 1.0
45 47 1.0
62 53 1.0
6 20 1.0
24 26 1.0
64 33 1.0
18 23 1.0
64 39 1.0
40 58 1.0
17 27 1.0
25 12 1.0
7 40 1.0
51 53 1.0
52 44 1.0
21 20 1.0
58 33 1.0
12 44 1.0
43 58 1.0
26 17 1.0
13 57 1.0
52 19 1.0
59 34 1.0
61 2 1.0
45 62 1.0
3 57 1.0
3 50 1.0
53 50 1.0
47 55 1.0
15 43 1.0
2 4 1.0
10 17 1.0
61 62 1.0
2 46 1.0
19 44 1.0
64 20 1.0
40 63 1.0
46 62 1.0
4 34 1.0
59 44 1.0
59 22 1.0
5 63 1.0
62 2 1.0
7 64 1.0
41 17 1.0
27 30 1.0
41 1 1.0
54 64 1.0
9 13 1.0
36 46 1.0
39 13 1.0
4 59 1.0
39 48 1.0
28 62 1.0
60 14 1.0
8 9 1.0
29 60 1.0
1 35 1.0
49 16 1.0
29 18 1.0
16 13 1.0
23 44 1.0
63 34 1.0
44 7 1.0
11 34 1.0
17 64 1.0
34 25 1.0
58 46 1.0
20 2 1.0
26 8 1.0
52 13 1.0
30 42 1.0
35 25 1.0
24 23 1.0
27 13 1.0
56 25 1.0
31 33 1.0
22 34 1.0
51 3 1.0
42 55 1.0
20 50 1.0
5 2 1.0
48 52 1.0
3 12 1.0
27 43 1.0
61 44 1.0
45 13 1.0
19 50 1.0
33 2 1.0
57 5 1.0
36 49 1.0
36 2 1.0
28 2 1.0
32 21 1.0
53 47 1.0
21 63 1.0
39 43 1.0
42 64 1.0
7 57 1.0
17 48 1.0
25 58 1.0
46 7 1.0
2 59 1.0
48 64 1.0
10 53 1.0
15 35 1.0
47 23 1.0
50 8 1.0
13 14 1.0
50 21 1.0
55 49 1.0
33 44 1.0
53 2 1.0
43 47 1.0
13 46 1.0
54 34 1.0
12 16 1.0
37 61 1.0
31 6 1.0
18 64 1.0
57 55 1.0
38 35 1.0
14 22 1.0
32 14 1.0
22 10 1.0
50 48 1.0
18 39 1.0
24 1 1.0
64 6 1.0
6 59 1.0
48 22 1.0
39 3 1.0
2 15 1.0
4 9 1.0
52 50 1.0
9 63 1.0
17 54 1.0
26 47 1.0
30 34 1.0
34 14 1.0
9 62 1.0
11 54 1.0
58 8 1.0
44 46 1.0
11 50 1.0
23 20 1.0
63 4 1.0
16 62 1.0
63 44 1.0
20 31 1.0
5 43 1.0
35 62 1.0
5 47 1.0
42 17 1.0
51 7 1.0
56 39 1.0
56 43 1.0
16 55 1.0
22 2 1.0
38 16 1.0
31 62 1.0
54 6 1.0
54 63 1.0
41 36 1.0
62 64 1.0
21 5 1.0
33 10 1.0
25 14 1.0
28 16 1.0
59 45 1.0
40 14 1.0
46 43 1.0
6 13 1.0
49 18 1.0
1 34 1.0
29 19 1.0
8 44 1.0
60 15 1.0
35 30 1.0
7 25 1.0
25 46 1.0
32 64 1.0
42 15 1.0
37 56 1.0
12 43 1.0
43 62 1.0
12 8 1.0
26 51 1.0
37 11 1.0
55 30 1.0
41 2 1.0
44 41 1.0
55 6 1.0
44 50 1.0
13 62 1.0
24 33 1.0
64 42 1.0
24 4 1.0
48 20 1.0
20 32 1.0
50 11 1.0
38 62 1.0
49 47 1.0
14 13 1.0
32 17 1.0
18 20 1.0
8 55 1.0
28 23 1.0
53 62 1.0
57 59 1.0
55 17 1.0
36 11 1.0
57 4 1.0
45 31 1.0
19 34 1.0
27 31 1.0
47 54 1.0
3 43 1.0
61 58 1.0
10 6 1.0
15 13 1.0
21 57 1.0
62 16 1.0
25 21 1.0
63 56 1.0
2 21 1.0
