*Vertices 128
1 "V0"
2 "V100"
3 "V11"
4 "V89"
5 "V15"
6 "V85"
7 "V119"
8 "V104"
9 "V45"
10 "V30"
11 "V34"
12 "V64"
13 "V123"
14 "V121"
15 "V125"
16 "V9"
17 "V68"
18 "V66"
19 "V70"
20 "V13"
21 "V17"
22 "V87"
23 "V28"
24 "V102"
25 "V117"
26 "V32"
27 "V106"
28 "V51"
29 "V49"
30 "V47"
31 "V53"
32 "V81"
33 "V83"
34 "V22"
35 "V26"
36 "V96"
37 "V37"
38 "V111"
39 "V126"
40 "V41"
41 "V115"
42 "V60"
43 "V58"
44 "V56"
45 "V62"
46 "V7"
47 "V5"
48 "V3"
49 "V1"
50 "V90"
51 "V92"
52 "V109"
53 "V98"
54 "V20"
55 "V24"
56 "V94"
57 "V113"
58 "V54"
59 "V43"
60 "V39"
61 "V73"
62 "V18"
63 "V77"
64 "V75"
65 "V79"
66 "V63"
67 "V122"
68 "V52"
69 "V48"
70 "V118"
71 "V107"
72 "V29"
73 "V103"
74 "V33"
75 "V27"
76 "V86"
77 "V84"
78 "V88"
79 "V82"
80 "V120"
81 "V50"
82 "V124"
83 "V31"
84 "V35"
85 "V105"
86 "V46"
87 "V14"
88 "V10"
89 "V16"
90 "V12"
91 "V101"
92 "V99"
93 "V65"
94 "V71"
95 "V67"
96 "V69"
97 "V59"
98 "V40"
99 "V44"
100 "V114"
101 "V55"
102 "V25"
103 "V19"
104 "V21"
105 "V110"
106 "V108"
107 "V23"
108 "V76"
109 "V74"
110 "V80"
111 "V78"
112 "V72"
113 "V61"
114 "V57"
115 "V127"
116 "V38"
117 "V116"
118 "V112"
119 "V42"
120 "V36"
121 "V95"
122 "V93"
123 "V97"
124 "V91"
125 "V8"
126 "V6"
127 "V4"
128 "V2"
*Arcs
127 1 1.0
109 58 1.0
97 106 1.0
28 104 1.0
27 109 1.0
70 119 1.0
69 121 1.0
79 125 1.0
108 45 1.0
20 117 1.0
2 33 1.0
4 72 1.0
53 73 1.0
26 29 1.0
64 89 1.0
54 82 1.0
91 96 1.0
105 37 1.0
29 124 1.0
86 48 1.0
79 38 1.0
108 114 1.0
68 55 1.0
7 9 1.0
126 65 1.0
101 93 1.0
73 53 1.0
55 3 1.0
56 76 1.0
18 7 1.0
64 26 1.0
63 27 1.0
16 54 1.0
11 68 1.0
109 39 1.0
52 98 1.0
64 112 1.0
77 42 1.0
21 56 1.0
61 126 1.0
75 79 1.0
94 100 1.0
36 75 1.0
114 91 1.0
84 69 1.0
73 4 1.0
10 84 1.0
19 49 1.0
33 87 1.0
48 17 1.0
35 67 1.0
92 36 1.0
1 99 1.0
60 52 1.0
81 101 1.0
124 108 1.0
24 34 1.0
38 10 1.0
25 77 1.0
105 16 1.0
67 117 1.0
93 66 1.0
11 94 1.0
98 15 1.0
9 60 1.0
69 81 1.0
79 8 1.0
69 21 1.0
17 110 1.0
24 118 1.0
95 102 1.0
89 97 1.0
42 51 1.0
100 127 1.0
22 80 1.0
17 74 1.0
10 18 1.0
96 92 1.0
119 90 1.0
79 86 1.0
127 109 1.0
71 54 1.0
111 71 1.0
1 31 1.0
111 22 1.0
121 41 1.0
53 46 1.0
52 113 1.0
70 56 1.0
32 115 1.0
68 119 1.0
66 13 1.0
37 96 1.0
49 37 1.0
38 50 1.0
19 128 1.0
66 44 1.0
126 33 1.0
115 23 1.0
50 24 1.0
57 69 1.0
26 89 1.0
44 12 1.0
124 70 1.0
83 26 1.0
62 76 1.0
63 28 1.0
108 105 1.0
50 107 1.0
31 111 1.0
116 9 1.0
24 123 1.0
53 88 1.0
115 57 1.0
24 35 1.0
49 126 1.0
60 42 1.0
32 30 1.0
92 32 1.0
34 112 1.0
76 85 1.0
81 103 1.0
65 122 1.0
55 39 1.0
12 98 1.0
38 106 1.0
14 58 1.0
123 1 1.0
74 64 1.0
3 34 1.0
4 20 1.0
32 95 1.0
121 2 1.0
102 4 1.0
122 11 1.0
112 14 1.0
125 8 1.0
67 89 1.0
86 19 1.0
98 77 1.0
63 29 1.0
97 117 1.0
13 45 1.0
13 72 1.0
120 59 1.0
47 36 1.0
45 16 1.0
47 92 1.0
68 3 1.0
122 93 1.0
97 65 1.0
3 86 1.0
10 43 1.0
5 118 1.0
8 55 1.0
122 82 1.0
26 116 1.0
85 124 1.0
46 127 1.0
41 126 1.0
68 56 1.0
9 40 1.0
88 115 1.0
23 61 1.0
31 54 1.0
73 27 1.0
101 68 1.0
1 22 1.0
52 7 1.0
39 26 1.0
11 50 1.0
49 128 1.0
102 120 1.0
96 67 1.0
44 17 1.0
125 5 1.0
106 91 1.0
9 69 1.0
110 79 1.0
55 23 1.0
127 41 1.0
82 42 1.0
106 8 1.0
48 62 1.0
4 81 1.0
33 15 1.0
123 60 1.0
122 94 1.0
102 47 1.0
58 97 1.0
85 51 1.0
47 32 1.0
88 35 1.0
120 57 1.0
19 52 1.0
99 107 1.0
124 101 1.0
56 99 1.0
60 63 1.0
49 12 1.0
88 123 1.0
30 88 1.0
72 6 1.0
93 25 1.0
65 83 1.0
101 109 1.0
111 119 1.0
89 121 1.0
115 46 1.0
37 45 1.0
15 41 1.0
17 72 1.0
79 33 1.0
104 29 1.0
40 73 1.0
43 89 1.0
82 92 1.0
106 86 1.0
124 90 1.0
122 18 1.0
1 14 1.0
24 22 1.0
16 11 1.0
88 106 1.0
117 31 1.0
103 104 1.0
80 28 1.0
78 76 1.0
104 7 1.0
30 26 1.0
46 3 1.0
13 12 1.0
49 56 1.0
124 98 1.0
119 39 1.0
42 112 1.0
52 103 1.0
87 27 1.0
21 114 1.0
102 124 1.0
21 48 1.0
73 13 1.0
65 37 1.0
22 96 1.0
94 53 1.0
56 9 1.0
100 111 1.0
74 38 1.0
34 55 1.0
1 52 1.0
33 34 1.0
108 64 1.0
96 4 1.0
29 49 1.0
55 101 1.0
11 66 1.0
38 117 1.0
29 10 1.0
112 59 1.0
44 36 1.0
108 16 1.0
86 75 1.0
41 32 1.0
114 126 1.0
66 100 1.0
64 42 1.0
57 14 1.0
121 95 1.0
82 11 1.0
126 69 1.0
75 91 1.0
31 87 1.0
31 74 1.0
83 80 1.0
49 18 1.0
54 71 1.0
2 68 1.0
97 22 1.0
74 110 1.0
23 102 1.0
106 3 1.0
81 92 1.0
45 86 1.0
62 51 1.0
5 15 1.0
125 60 1.0
69 118 1.0
114 127 1.0
127 97 1.0
21 81 1.0
2 77 1.0
57 19 1.0
94 8 1.0
104 21 1.0
127 44 1.0
26 105 1.0
65 107 1.0
103 111 1.0
115 99 1.0
17 24 1.0
71 5 1.0
82 17 1.0
87 13 1.0
42 120 1.0
22 50 1.0
11 128 1.0
72 113 1.0
79 41 1.0
85 23 1.0
100 79 1.0
122 69 1.0
64 54 1.0
95 115 1.0
111 61 1.0
57 40 1.0
2 56 1.0
86 46 1.0
39 18 1.0
37 2 1.0
83 20 1.0
75 30 1.0
12 32 1.0
22 35 1.0
4 57 1.0
53 97 1.0
91 47 1.0
75 122 1.0
126 98 1.0
80 15 1.0
127 112 1.0
96 62 1.0
97 85 1.0
116 28 1.0
51 6 1.0
73 83 1.0
30 70 1.0
110 88 1.0
99 12 1.0
94 123 1.0
109 124 1.0
56 48 1.0
49 43 1.0
48 19 1.0
76 89 1.0
86 82 1.0
7 37 1.0
114 29 1.0
52 73 1.0
55 117 1.0
73 72 1.0
80 33 1.0
4 121 1.0
98 16 1.0
65 45 1.0
20 64 1.0
128 59 1.0
22 58 1.0
64 106 1.0
117 104 1.0
84 14 1.0
28 11 1.0
43 78 1.0
120 1 1.0
81 67 1.0
109 84 1.0
20 17 1.0
110 91 1.0
73 87 1.0
116 69 1.0
25 108 1.0
45 52 1.0
115 34 1.0
110 49 1.0
17 101 1.0
20 50 1.0
128 25 1.0
26 88 1.0
78 66 1.0
8 36 1.0
113 99 1.0
36 21 1.0
121 8 1.0
45 81 1.0
15 77 1.0
47 83 1.0
117 53 1.0
82 9 1.0
36 38 1.0
102 65 1.0
45 55 1.0
76 26 1.0
91 76 1.0
40 3 1.0
112 7 1.0
94 93 1.0
13 39 1.0
65 112 1.0
82 98 1.0
9 68 1.0
36 27 1.0
72 54 1.0
53 100 1.0
39 75 1.0
28 79 1.0
74 56 1.0
32 126 1.0
50 42 1.0
73 41 1.0
87 72 1.0
25 113 1.0
39 69 1.0
103 33 1.0
63 96 1.0
60 89 1.0
27 24 1.0
80 50 1.0
64 37 1.0
17 13 1.0
52 105 1.0
53 44 1.0
53 128 1.0
108 111 1.0
100 107 1.0
128 3 1.0
115 123 1.0
4 9 1.0
98 26 1.0
91 70 1.0
78 12 1.0
86 15 1.0
93 94 1.0
93 60 1.0
65 51 1.0
125 47 1.0
127 57 1.0
55 97 1.0
33 102 1.0
56 110 1.0
78 86 1.0
79 92 1.0
63 90 1.0
114 18 1.0
73 80 1.0
63 74 1.0
124 22 1.0
47 31 1.0
124 71 1.0
1 104 1.0
103 109 1.0
12 119 1.0
14 56 1.0
106 46 1.0
11 8 1.0
100 29 1.0
97 77 1.0
87 10 1.0
110 117 1.0
94 16 1.0
3 66 1.0
40 36 1.0
101 59 1.0
68 64 1.0
44 34 1.0
23 86 1.0
25 65 1.0
54 118 1.0
41 55 1.0
111 43 1.0
13 124 1.0
54 127 1.0
61 116 1.0
118 82 1.0
64 19 1.0
1 21 1.0
29 42 1.0
59 100 1.0
48 75 1.0
72 39 1.0
64 98 1.0
24 122 1.0
11 126 1.0
27 85 1.0
58 103 1.0
11 112 1.0
44 76 1.0
78 28 1.0
62 49 1.0
3 101 1.0
14 106 1.0
4 14 1.0
106 11 1.0
119 4 1.0
118 2 1.0
107 87 1.0
76 95 1.0
27 32 1.0
70 30 1.0
52 99 1.0
96 63 1.0
33 25 1.0
26 12 1.0
37 123 1.0
44 88 1.0
21 128 1.0
28 50 1.0
11 120 1.0
114 107 1.0
50 52 1.0
100 101 1.0
92 15 1.0
8 60 1.0
100 94 1.0
113 97 1.0
118 51 1.0
19 47 1.0
108 6 1.0
76 83 1.0
115 8 1.0
21 62 1.0
36 81 1.0
108 68 1.0
47 71 1.0
17 54 1.0
28 61 1.0
99 115 1.0
42 40 1.0
74 92 1.0
63 3 1.0
100 93 1.0
46 80 1.0
83 74 1.0
90 22 1.0
101 69 1.0
125 24 1.0
18 17 1.0
87 5 1.0
122 67 1.0
113 56 1.0
127 46 1.0
103 113 1.0
104 41 1.0
18 23 1.0
36 79 1.0
88 93 1.0
98 7 1.0
109 26 1.0
70 9 1.0
92 53 1.0
104 3 1.0
109 27 1.0
125 54 1.0
19 112 1.0
122 76 1.0
54 68 1.0
5 82 1.0
56 96 1.0
53 37 1.0
51 73 1.0
83 29 1.0
19 89 1.0
32 38 1.0
60 55 1.0
39 111 1.0
69 124 1.0
74 48 1.0
97 114 1.0
55 121 1.0
118 119 1.0
51 109 1.0
29 104 1.0
44 106 1.0
92 33 1.0
61 72 1.0
88 117 1.0
93 45 1.0
108 125 1.0
89 2 1.0
106 90 1.0
13 86 1.0
20 32 1.0
31 57 1.0
107 35 1.0
112 58 1.0
46 78 1.0
3 14 1.0
89 11 1.0
41 18 1.0
20 97 1.0
53 118 1.0
58 102 1.0
58 110 1.0
112 86 1.0
93 92 1.0
125 90 1.0
55 18 1.0
77 80 1.0
113 74 1.0
95 22 1.0
116 66 1.0
7 117 1.0
94 10 1.0
117 77 1.0
9 81 1.0
32 8 1.0
30 21 1.0
26 94 1.0
35 15 1.0
34 60 1.0
107 51 1.0
122 127 1.0
78 4 1.0
34 84 1.0
127 67 1.0
37 52 1.0
86 101 1.0
97 49 1.0
58 108 1.0
123 34 1.0
121 36 1.0
71 16 1.0
36 59 1.0
90 56 1.0
19 39 1.0
91 98 1.0
19 100 1.0
94 126 1.0
110 42 1.0
21 79 1.0
76 75 1.0
65 87 1.0
1 17 1.0
101 91 1.0
26 69 1.0
12 2 1.0
66 30 1.0
7 57 1.0
122 32 1.0
123 35 1.0
63 122 1.0
1 126 1.0
38 97 1.0
103 112 1.0
5 39 1.0
45 98 1.0
81 28 1.0
63 85 1.0
126 103 1.0
113 70 1.0
88 26 1.0
5 76 1.0
53 123 1.0
50 88 1.0
81 12 1.0
59 111 1.0
11 9 1.0
37 105 1.0
4 107 1.0
86 44 1.0
85 50 1.0
18 128 1.0
112 120 1.0
114 13 1.0
35 96 1.0
32 24 1.0
87 89 1.0
105 69 1.0
39 79 1.0
82 23 1.0
51 41 1.0
69 113 1.0
63 46 1.0
57 56 1.0
59 119 1.0
65 115 1.0
105 61 1.0
2 54 1.0
109 71 1.0
100 68 1.0
125 115 1.0
28 56 1.0
87 40 1.0
91 126 1.0
117 100 1.0
38 42 1.0
82 76 1.0
105 26 1.0
91 27 1.0
58 68 1.0
92 112 1.0
68 54 1.0
115 9 1.0
115 53 1.0
30 3 1.0
33 93 1.0
6 7 1.0
24 124 1.0
25 48 1.0
87 43 1.0
46 118 1.0
33 55 1.0
68 65 1.0
49 8 1.0
105 89 1.0
96 29 1.0
76 82 1.0
39 37 1.0
116 19 1.0
50 45 1.0
128 36 1.0
101 16 1.0
116 77 1.0
68 117 1.0
100 72 1.0
128 34 1.0
2 106 1.0
80 58 1.0
89 59 1.0
23 64 1.0
93 14 1.0
74 95 1.0
19 20 1.0
14 78 1.0
124 1 1.0
97 11 1.0
60 73 1.0
58 89 1.0
76 96 1.0
110 33 1.0
62 29 1.0
62 45 1.0
7 41 1.0
45 72 1.0
61 119 1.0
126 121 1.0
100 46 1.0
3 53 1.0
47 3 1.0
118 12 1.0
38 111 1.0
122 9 1.0
127 48 1.0
15 44 1.0
67 105 1.0
103 55 1.0
2 13 1.0
111 37 1.0
104 124 1.0
14 122 1.0
81 126 1.0
4 98 1.0
98 39 1.0
114 112 1.0
73 103 1.0
20 27 1.0
118 28 1.0
18 76 1.0
59 26 1.0
100 70 1.0
101 4 1.0
40 49 1.0
52 14 1.0
70 11 1.0
50 95 1.0
48 91 1.0
29 87 1.0
127 69 1.0
105 32 1.0
21 75 1.0
45 100 1.0
95 42 1.0
31 17 1.0
95 67 1.0
87 120 1.0
83 50 1.0
67 49 1.0
6 101 1.0
21 23 1.0
44 79 1.0
40 69 1.0
71 91 1.0
115 87 1.0
123 66 1.0
98 25 1.0
114 83 1.0
102 6 1.0
108 81 1.0
96 52 1.0
90 107 1.0
75 63 1.0
108 99 1.0
115 36 1.0
99 88 1.0
35 57 1.0
103 47 1.0
37 97 1.0
14 110 1.0
7 102 1.0
64 94 1.0
39 21 1.0
85 8 1.0
6 51 1.0
42 15 1.0
110 60 1.0
2 31 1.0
36 22 1.0
68 109 1.0
39 71 1.0
21 104 1.0
110 90 1.0
13 92 1.0
51 86 1.0
57 74 1.0
52 80 1.0
65 18 1.0
17 50 1.0
75 128 1.0
128 44 1.0
50 17 1.0
49 13 1.0
29 120 1.0
19 123 1.0
82 99 1.0
88 105 1.0
73 63 1.0
63 107 1.0
32 6 1.0
91 83 1.0
111 88 1.0
119 12 1.0
15 25 1.0
25 15 1.0
15 94 1.0
115 60 1.0
74 85 1.0
72 28 1.0
42 62 1.0
35 32 1.0
95 57 1.0
63 35 1.0
77 97 1.0
35 122 1.0
50 47 1.0
55 14 1.0
10 11 1.0
15 18 1.0
11 2 1.0
118 90 1.0
126 30 1.0
88 64 1.0
95 106 1.0
61 104 1.0
32 58 1.0
74 78 1.0
34 1 1.0
54 117 1.0
50 72 1.0
106 125 1.0
111 45 1.0
114 121 1.0
14 119 1.0
89 101 1.0
15 106 1.0
32 34 1.0
66 64 1.0
17 59 1.0
9 36 1.0
64 16 1.0
23 66 1.0
22 117 1.0
40 10 1.0
92 77 1.0
125 81 1.0
18 8 1.0
22 19 1.0
20 21 1.0
1 15 1.0
20 51 1.0
117 116 1.0
74 127 1.0
119 118 1.0
14 43 1.0
16 110 1.0
54 102 1.0
30 92 1.0
69 86 1.0
10 80 1.0
1 18 1.0
124 3 1.0
29 22 1.0
29 74 1.0
103 71 1.0
109 54 1.0
50 68 1.0
45 115 1.0
38 40 1.0
63 61 1.0
107 113 1.0
32 56 1.0
5 46 1.0
118 79 1.0
94 41 1.0
92 23 1.0
98 24 1.0
58 5 1.0
22 69 1.0
98 18 1.0
65 92 1.0
19 90 1.0
6 86 1.0
65 110 1.0
80 118 1.0
17 102 1.0
62 97 1.0
94 51 1.0
70 127 1.0
66 60 1.0
99 15 1.0
98 94 1.0
109 21 1.0
33 8 1.0
68 81 1.0
80 77 1.0
115 10 1.0
1 25 1.0
96 66 1.0
20 88 1.0
24 36 1.0
90 99 1.0
7 50 1.0
55 37 1.0
110 128 1.0
42 96 1.0
84 89 1.0
18 13 1.0
53 24 1.0
15 69 1.0
53 41 1.0
90 33 1.0
3 72 1.0
80 56 1.0
27 46 1.0
41 113 1.0
126 109 1.0
41 115 1.0
43 119 1.0
49 31 1.0
4 71 1.0
15 54 1.0
4 80 1.0
108 74 1.0
6 22 1.0
6 26 1.0
17 7 1.0
43 93 1.0
40 68 1.0
2 76 1.0
16 65 1.0
43 55 1.0
106 53 1.0
11 3 1.0
80 9 1.0
18 124 1.0
57 37 1.0
107 82 1.0
76 38 1.0
92 114 1.0
63 48 1.0
11 29 1.0
25 33 1.0
70 96 1.0
108 89 1.0
85 73 1.0
109 49 1.0
66 101 1.0
86 52 1.0
122 108 1.0
67 34 1.0
95 91 1.0
76 87 1.0
16 17 1.0
37 67 1.0
31 84 1.0
8 4 1.0
6 42 1.0
108 100 1.0
27 75 1.0
84 79 1.0
37 69 1.0
110 27 1.0
102 54 1.0
63 112 1.0
33 39 1.0
41 98 1.0
107 56 1.0
110 126 1.0
66 68 1.0
126 22 1.0
47 80 1.0
3 74 1.0
38 93 1.0
97 56 1.0
84 115 1.0
81 40 1.0
9 61 1.0
52 27 1.0
66 54 1.0
120 43 1.0
14 124 1.0
3 127 1.0
17 116 1.0
121 82 1.0
66 19 1.0
103 92 1.0
64 3 1.0
103 86 1.0
45 65 1.0
103 118 1.0
71 55 1.0
9 107 1.0
113 63 1.0
116 50 1.0
48 128 1.0
33 52 1.0
36 101 1.0
47 12 1.0
95 25 1.0
33 83 1.0
71 99 1.0
74 123 1.0
69 88 1.0
121 79 1.0
86 23 1.0
70 126 1.0
89 113 1.0
62 41 1.0
63 67 1.0
12 17 1.0
10 120 1.0
126 24 1.0
31 69 1.0
16 5 1.0
91 85 1.0
28 103 1.0
65 28 1.0
35 39 1.0
93 98 1.0
35 112 1.0
119 42 1.0
36 122 1.0
34 126 1.0
8 32 1.0
35 100 1.0
71 35 1.0
73 107 1.0
85 105 1.0
32 44 1.0
45 9 1.0
66 111 1.0
113 12 1.0
27 123 1.0
39 88 1.0
102 76 1.0
121 70 1.0
60 26 1.0
103 36 1.0
40 59 1.0
18 16 1.0
12 117 1.0
49 66 1.0
125 10 1.0
68 77 1.0
105 29 1.0
104 8 1.0
15 89 1.0
79 30 1.0
85 2 1.0
14 20 1.0
6 95 1.0
33 14 1.0
2 11 1.0
11 4 1.0
7 1 1.0
88 101 1.0
70 106 1.0
99 64 1.0
83 34 1.0
63 59 1.0
51 64 1.0
120 66 1.0
63 36 1.0
8 16 1.0
108 4 1.0
68 49 1.0
62 84 1.0
128 52 1.0
121 34 1.0
119 101 1.0
107 15 1.0
21 60 1.0
15 19 1.0
4 127 1.0
125 97 1.0
54 51 1.0
91 77 1.0
118 117 1.0
114 10 1.0
112 8 1.0
98 21 1.0
34 81 1.0
125 68 1.0
21 27 1.0
17 112 1.0
15 103 1.0
113 39 1.0
122 98 1.0
108 53 1.0
62 3 1.0
128 93 1.0
75 7 1.0
42 26 1.0
51 76 1.0
98 91 1.0
55 69 1.0
94 87 1.0
100 14 1.0
13 95 1.0
88 56 1.0
43 126 1.0
108 42 1.0
93 100 1.0
115 32 1.0
97 75 1.0
107 29 1.0
36 33 1.0
96 72 1.0
39 41 1.0
116 45 1.0
96 125 1.0
107 121 1.0
36 119 1.0
94 109 1.0
75 104 1.0
85 9 1.0
7 111 1.0
99 38 1.0
116 55 1.0
103 114 1.0
26 124 1.0
34 48 1.0
25 13 1.0
79 37 1.0
51 96 1.0
124 73 1.0
45 89 1.0
43 97 1.0
9 57 1.0
54 35 1.0
4 15 1.0
2 60 1.0
27 51 1.0
99 47 1.0
14 8 1.0
90 62 1.0
118 94 1.0
95 6 1.0
121 81 1.0
29 106 1.0
101 58 1.0
128 14 1.0
25 22 1.0
90 11 1.0
3 2 1.0
85 90 1.0
85 18 1.0
125 32 1.0
41 86 1.0
102 117 1.0
106 72 1.0
6 45 1.0
45 29 1.0
62 77 1.0
125 19 1.0
25 73 1.0
27 89 1.0
4 124 1.0
29 82 1.0
82 37 1.0
7 38 1.0
117 48 1.0
47 43 1.0
10 65 1.0
109 55 1.0
119 3 1.0
61 93 1.0
13 53 1.0
15 9 1.0
13 76 1.0
73 26 1.0
32 7 1.0
47 39 1.0
26 122 1.0
69 98 1.0
15 47 1.0
106 57 1.0
2 97 1.0
6 32 1.0
124 35 1.0
31 2 1.0
114 30 1.0
97 20 1.0
29 14 1.0
47 95 1.0
31 11 1.0
121 78 1.0
60 1 1.0
105 58 1.0
65 106 1.0
82 104 1.0
62 64 1.0
127 59 1.0
115 121 1.0
40 16 1.0
101 13 1.0
17 120 1.0
34 96 1.0
108 24 1.0
126 89 1.0
53 69 1.0
10 111 1.0
120 105 1.0
77 107 1.0
90 44 1.0
51 50 1.0
93 128 1.0
58 70 1.0
49 26 1.0
30 12 1.0
22 123 1.0
77 88 1.0
3 9 1.0
16 112 1.0
112 62 1.0
96 85 1.0
99 28 1.0
57 6 1.0
96 86 1.0
43 92 1.0
33 118 1.0
11 102 1.0
84 110 1.0
66 22 1.0
97 74 1.0
128 90 1.0
20 18 1.0
81 80 1.0
109 115 1.0
56 61 1.0
23 119 1.0
55 71 1.0
73 68 1.0
53 54 1.0
106 23 1.0
82 79 1.0
105 56 1.0
58 46 1.0
4 41 1.0
119 113 1.0
60 39 1.0
40 112 1.0
33 98 1.0
73 122 1.0
9 126 1.0
113 42 1.0
113 76 1.0
119 26 1.0
39 85 1.0
105 28 1.0
76 103 1.0
49 53 1.0
50 9 1.0
127 3 1.0
118 70 1.0
121 12 1.0
115 50 1.0
25 128 1.0
70 44 1.0
70 105 1.0
27 111 1.0
21 55 1.0
120 73 1.0
119 89 1.0
1 29 1.0
111 13 1.0
108 37 1.0
6 96 1.0
20 45 1.0
13 56 1.0
52 46 1.0
102 33 1.0
52 41 1.0
40 72 1.0
105 71 1.0
5 104 1.0
109 31 1.0
112 119 1.0
86 109 1.0
106 80 1.0
93 18 1.0
67 92 1.0
111 90 1.0
122 22 1.0
51 74 1.0
27 110 1.0
50 86 1.0
46 57 1.0
72 97 1.0
100 102 1.0
79 51 1.0
19 60 1.0
88 47 1.0
19 94 1.0
15 21 1.0
29 15 1.0
66 81 1.0
2 8 1.0
47 25 1.0
11 83 1.0
62 6 1.0
7 36 1.0
84 88 1.0
56 66 1.0
46 63 1.0
66 99 1.0
95 52 1.0
3 107 1.0
65 101 1.0
34 50 1.0
14 49 1.0
66 67 1.0
20 120 1.0
99 17 1.0
36 91 1.0
100 87 1.0
98 69 1.0
31 79 1.0
27 100 1.0
16 23 1.0
2 42 1.0
86 56 1.0
92 126 1.0
115 98 1.0
82 39 1.0
56 112 1.0
119 54 1.0
92 27 1.0
30 68 1.0
112 97 1.0
58 57 1.0
112 35 1.0
21 32 1.0
127 30 1.0
75 2 1.0
38 90 1.0
70 18 1.0
54 14 1.0
21 11 1.0
55 78 1.0
70 25 1.0
60 12 1.0
53 83 1.0
63 6 1.0
91 81 1.0
89 85 1.0
120 62 1.0
73 15 1.0
14 94 1.0
38 60 1.0
7 51 1.0
108 47 1.0
97 50 1.0
8 67 1.0
59 120 1.0
92 52 1.0
35 128 1.0
14 101 1.0
22 63 1.0
19 107 1.0
18 88 1.0
98 123 1.0
80 99 1.0
93 56 1.0
90 46 1.0
9 115 1.0
24 40 1.0
119 41 1.0
77 23 1.0
34 113 1.0
19 69 1.0
71 79 1.0
22 17 1.0
28 5 1.0
120 24 1.0
115 93 1.0
104 80 1.0
99 74 1.0
74 86 1.0
40 92 1.0
111 3 1.0
5 71 1.0
94 54 1.0
66 61 1.0
119 22 1.0
77 68 1.0
80 82 1.0
128 51 1.0
79 116 1.0
42 8 1.0
13 29 1.0
63 19 1.0
48 21 1.0
1 102 1.0
15 65 1.0
107 127 1.0
60 118 1.0
122 43 1.0
119 36 1.0
95 59 1.0
45 64 1.0
82 106 1.0
110 34 1.0
17 77 1.0
60 10 1.0
79 117 1.0
61 16 1.0
34 66 1.0
25 2 1.0
119 87 1.0
7 30 1.0
71 32 1.0
113 100 1.0
89 75 1.0
87 101 1.0
81 4 1.0
11 49 1.0
124 14 1.0
25 11 1.0
22 95 1.0
