*Vertices 128
1 "V0"
2 "V100"
3 "V11"
4 "V89"
5 "V15"
6 "V85"
7 "V119"
8 "V104"
9 "V45"
10 "V30"
11 "V34"
12 "V64"
13 "V123"
14 "V121"
15 "V125"
16 "V9"
17 "V68"
18 "V66"
19 "V70"
20 "V13"
21 "V17"
22 "V87"
23 "V28"
24 "V102"
25 "V117"
26 "V32"
27 "V106"
28 "V51"
29 "V49"
30 "V47"
31 "V53"
32 "V81"
33 "V83"
34 "V22"
35 "V26"
36 "V96"
37 "V37"
38 "V111"
39 "V126"
40 "V41"
41 "V115"
42 "V60"
43 "V58"
44 "V56"
45 "V62"
46 "V7"
47 "V5"
48 "V3"
49 "V1"
50 "V90"
51 "V92"
52 "V109"
53 "V98"
54 "V20"
55 "V24"
56 "V94"
57 "V113"
58 "V54"
59 "V43"
60 "V39"
61 "V73"
62 "V18"
63 "V77"
64 "V75"
65 "V79"
66 "V63"
67 "V122"
68 "V52"
69 "V48"
70 "V118"
71 "V107"
72 "V29"
73 "V103"
74 "V33"
75 "V27"
76 "V86"
77 "V84"
78 "V88"
79 "V82"
80 "V120"
81 "V50"
82 "V124"
83 "V31"
84 "V35"
85 "V105"
86 "V46"
87 "V14"
88 "V10"
89 "V16"
90 "V12"
91 "V101"
92 "V99"
93 "V65"
94 "V71"
95 "V67"
96 "V69"
97 "V59"
98 "V40"
99 "V44"
100 "V114"
101 "V55"
102 "V25"
103 "V19"
104 "V21"
105 "V110"
106 "V108"
107 "V23"
108 "V76"
109 "V74"
110 "V80"
111 "V78"
112 "V72"
113 "V61"
114 "V57"
115 "V127"
116 "V38"
117 "V116"
118 "V112"
119 "V42"
120 "V36"
121 "V95"
122 "V93"
123 "V97"
124 "V91"
125 "V8"
126 "V6"
127 "V4"
128 "V2"
*Arcs
20 1 1.0
52 56 1.0
26 120 1.0
25 112 1.0
15 87 1.0
40 52 1.0
20 81 1.0
100 22 1.0
124 23 1.0
25 14 1.0
113 12 1.0
59 47 1.0
71 92 1.0
52 119 1.0
14 111 1.0
87 100 1.0
31 54 1.0
125 101 1.0
32 74 1.0
101 51 1.0
17 96 1.0
91 8 1.0
70 88 1.0
86 30 1.0
74 77 1.0
120 113 1.0
126 128 1.0
104 102 1.0
56 70 1.0
72 64 1.0
108 36 1.0
111 116 1.0
90 68 1.0
9 89 1.0
5 38 1.0
91 13 1.0
101 18 1.0
105 4 1.0
62 10 1.0
5 9 1.0
71 91 1.0
4 126 1.0
38 114 1.0
16 41 1.0
29 34 1.0
118 110 1.0
25 11 1.0
116 56 1.0
55 20 1.0
106 71 1.0
1 94 1.0
23 80 1.0
80 45 1.0
117 48 1.0
120 53 1.0
14 69 1.0
80 6 1.0
25 35 1.0
8 118 1.0
10 58 1.0
45 124 1.0
87 40 1.0
35 111 1.0
21 103 1.0
91 86 1.0
61 16 1.0
58 73 1.0
26 79 1.0
78 39 1.0
112 26 1.0
24 17 1.0
23 121 1.0
19 1 1.0
52 120 1.0
8 107 1.0
6 25 1.0
36 97 1.0
46 72 1.0
127 13 1.0
119 78 1.0
117 52 1.0
80 81 1.0
40 109 1.0
79 5 1.0
101 104 1.0
53 100 1.0
77 65 1.0
20 91 1.0
107 99 1.0
52 12 1.0
38 47 1.0
83 90 1.0
103 19 1.0
48 11 1.0
81 122 1.0
112 101 1.0
102 48 1.0
111 113 1.0
98 7 1.0
66 102 1.0
41 77 1.0
125 69 1.0
102 27 1.0
111 83 1.0
63 50 1.0
47 95 1.0
96 82 1.0
30 125 1.0
119 24 1.0
123 9 1.0
33 60 1.0
104 123 1.0
66 63 1.0
114 38 1.0
123 21 1.0
118 68 1.0
60 112 1.0
109 87 1.0
107 52 1.0
85 29 1.0
74 22 1.0
3 23 1.0
96 32 1.0
70 34 1.0
91 41 1.0
50 43 1.0
112 56 1.0
65 84 1.0
84 51 1.0
32 58 1.0
123 103 1.0
119 57 1.0
102 96 1.0
96 115 1.0
30 74 1.0
29 92 1.0
84 127 1.0
61 66 1.0
97 14 1.0
38 111 1.0
75 119 1.0
120 116 1.0
17 49 1.0
87 36 1.0
56 105 1.0
105 28 1.0
6 109 1.0
104 89 1.0
89 30 1.0
108 88 1.0
84 8 1.0
84 70 1.0
58 42 1.0
120 33 1.0
51 55 1.0
128 114 1.0
14 100 1.0
89 56 1.0
52 99 1.0
126 34 1.0
46 110 1.0
7 93 1.0
72 126 1.0
6 91 1.0
7 78 1.0
29 13 1.0
50 72 1.0
109 123 1.0
50 98 1.0
50 63 1.0
48 35 1.0
115 7 1.0
44 45 1.0
71 48 1.0
10 71 1.0
78 69 1.0
31 6 1.0
45 11 1.0
56 19 1.0
67 90 1.0
54 25 1.0
101 107 1.0
87 79 1.0
114 86 1.0
118 24 1.0
86 16 1.0
2 95 1.0
74 39 1.0
127 26 1.0
67 50 1.0
12 31 1.0
44 62 1.0
10 118 1.0
18 47 1.0
31 2 1.0
89 67 1.0
8 23 1.0
22 12 1.0
46 78 1.0
122 81 1.0
87 5 1.0
18 52 1.0
29 61 1.0
87 121 1.0
94 120 1.0
68 97 1.0
81 1 1.0
12 113 1.0
8 70 1.0
98 102 1.0
19 77 1.0
30 60 1.0
64 128 1.0
24 36 1.0
23 21 1.0
69 38 1.0
128 108 1.0
34 83 1.0
11 50 1.0
109 68 1.0
5 65 1.0
87 59 1.0
9 101 1.0
61 54 1.0
34 100 1.0
111 96 1.0
53 51 1.0
6 74 1.0
85 30 1.0
113 3 1.0
62 85 1.0
69 29 1.0
83 106 1.0
9 76 1.0
113 80 1.0
103 75 1.0
21 66 1.0
110 53 1.0
62 127 1.0
126 119 1.0
68 103 1.0
29 111 1.0
81 58 1.0
21 57 1.0
46 82 1.0
113 18 1.0
16 125 1.0
14 91 1.0
68 9 1.0
35 32 1.0
95 34 1.0
97 41 1.0
25 114 1.0
30 56 1.0
112 84 1.0
116 94 1.0
119 20 1.0
22 78 1.0
3 28 1.0
14 5 1.0
110 105 1.0
113 109 1.0
94 37 1.0
52 65 1.0
30 99 1.0
116 91 1.0
127 126 1.0
38 12 1.0
23 13 1.0
120 72 1.0
12 73 1.0
71 86 1.0
39 17 1.0
90 88 1.0
73 26 1.0
107 115 1.0
24 124 1.0
6 1 1.0
22 121 1.0
27 97 1.0
81 55 1.0
87 70 1.0
42 79 1.0
19 63 1.0
7 38 1.0
70 21 1.0
12 48 1.0
13 113 1.0
55 98 1.0
58 123 1.0
6 95 1.0
103 15 1.0
77 24 1.0
65 125 1.0
54 31 1.0
51 83 1.0
122 50 1.0
4 122 1.0
10 11 1.0
30 19 1.0
79 104 1.0
91 100 1.0
51 101 1.0
83 6 1.0
61 7 1.0
53 102 1.0
18 90 1.0
76 27 1.0
37 69 1.0
70 57 1.0
106 58 1.0
80 111 1.0
90 54 1.0
94 74 1.0
59 51 1.0
52 14 1.0
11 12 1.0
118 22 1.0
19 23 1.0
101 119 1.0
37 47 1.0
121 92 1.0
57 112 1.0
39 84 1.0
46 81 1.0
98 52 1.0
71 87 1.0
21 107 1.0
52 32 1.0
67 9 1.0
27 56 1.0
16 97 1.0
100 117 1.0
51 91 1.0
90 9 1.0
44 110 1.0
35 34 1.0
1 41 1.0
73 114 1.0
70 105 1.0
13 28 1.0
73 4 1.0
89 10 1.0
121 13 1.0
68 18 1.0
64 126 1.0
2 42 1.0
101 36 1.0
7 49 1.0
119 116 1.0
37 89 1.0
20 64 1.0
18 96 1.0
6 88 1.0
36 8 1.0
9 30 1.0
41 55 1.0
79 70 1.0
87 77 1.0
83 79 1.0
2 86 1.0
31 16 1.0
60 73 1.0
9 39 1.0
98 17 1.0
116 124 1.0
96 26 1.0
109 31 1.0
33 62 1.0
42 118 1.0
102 111 1.0
39 98 1.0
125 53 1.0
118 48 1.0
94 45 1.0
104 80 1.0
8 35 1.0
41 6 1.0
70 69 1.0
36 71 1.0
5 20 1.0
105 19 1.0
77 11 1.0
120 56 1.0
87 19 1.0
107 90 1.0
96 85 1.0
94 101 1.0
120 122 1.0
121 74 1.0
42 65 1.0
74 104 1.0
33 100 1.0
27 47 1.0
49 91 1.0
115 59 1.0
57 23 1.0
40 78 1.0
124 12 1.0
112 67 1.0
4 52 1.0
101 5 1.0
24 81 1.0
8 120 1.0
104 121 1.0
83 109 1.0
40 25 1.0
76 107 1.0
12 1 1.0
18 97 1.0
76 75 1.0
54 14 1.0
26 22 1.0
57 106 1.0
123 29 1.0
21 112 1.0
39 20 1.0
94 103 1.0
72 57 1.0
52 111 1.0
72 127 1.0
30 92 1.0
55 119 1.0
55 66 1.0
112 88 1.0
103 96 1.0
12 115 1.0
1 74 1.0
49 51 1.0
45 58 1.0
62 49 1.0
86 42 1.0
83 70 1.0
50 55 1.0
50 79 1.0
46 30 1.0
16 8 1.0
74 7 1.0
109 113 1.0
104 48 1.0
54 123 1.0
46 69 1.0
73 77 1.0
101 102 1.0
101 38 1.0
73 68 1.0
97 50 1.0
64 60 1.0
81 63 1.0
61 21 1.0
37 125 1.0
21 24 1.0
51 9 1.0
84 82 1.0
12 83 1.0
13 18 1.0
58 56 1.0
111 84 1.0
8 34 1.0
30 32 1.0
45 43 1.0
53 41 1.0
108 48 1.0
12 123 1.0
32 7 1.0
72 45 1.0
22 63 1.0
45 98 1.0
42 31 1.0
58 62 1.0
89 118 1.0
104 39 1.0
50 95 1.0
80 50 1.0
67 83 1.0
20 86 1.0
2 24 1.0
99 16 1.0
119 97 1.0
48 25 1.0
116 107 1.0
46 79 1.0
31 120 1.0
105 56 1.0
75 1 1.0
60 81 1.0
90 5 1.0
81 52 1.0
88 61 1.0
117 121 1.0
126 116 1.0
112 109 1.0
21 89 1.0
77 105 1.0
29 28 1.0
53 78 1.0
98 13 1.0
95 72 1.0
38 93 1.0
55 126 1.0
42 91 1.0
17 99 1.0
39 65 1.0
105 100 1.0
127 34 1.0
49 44 1.0
30 11 1.0
46 56 1.0
4 19 1.0
41 27 1.0
85 90 1.0
12 69 1.0
67 102 1.0
86 6 1.0
104 41 1.0
58 34 1.0
67 110 1.0
84 9 1.0
100 91 1.0
106 126 1.0
44 18 1.0
80 13 1.0
106 10 1.0
74 50 1.0
66 68 1.0
102 38 1.0
125 21 1.0
59 64 1.0
16 66 1.0
20 127 1.0
10 80 1.0
80 35 1.0
35 76 1.0
20 29 1.0
11 20 1.0
70 71 1.0
84 94 1.0
60 56 1.0
42 84 1.0
57 114 1.0
10 101 1.0
89 100 1.0
110 51 1.0
57 119 1.0
19 54 1.0
20 65 1.0
95 12 1.0
88 2 1.0
114 47 1.0
15 22 1.0
48 67 1.0
122 23 1.0
42 128 1.0
92 36 1.0
121 116 1.0
55 102 1.0
24 70 1.0
44 113 1.0
1 85 1.0
91 30 1.0
99 77 1.0
79 74 1.0
63 96 1.0
37 3 1.0
19 122 1.0
64 101 1.0
92 100 1.0
23 19 1.0
104 11 1.0
34 91 1.0
128 126 1.0
105 12 1.0
46 13 1.0
109 104 1.0
51 65 1.0
9 99 1.0
80 60 1.0
119 48 1.0
31 123 1.0
109 38 1.0
103 31 1.0
18 63 1.0
85 21 1.0
62 69 1.0
93 90 1.0
35 27 1.0
29 7 1.0
77 113 1.0
89 6 1.0
121 102 1.0
2 26 1.0
22 124 1.0
52 17 1.0
27 39 1.0
66 73 1.0
8 16 1.0
24 86 1.0
122 40 1.0
19 53 1.0
59 111 1.0
105 118 1.0
54 103 1.0
29 58 1.0
58 109 1.0
38 5 1.0
28 105 1.0
115 81 1.0
17 78 1.0
107 72 1.0
31 79 1.0
84 55 1.0
39 25 1.0
92 97 1.0
111 1 1.0
79 121 1.0
11 37 1.0
49 64 1.0
92 105 1.0
84 89 1.0
77 49 1.0
63 42 1.0
40 116 1.0
102 36 1.0
128 18 1.0
95 13 1.0
61 126 1.0
4 91 1.0
25 28 1.0
106 72 1.0
119 4 1.0
98 51 1.0
36 115 1.0
58 74 1.0
9 96 1.0
88 54 1.0
30 57 1.0
77 58 1.0
76 33 1.0
57 55 1.0
93 70 1.0
65 88 1.0
45 8 1.0
120 30 1.0
69 22 1.0
127 81 1.0
23 52 1.0
27 87 1.0
58 112 1.0
15 84 1.0
7 111 1.0
10 119 1.0
93 92 1.0
112 127 1.0
111 66 1.0
17 14 1.0
66 23 1.0
81 24 1.0
85 9 1.0
43 95 1.0
81 125 1.0
22 83 1.0
41 82 1.0
51 50 1.0
77 56 1.0
105 43 1.0
48 107 1.0
126 117 1.0
91 32 1.0
53 81 1.0
61 52 1.0
74 78 1.0
113 67 1.0
85 23 1.0
4 12 1.0
51 47 1.0
101 2 1.0
105 59 1.0
10 104 1.0
63 100 1.0
37 65 1.0
86 101 1.0
49 17 1.0
69 16 1.0
82 24 1.0
4 86 1.0
34 79 1.0
112 107 1.0
83 25 1.0
113 97 1.0
101 1 1.0
5 121 1.0
78 120 1.0
24 61 1.0
107 5 1.0
17 45 1.0
87 80 1.0
29 35 1.0
24 6 1.0
73 98 1.0
51 123 1.0
38 48 1.0
96 31 1.0
119 118 1.0
114 62 1.0
92 63 1.0
119 39 1.0
28 26 1.0
34 124 1.0
58 110 1.0
49 9 1.0
68 114 1.0
87 34 1.0
82 100 1.0
2 19 1.0
103 56 1.0
96 11 1.0
38 69 1.0
87 20 1.0
17 71 1.0
68 115 1.0
47 96 1.0
87 88 1.0
63 73 1.0
114 58 1.0
100 124 1.0
38 26 1.0
110 111 1.0
95 103 1.0
54 57 1.0
103 127 1.0
79 53 1.0
34 119 1.0
98 75 1.0
64 76 1.0
107 66 1.0
13 80 1.0
9 106 1.0
82 20 1.0
6 29 1.0
108 84 1.0
28 56 1.0
25 94 1.0
50 41 1.0
33 34 1.0
84 43 1.0
119 32 1.0
127 24 1.0
42 9 1.0
51 18 1.0
20 125 1.0
3 82 1.0
40 83 1.0
99 50 1.0
36 68 1.0
18 21 1.0
81 38 1.0
95 108 1.0
97 60 1.0
127 123 1.0
5 48 1.0
95 113 1.0
72 7 1.0
28 102 1.0
61 77 1.0
47 69 1.0
93 85 1.0
123 3 1.0
115 96 1.0
78 74 1.0
128 122 1.0
4 24 1.0
16 86 1.0
48 79 1.0
84 107 1.0
1 25 1.0
37 97 1.0
67 38 1.0
107 31 1.0
73 50 1.0
91 83 1.0
102 15 1.0
76 95 1.0
34 16 1.0
15 113 1.0
112 48 1.0
66 123 1.0
113 98 1.0
90 62 1.0
109 63 1.0
24 90 1.0
6 19 1.0
58 69 1.0
100 27 1.0
9 6 1.0
65 7 1.0
73 102 1.0
24 100 1.0
82 101 1.0
70 65 1.0
76 104 1.0
26 11 1.0
80 122 1.0
88 93 1.0
50 78 1.0
11 13 1.0
42 72 1.0
114 99 1.0
54 126 1.0
43 91 1.0
95 109 1.0
115 37 1.0
60 28 1.0
46 89 1.0
79 105 1.0
94 55 1.0
65 79 1.0
47 30 1.0
105 121 1.0
52 1 1.0
55 42 1.0
55 70 1.0
