*Vertices 16
1 "V0"
2 "V13"
3 "V11"
4 "V15"
5 "V14"
6 "V10"
7 "V12"
8 "V7"
9 "V9"
10 "V5"
11 "V3"
12 "V1"
13 "V6"
14 "V8"
15 "V4"
16 "V2"
*Arcs
1 3 1.0
9 7 1.0
8 10 1.0
3 10 1.0
5 3 1.0
4 7 1.0
13 7 1.0
2 9 1.0
10 6 1.0
16 1 1.0
16 4 1.0
11 4 1.0
11 1 1.0
9 11 1.0
16 15 1.0
5 6 1.0
2 16 1.0
5 14 1.0
9 5 1.0
2 13 1.0
6 16 1.0
6 10 1.0
6 7 1.0
2 14 1.0
1 13 1.0
5 2 1.0
13 2 1.0
16 10 1.0
11 13 1.0
11 12 1.0
11 14 1.0
13 12 1.0
5 12 1.0
8 14 1.0
13 1 1.0
1 11 1.0
6 13 1.0
8 12 1.0
7 15 1.0
13 3 1.0
3 1 1.0
9 14 1.0
6 15 1.0
2 1 1.0
2 10 1.0
6 14 1.0
12 7 1.0
16 12 1.0
14 1 1.0
15 16 1.0
15 12 1.0
10 16 1.0
10 12 1.0
8 13 1.0
14 8 1.0
14 13 1.0
1 7 1.0
12 4 1.0
9 13 1.0
14 10 1.0
12 1 1.0
12 14 1.0
7 8 1.0
8 4 1.0
10 1 1.0
7 11 1.0
3 4 1.0
11 10 1.0
12 13 1.0
5 15 1.0
4 9 1.0
7 16 1.0
3 7 1.0
1 5 1.0
9 16 1.0
14 12 1.0
4 16 1.0
12 9 1.0
8 7 1.0
15 13 1.0
10 14 1.0
10 3 1.0
15 9 1.0
3 9 1.0
15 11 1.0
4 3 1.0
4 5 1.0
4 2 1.0
1 16 1.0
7 14 1.0
3 8 1.0
13 4 1.0
14 4 1.0
7 9 1.0
15 4 1.0
16 11 1.0
