*Vertices 32
1 "V0"
2 "V22"
3 "V26"
4 "V11"
5 "V15"
6 "V30"
7 "V29"
8 "V27"
9 "V25"
10 "V19"
11 "V21"
12 "V23"
13 "V9"
14 "V7"
15 "V5"
16 "V3"
17 "V1"
18 "V13"
19 "V17"
20 "V20"
21 "V24"
22 "V31"
23 "V28"
24 "V14"
25 "V10"
26 "V16"
27 "V12"
28 "V18"
29 "V8"
30 "V6"
31 "V4"
32 "V2"
*Arcs
23 2 1.0
1 12 1.0
9 15 1.0
18 2 1.0
4 6 1.0
4 31 1.0
5 23 1.0
25 8 1.0
19 30 1.0
24 4 1.0
7 13 1.0
32 20 1.0
6 16 1.0
1 32 1.0
22 10 1.0
30 25 1.0
28 27 1.0
19 16 1.0
28 2 1.0
13 22 1.0
21 13 1.0
21 31 1.0
14 23 1.0
30 24 1.0
14 15 1.0
18 30 1.0
9 13 1.0
19 13 1.0
23 13 1.0
4 8 1.0
9 17 1.0
23 8 1.0
24 10 1.0
19 2 1.0
1 22 1.0
22 6 1.0
23 21 1.0
24 32 1.0
16 25 1.0
16 1 1.0
16 19 1.0
31 8 1.0
20 7 1.0
11 10 1.0
11 2 1.0
2 23 1.0
13 14 1.0
25 22 1.0
2 15 1.0
3 24 1.0
27 16 1.0
7 24 1.0
8 26 1.0
17 29 1.0
5 21 1.0
28 32 1.0
17 10 1.0
6 14 1.0
26 3 1.0
15 22 1.0
15 12 1.0
31 16 1.0
30 21 1.0
2 30 1.0
12 20 1.0
14 18 1.0
15 10 1.0
16 12 1.0
17 19 1.0
12 24 1.0
12 1 1.0
4 29 1.0
27 17 1.0
6 30 1.0
8 13 1.0
5 4 1.0
18 15 1.0
20 6 1.0
21 19 1.0
27 15 1.0
10 17 1.0
22 15 1.0
26 15 1.0
31 10 1.0
32 23 1.0
17 15 1.0
29 15 1.0
20 16 1.0
10 29 1.0
20 31 1.0
28 12 1.0
3 13 1.0
3 30 1.0
13 16 1.0
29 11 1.0
3 1 1.0
13 2 1.0
11 16 1.0
30 23 1.0
28 23 1.0
31 30 1.0
16 22 1.0
19 24 1.0
7 19 1.0
5 16 1.0
7 26 1.0
24 17 1.0
1 4 1.0
23 26 1.0
8 2 1.0
8 29 1.0
25 4 1.0
25 15 1.0
23 14 1.0
4 22 1.0
2 13 1.0
25 23 1.0
11 26 1.0
11 31 1.0
19 3 1.0
20 17 1.0
16 15 1.0
28 16 1.0
22 21 1.0
1 24 1.0
22 24 1.0
24 15 1.0
7 32 1.0
32 9 1.0
24 8 1.0
25 17 1.0
26 19 1.0
27 11 1.0
9 2 1.0
9 31 1.0
18 14 1.0
18 32 1.0
30 16 1.0
14 1 1.0
14 17 1.0
21 29 1.0
21 16 1.0
14 8 1.0
2 16 1.0
15 23 1.0
20 19 1.0
17 23 1.0
32 17 1.0
10 24 1.0
26 31 1.0
22 17 1.0
31 22 1.0
9 22 1.0
10 31 1.0
11 13 1.0
8 15 1.0
8 1 1.0
5 6 1.0
5 31 1.0
12 3 1.0
29 31 1.0
29 8 1.0
13 3 1.0
3 31 1.0
3 12 1.0
13 8 1.0
2 27 1.0
29 13 1.0
10 16 1.0
15 1 1.0
15 16 1.0
10 28 1.0
6 7 1.0
17 27 1.0
26 23 1.0
26 8 1.0
32 24 1.0
6 29 1.0
1 8 1.0
7 3 1.0
27 23 1.0
27 18 1.0
6 11 1.0
18 17 1.0
21 20 1.0
4 20 1.0
12 14 1.0
12 17 1.0
29 30 1.0
30 10 1.0
31 23 1.0
32 7 1.0
