*Vertices 16
1 "V0"
2 "V13"
3 "V11"
4 "V15"
5 "V14"
6 "V10"
7 "V12"
8 "V7"
9 "V9"
10 "V5"
11 "V3"
12 "V1"
13 "V6"
14 "V8"
15 "V4"
16 "V2"
*Arcs
6 1 1.0
1 15 1.0
12 10 1.0
10 4 1.0
1 4 1.0
15 6 1.0
12 6 1.0
10 3 1.0
12 3 1.0
6 9 1.0
12 11 1.0
8 15 1.0
6 13 1.0
3 9 1.0
3 6 1.0
2 3 1.0
1 3 1.0
12 4 1.0
6 15 1.0
2 4 1.0
8 13 1.0
15 11 1.0
11 15 1.0
11 4 1.0
7 8 1.0
10 9 1.0
1 7 1.0
5 7 1.0
2 5 1.0
16 2 1.0
4 13 1.0
7 14 1.0
10 8 1.0
2 8 1.0
14 16 1.0
4 12 1.0
8 12 1.0
3 1 1.0
16 8 1.0
16 14 1.0
13 7 1.0
14 2 1.0
10 2 1.0
8 7 1.0
4 3 1.0
3 13 1.0
1 16 1.0
3 16 1.0
6 12 1.0
13 12 1.0
