*Vertices 64
1 "V0"
2 "V63"
3 "V52"
4 "V11"
5 "V15"
6 "V48"
7 "V45"
8 "V30"
9 "V29"
10 "V34"
11 "V33"
12 "V27"
13 "V9"
14 "V13"
15 "V17"
16 "V50"
17 "V28"
18 "V31"
19 "V35"
20 "V32"
21 "V46"
22 "V14"
23 "V51"
24 "V49"
25 "V16"
26 "V10"
27 "V53"
28 "V12"
29 "V47"
30 "V22"
31 "V26"
32 "V59"
33 "V37"
34 "V40"
35 "V44"
36 "V41"
37 "V55"
38 "V60"
39 "V58"
40 "V19"
41 "V25"
42 "V62"
43 "V56"
44 "V21"
45 "V23"
46 "V7"
47 "V5"
48 "V3"
49 "V1"
50 "V20"
51 "V61"
52 "V57"
53 "V24"
54 "V54"
55 "V38"
56 "V43"
57 "V42"
58 "V39"
59 "V36"
60 "V18"
61 "V6"
62 "V8"
63 "V4"
64 "V2"
*Arcs
1 21 1.0
30 46 1.0
11 5 1.0
16 7 1.0
47 56 1.0
23 52 1.0
63 41 1.0
4 13 1.0
30 61 1.0
8 44 1.0
58 31 1.0
10 29 1.0
34 63 1.0
1 57 1.0
17 33 1.0
4 25 1.0
39 1 1.0
52 25 1.0
9 21 1.0
13 38 1.0
1 41 1.0
15 57 1.0
29 7 1.0
21 4 1.0
14 10 1.0
15 47 1.0
60 25 1.0
6 17 1.0
59 4 1.0
40 26 1.0
54 1 1.0
37 15 1.0
46 60 1.0
33 48 1.0
62 48 1.0
41 1 1.0
56 29 1.0
23 61 1.0
35 47 1.0
29 21 1.0
51 17 1.0
31 61 1.0
22 46 1.0
20 18 1.0
11 17 1.0
5 13 1.0
48 43 1.0
51 7 1.0
30 18 1.0
31 59 1.0
16 41 1.0
55 35 1.0
44 24 1.0
43 46 1.0
43 58 1.0
13 60 1.0
58 26 1.0
12 31 1.0
26 51 1.0
7 25 1.0
7 64 1.0
38 18 1.0
43 38 1.0
42 23 1.0
17 38 1.0
25 5 1.0
10 1 1.0
47 57 1.0
10 2 1.0
49 63 1.0
23 33 1.0
15 48 1.0
47 30 1.0
2 62 1.0
45 25 1.0
19 31 1.0
61 63 1.0
3 24 1.0
27 44 1.0
61 51 1.0
28 41 1.0
53 60 1.0
36 14 1.0
56 50 1.0
57 17 1.0
58 20 1.0
49 21 1.0
8 15 1.0
14 25 1.0
38 3 1.0
18 60 1.0
32 35 1.0
60 17 1.0
64 3 1.0
40 17 1.0
24 23 1.0
6 56 1.0
50 26 1.0
31 44 1.0
22 63 1.0
56 41 1.0
3 19 1.0
35 8 1.0
6 19 1.0
33 52 1.0
41 6 1.0
54 18 1.0
62 2 1.0
46 61 1.0
37 14 1.0
12 25 1.0
63 25 1.0
44 49 1.0
23 40 1.0
16 14 1.0
30 14 1.0
48 1 1.0
5 14 1.0
42 19 1.0
20 38 1.0
51 63 1.0
11 40 1.0
39 27 1.0
52 26 1.0
4 49 1.0
34 21 1.0
9 32 1.0
28 21 1.0
18 25 1.0
19 9 1.0
45 28 1.0
34 33 1.0
19 1 1.0
22 42 1.0
59 5 1.0
26 13 1.0
60 1 1.0
27 64 1.0
46 13 1.0
21 10 1.0
29 14 1.0
1 29 1.0
9 26 1.0
49 46 1.0
60 30 1.0
38 9 1.0
32 17 1.0
57 40 1.0
14 31 1.0
8 17 1.0
34 20 1.0
35 27 1.0
14 59 1.0
36 30 1.0
53 1 1.0
33 53 1.0
55 40 1.0
40 31 1.0
50 8 1.0
37 22 1.0
45 38 1.0
62 60 1.0
6 3 1.0
24 39 1.0
64 51 1.0
18 50 1.0
64 37 1.0
40 15 1.0
17 44 1.0
25 58 1.0
7 49 1.0
51 62 1.0
52 63 1.0
21 46 1.0
58 1 1.0
12 40 1.0
43 42 1.0
26 63 1.0
13 36 1.0
52 41 1.0
59 26 1.0
61 49 1.0
45 10 1.0
3 9 1.0
3 43 1.0
53 40 1.0
47 46 1.0
15 17 1.0
2 25 1.0
10 62 1.0
61 23 1.0
2 50 1.0
19 52 1.0
64 63 1.0
40 47 1.0
46 57 1.0
4 39 1.0
59 31 1.0
59 8 1.0
5 26 1.0
62 10 1.0
7 48 1.0
41 16 1.0
27 15 1.0
41 51 1.0
54 48 1.0
9 19 1.0
36 11 1.0
39 30 1.0
4 10 1.0
39 10 1.0
28 46 1.0
60 22 1.0
8 61 1.0
29 48 1.0
1 13 1.0
49 1 1.0
29 32 1.0
16 62 1.0
23 15 1.0
63 44 1.0
44 1 1.0
11 46 1.0
17 35 1.0
34 17 1.0
58 13 1.0
20 31 1.0
26 33 1.0
52 22 1.0
30 47 1.0
35 61 1.0
24 14 1.0
27 33 1.0
56 20 1.0
31 25 1.0
22 61 1.0
51 58 1.0
42 25 1.0
20 25 1.0
5 56 1.0
48 41 1.0
3 59 1.0
27 40 1.0
61 59 1.0
45 62 1.0
19 7 1.0
33 17 1.0
57 18 1.0
36 23 1.0
36 18 1.0
28 49 1.0
32 49 1.0
53 63 1.0
21 59 1.0
39 25 1.0
42 34 1.0
7 26 1.0
17 22 1.0
25 49 1.0
46 49 1.0
2 26 1.0
48 24 1.0
10 33 1.0
15 36 1.0
47 15 1.0
50 49 1.0
13 57 1.0
50 60 1.0
55 26 1.0
33 61 1.0
53 43 1.0
43 17 1.0
13 17 1.0
54 60 1.0
12 14 1.0
37 33 1.0
31 26 1.0
18 46 1.0
57 36 1.0
38 56 1.0
14 48 1.0
32 39 1.0
22 14 1.0
50 62 1.0
18 44 1.0
24 13 1.0
64 61 1.0
6 7 1.0
48 19 1.0
39 26 1.0
2 36 1.0
4 62 1.0
52 8 1.0
9 54 1.0
17 3 1.0
26 42 1.0
30 8 1.0
34 28 1.0
9 51 1.0
11 62 1.0
58 30 1.0
44 63 1.0
11 18 1.0
23 48 1.0
63 1 1.0
16 46 1.0
63 48 1.0
20 40 1.0
5 33 1.0
35 59 1.0
5 43 1.0
42 56 1.0
51 31 1.0
56 14 1.0
56 9 1.0
16 48 1.0
22 62 1.0
38 41 1.0
31 2 1.0
54 4 1.0
54 19 1.0
41 62 1.0
62 57 1.0
21 52 1.0
33 15 1.0
25 19 1.0
28 2 1.0
59 23 1.0
40 48 1.0
46 26 1.0
6 14 1.0
49 43 1.0
1 17 1.0
29 35 1.0
8 1 1.0
60 47 1.0
35 31 1.0
7 1 1.0
25 18 1.0
32 54 1.0
42 36 1.0
37 23 1.0
12 57 1.0
43 62 1.0
12 63 1.0
26 15 1.0
37 7 1.0
55 31 1.0
41 10 1.0
44 26 1.0
55 22 1.0
44 60 1.0
13 52 1.0
24 18 1.0
64 57 1.0
24 61 1.0
48 49 1.0
20 43 1.0
50 40 1.0
38 51 1.0
49 25 1.0
14 19 1.0
32 1 1.0
18 14 1.0
8 36 1.0
28 47 1.0
53 64 1.0
57 26 1.0
55 60 1.0
36 31 1.0
57 44 1.0
45 14 1.0
19 38 1.0
27 62 1.0
47 38 1.0
3 40 1.0
61 29 1.0
10 18 1.0
15 13 1.0
21 55 1.0
62 23 1.0
25 6 1.0
63 22 1.0
2 35 1.0
