*Vertices 256
1 "V0"
2 "V174"
3 "V233"
4 "V89"
5 "V85"
6 "V119"
7 "V178"
8 "V30"
9 "V34"
10 "V64"
11 "V208"
12 "V123"
13 "V212"
14 "V9"
15 "V68"
16 "V153"
17 "V13"
18 "V17"
19 "V157"
20 "V246"
21 "V161"
22 "V102"
23 "V250"
24 "V106"
25 "V191"
26 "V51"
27 "V47"
28 "V195"
29 "V136"
30 "V225"
31 "V229"
32 "V140"
33 "V81"
34 "V22"
35 "V26"
36 "V255"
37 "V170"
38 "V111"
39 "V200"
40 "V115"
41 "V60"
42 "V56"
43 "V204"
44 "V145"
45 "V234"
46 "V5"
47 "V238"
48 "V1"
49 "V149"
50 "V90"
51 "V183"
52 "V242"
53 "V98"
54 "V94"
55 "V128"
56 "V187"
57 "V43"
58 "V39"
59 "V73"
60 "V217"
61 "V132"
62 "V221"
63 "V18"
64 "V77"
65 "V162"
66 "V166"
67 "V196"
68 "V137"
69 "V52"
70 "V48"
71 "V251"
72 "V192"
73 "V107"
74 "V103"
75 "V27"
76 "V86"
77 "V171"
78 "V175"
79 "V82"
80 "V141"
81 "V226"
82 "V230"
83 "V120"
84 "V209"
85 "V124"
86 "V31"
87 "V35"
88 "V179"
89 "V243"
90 "V14"
91 "V247"
92 "V10"
93 "V158"
94 "V99"
95 "V65"
96 "V213"
97 "V69"
98 "V154"
99 "V133"
100 "V218"
101 "V40"
102 "V44"
103 "V129"
104 "V188"
105 "V252"
106 "V19"
107 "V167"
108 "V23"
109 "V108"
110 "V74"
111 "V222"
112 "V78"
113 "V163"
114 "V205"
115 "V146"
116 "V61"
117 "V57"
118 "V201"
119 "V116"
120 "V112"
121 "V36"
122 "V95"
123 "V180"
124 "V184"
125 "V91"
126 "V150"
127 "V235"
128 "V6"
129 "V239"
130 "V2"
131 "V159"
132 "V100"
133 "V11"
134 "V248"
135 "V244"
136 "V15"
137 "V104"
138 "V45"
139 "V193"
140 "V189"
141 "V210"
142 "V121"
143 "V125"
144 "V155"
145 "V214"
146 "V66"
147 "V70"
148 "V87"
149 "V172"
150 "V231"
151 "V28"
152 "V32"
153 "V117"
154 "V176"
155 "V49"
156 "V53"
157 "V197"
158 "V138"
159 "V227"
160 "V142"
161 "V83"
162 "V96"
163 "V181"
164 "V240"
165 "V37"
166 "V41"
167 "V126"
168 "V185"
169 "V58"
170 "V62"
171 "V206"
172 "V147"
173 "V7"
174 "V3"
175 "V236"
176 "V151"
177 "V92"
178 "V168"
179 "V109"
180 "V20"
181 "V253"
182 "V24"
183 "V113"
184 "V54"
185 "V202"
186 "V198"
187 "V219"
188 "V130"
189 "V134"
190 "V164"
191 "V223"
192 "V75"
193 "V79"
194 "V63"
195 "V122"
196 "V211"
197 "V207"
198 "V118"
199 "V177"
200 "V29"
201 "V33"
202 "V173"
203 "V232"
204 "V84"
205 "V88"
206 "V228"
207 "V143"
208 "V139"
209 "V50"
210 "V135"
211 "V194"
212 "V190"
213 "V105"
214 "V46"
215 "V249"
216 "V16"
217 "V12"
218 "V245"
219 "V160"
220 "V101"
221 "V71"
222 "V67"
223 "V215"
224 "V156"
225 "V144"
226 "V59"
227 "V203"
228 "V199"
229 "V114"
230 "V55"
231 "V25"
232 "V21"
233 "V254"
234 "V169"
235 "V110"
236 "V76"
237 "V80"
238 "V224"
239 "V165"
240 "V72"
241 "V131"
242 "V220"
243 "V216"
244 "V127"
245 "V186"
246 "V38"
247 "V42"
248 "V182"
249 "V241"
250 "V93"
251 "V97"
252 "V237"
253 "V152"
254 "V8"
255 "V148"
256 "V4"
*Arcs
1 245 1.0
147 105 1.0
72 66 1.0
3 11 1.0
153 138 1.0
129 72 1.0
247 46 1.0
190 41 1.0
4 202 1.0
205 97 1.0
141 63 1.0
210 24 1.0
17 63 1.0
163 85 1.0
226 71 1.0
7 255 1.0
206 83 1.0
24 121 1.0
86 133 1.0
16 191 1.0
9 133 1.0
228 24 1.0
64 106 1.0
130 250 1.0
70 236 1.0
20 77 1.0
85 14 1.0
122 133 1.0
37 195 1.0
12 178 1.0
160 155 1.0
60 102 1.0
180 66 1.0
104 90 1.0
13 152 1.0
146 121 1.0
127 70 1.0
165 173 1.0
183 109 1.0
204 195 1.0
131 96 1.0
15 121 1.0
241 128 1.0
171 41 1.0
14 70 1.0
199 89 1.0
181 91 1.0
230 70 1.0
255 6 1.0
35 66 1.0
17 141 1.0
19 217 1.0
22 205 1.0
238 183 1.0
52 163 1.0
66 40 1.0
102 52 1.0
28 73 1.0
59 106 1.0
83 171 1.0
20 203 1.0
136 161 1.0
68 114 1.0
22 103 1.0
96 128 1.0
125 18 1.0
179 227 1.0
150 195 1.0
201 136 1.0
170 253 1.0
124 61 1.0
25 108 1.0
167 58 1.0
185 211 1.0
256 162 1.0
237 108 1.0
144 33 1.0
27 184 1.0
242 8 1.0
34 43 1.0
53 18 1.0
202 132 1.0
29 193 1.0
134 248 1.0
26 256 1.0
40 213 1.0
30 231 1.0
25 149 1.0
97 87 1.0
225 83 1.0
84 165 1.0
33 170 1.0
148 121 1.0
65 46 1.0
252 18 1.0
101 92 1.0
81 39 1.0
137 222 1.0
200 253 1.0
176 152 1.0
35 105 1.0
236 104 1.0
99 188 1.0
133 111 1.0
36 209 1.0
123 106 1.0
169 63 1.0
37 116 1.0
250 87 1.0
223 149 1.0
63 38 1.0
32 182 1.0
95 98 1.0
186 104 1.0
1 141 1.0
195 119 1.0
135 106 1.0
27 142 1.0
234 166 1.0
40 42 1.0
43 168 1.0
173 83 1.0
41 225 1.0
79 188 1.0
71 74 1.0
184 245 1.0
103 192 1.0
38 86 1.0
56 68 1.0
43 26 1.0
93 247 1.0
3 157 1.0
121 1 1.0
139 167 1.0
221 209 1.0
46 137 1.0
164 58 1.0
198 75 1.0
47 89 1.0
49 97 1.0
132 97 1.0
154 18 1.0
172 195 1.0
231 56 1.0
111 154 1.0
248 68 1.0
51 97 1.0
73 51 1.0
29 53 1.0
41 33 1.0
196 152 1.0
4 7 1.0
90 1 1.0
57 105 1.0
239 86 1.0
54 26 1.0
77 228 1.0
55 226 1.0
162 187 1.0
143 33 1.0
91 3 1.0
155 173 1.0
112 90 1.0
39 99 1.0
174 108 1.0
31 85 1.0
152 207 1.0
98 99 1.0
58 101 1.0
59 174 1.0
219 245 1.0
246 105 1.0
175 196 1.0
229 98 1.0
60 177 1.0
140 9 1.0
222 164 1.0
207 161 1.0
100 184 1.0
232 92 1.0
49 66 1.0
63 46 1.0
75 177 1.0
30 66 1.0
74 229 1.0
65 41 1.0
7 156 1.0
42 12 1.0
233 240 1.0
61 26 1.0
92 128 1.0
197 176 1.0
5 182 1.0
168 102 1.0
67 123 1.0
194 4 1.0
203 67 1.0
9 75 1.0
235 256 1.0
69 98 1.0
33 147 1.0
224 204 1.0
244 165 1.0
46 117 1.0
227 209 1.0
67 231 1.0
71 123 1.0
110 124 1.0
89 121 1.0
138 32 1.0
142 122 1.0
177 117 1.0
107 57 1.0
73 145 1.0
158 240 1.0
145 120 1.0
216 145 1.0
47 180 1.0
119 207 1.0
166 154 1.0
113 119 1.0
76 211 1.0
205 240 1.0
141 247 1.0
217 61 1.0
189 130 1.0
226 217 1.0
163 193 1.0
78 164 1.0
215 178 1.0
2 29 1.0
69 114 1.0
80 245 1.0
94 175 1.0
62 70 1.0
44 112 1.0
108 63 1.0
72 209 1.0
147 113 1.0
82 66 1.0
146 172 1.0
80 211 1.0
243 180 1.0
106 90 1.0
83 212 1.0
54 102 1.0
131 214 1.0
165 217 1.0
45 53 1.0
120 24 1.0
84 94 1.0
104 248 1.0
64 188 1.0
253 206 1.0
86 97 1.0
159 93 1.0
8 37 1.0
213 43 1.0
37 176 1.0
218 254 1.0
70 55 1.0
12 164 1.0
228 128 1.0
48 114 1.0
211 25 1.0
89 58 1.0
6 26 1.0
255 239 1.0
92 140 1.0
240 102 1.0
50 209 1.0
13 32 1.0
136 192 1.0
249 145 1.0
102 165 1.0
66 9 1.0
94 166 1.0
254 243 1.0
105 75 1.0
188 95 1.0
95 181 1.0
114 227 1.0
161 95 1.0
191 66 1.0
220 128 1.0
35 226 1.0
230 69 1.0
199 55 1.0
98 158 1.0
34 32 1.0
187 108 1.0
251 138 1.0
212 33 1.0
15 111 1.0
225 256 1.0
134 14 1.0
167 63 1.0
256 57 1.0
99 121 1.0
149 81 1.0
209 214 1.0
144 225 1.0
82 53 1.0
201 46 1.0
118 66 1.0
102 51 1.0
193 149 1.0
116 86 1.0
68 198 1.0
109 58 1.0
51 165 1.0
104 66 1.0
192 209 1.0
157 38 1.0
1 106 1.0
195 90 1.0
135 157 1.0
214 81 1.0
88 116 1.0
107 58 1.0
137 66 1.0
81 172 1.0
151 97 1.0
126 155 1.0
108 184 1.0
76 46 1.0
11 245 1.0
133 112 1.0
99 133 1.0
36 76 1.0
117 152 1.0
111 9 1.0
252 154 1.0
40 164 1.0
58 239 1.0
21 153 1.0
112 183 1.0
132 75 1.0
78 17 1.0
115 103 1.0
156 1 1.0
23 197 1.0
55 125 1.0
128 42 1.0
43 106 1.0
79 72 1.0
117 105 1.0
19 146 1.0
87 215 1.0
3 72 1.0
38 92 1.0
118 35 1.0
245 151 1.0
10 57 1.0
208 162 1.0
18 128 1.0
223 146 1.0
120 248 1.0
250 231 1.0
178 24 1.0
16 4 1.0
121 82 1.0
112 156 1.0
24 245 1.0
123 88 1.0
206 60 1.0
86 173 1.0
41 98 1.0
248 51 1.0
196 8 1.0
17 192 1.0
210 245 1.0
190 201 1.0
125 38 1.0
4 60 1.0
153 76 1.0
129 46 1.0
247 1 1.0
221 83 1.0
139 237 1.0
127 46 1.0
111 147 1.0
182 67 1.0
115 55 1.0
130 12 1.0
238 229 1.0
75 90 1.0
22 10 1.0
7 98 1.0
131 60 1.0
181 183 1.0
42 91 1.0
83 27 1.0
28 255 1.0
134 88 1.0
136 113 1.0
59 76 1.0
49 217 1.0
96 133 1.0
137 8 1.0
125 138 1.0
107 106 1.0
52 256 1.0
138 110 1.0
139 161 1.0
124 113 1.0
170 162 1.0
158 83 1.0
216 84 1.0
20 29 1.0
77 69 1.0
155 64 1.0
39 71 1.0
85 209 1.0
130 80 1.0
180 70 1.0
160 116 1.0
143 241 1.0
60 73 1.0
122 35 1.0
127 63 1.0
183 253 1.0
246 191 1.0
222 57 1.0
140 96 1.0
145 228 1.0
171 165 1.0
14 128 1.0
241 213 1.0
219 42 1.0
147 103 1.0
204 225 1.0
84 161 1.0
217 38 1.0
148 57 1.0
169 217 1.0
189 228 1.0
213 242 1.0
149 204 1.0
123 177 1.0
176 146 1.0
200 217 1.0
159 234 1.0
186 75 1.0
236 63 1.0
151 40 1.0
218 144 1.0
12 236 1.0
48 171 1.0
153 146 1.0
234 121 1.0
27 66 1.0
63 90 1.0
243 214 1.0
54 116 1.0
150 38 1.0
179 152 1.0
9 18 1.0
224 132 1.0
155 190 1.0
185 182 1.0
237 77 1.0
46 174 1.0
215 201 1.0
244 14 1.0
26 63 1.0
202 200 1.0
158 67 1.0
53 103 1.0
242 245 1.0
108 106 1.0
44 28 1.0
97 217 1.0
25 7 1.0
159 54 1.0
119 248 1.0
47 190 1.0
101 10 1.0
65 165 1.0
161 40 1.0
51 104 1.0
116 185 1.0
29 121 1.0
90 116 1.0
13 165 1.0
162 117 1.0
50 150 1.0
239 24 1.0
164 62 1.0
57 33 1.0
198 114 1.0
164 227 1.0
91 194 1.0
209 132 1.0
143 214 1.0
118 117 1.0
174 248 1.0
193 190 1.0
98 255 1.0
166 147 1.0
152 70 1.0
31 27 1.0
73 75 1.0
168 242 1.0
161 88 1.0
114 42 1.0
173 198 1.0
45 245 1.0
121 57 1.0
93 38 1.0
170 101 1.0
56 137 1.0
171 61 1.0
120 128 1.0
32 147 1.0
95 82 1.0
173 183 1.0
240 64 1.0
211 104 1.0
191 182 1.0
231 98 1.0
172 7 1.0
154 128 1.0
176 53 1.0
220 173 1.0
103 236 1.0
71 23 1.0
184 9 1.0
214 32 1.0
89 101 1.0
142 5 1.0
145 188 1.0
177 188 1.0
178 105 1.0
179 43 1.0
180 183 1.0
126 250 1.0
151 123 1.0
181 109 1.0
67 194 1.0
110 26 1.0
203 129 1.0
87 60 1.0
235 109 1.0
33 1 1.0
19 24 1.0
184 248 1.0
208 136 1.0
18 214 1.0
168 201 1.0
186 141 1.0
194 173 1.0
15 243 1.0
212 98 1.0
187 247 1.0
229 12 1.0
175 131 1.0
58 256 1.0
149 213 1.0
188 142 1.0
162 45 1.0
100 250 1.0
232 19 1.0
207 185 1.0
233 175 1.0
117 212 1.0
88 69 1.0
74 38 1.0
190 180 1.0
30 201 1.0
21 147 1.0
192 75 1.0
5 134 1.0
197 200 1.0
92 70 1.0
61 36 1.0
122 9 1.0
60 231 1.0
106 24 1.0
20 229 1.0
70 17 1.0
37 100 1.0
195 150 1.0
104 249 1.0
196 116 1.0
183 89 1.0
80 116 1.0
146 102 1.0
206 166 1.0
24 167 1.0
8 225 1.0
163 153 1.0
226 182 1.0
199 166 1.0
228 41 1.0
130 161 1.0
85 157 1.0
253 63 1.0
201 125 1.0
64 105 1.0
113 147 1.0
166 106 1.0
129 59 1.0
153 97 1.0
203 91 1.0
72 133 1.0
210 18 1.0
17 191 1.0
141 195 1.0
205 9 1.0
205 40 1.0
2 34 1.0
207 211 1.0
23 98 1.0
69 128 1.0
55 251 1.0
227 195 1.0
128 110 1.0
147 225 1.0
115 254 1.0
62 238 1.0
182 46 1.0
94 28 1.0
237 218 1.0
185 173 1.0
256 151 1.0
167 133 1.0
134 75 1.0
26 66 1.0
202 34 1.0
210 91 1.0
251 98 1.0
187 58 1.0
34 12 1.0
225 205 1.0
125 173 1.0
96 83 1.0
136 197 1.0
68 1 1.0
170 195 1.0
124 167 1.0
212 64 1.0
109 156 1.0
82 24 1.0
201 245 1.0
144 122 1.0
214 204 1.0
255 63 1.0
35 123 1.0
238 121 1.0
28 252 1.0
59 97 1.0
217 45 1.0
249 188 1.0
6 77 1.0
218 237 1.0
66 216 1.0
220 75 1.0
102 103 1.0
131 9 1.0
127 116 1.0
165 216 1.0
171 244 1.0
222 165 1.0
204 97 1.0
105 156 1.0
188 48 1.0
254 5 1.0
224 195 1.0
22 251 1.0
199 75 1.0
230 26 1.0
71 232 1.0
78 10 1.0
156 55 1.0
43 104 1.0
103 108 1.0
173 48 1.0
93 203 1.0
226 128 1.0
79 138 1.0
38 147 1.0
3 66 1.0
121 24 1.0
10 105 1.0
245 53 1.0
227 82 1.0
223 255 1.0
63 194 1.0
32 226 1.0
234 117 1.0
229 123 1.0
250 66 1.0
195 53 1.0
135 193 1.0
27 121 1.0
157 104 1.0
1 206 1.0
192 123 1.0
176 77 1.0
231 142 1.0
200 20 1.0
81 223 1.0
137 26 1.0
123 162 1.0
234 82 1.0
169 116 1.0
36 109 1.0
99 153 1.0
133 157 1.0
11 50 1.0
76 163 1.0
237 123 1.0
65 252 1.0
101 86 1.0
252 253 1.0
40 104 1.0
238 179 1.0
25 73 1.0
97 116 1.0
175 65 1.0
219 226 1.0
246 63 1.0
240 97 1.0
197 12 1.0
5 243 1.0
160 167 1.0
180 14 1.0
140 125 1.0
222 55 1.0
229 247 1.0
243 222 1.0
91 6 1.0
155 42 1.0
77 176 1.0
244 10 1.0
162 205 1.0
100 242 1.0
16 231 1.0
246 48 1.0
112 102 1.0
39 74 1.0
174 62 1.0
143 129 1.0
248 97 1.0
248 63 1.0
41 1 1.0
31 55 1.0
86 24 1.0
73 151 1.0
4 75 1.0
190 170 1.0
250 63 1.0
29 26 1.0
196 112 1.0
90 189 1.0
252 238 1.0
139 157 1.0
221 64 1.0
247 107 1.0
164 63 1.0
198 170 1.0
111 67 1.0
132 42 1.0
255 230 1.0
172 177 1.0
256 92 1.0
231 81 1.0
163 144 1.0
2 41 1.0
213 24 1.0
189 183 1.0
226 133 1.0
148 58 1.0
84 59 1.0
217 219 1.0
166 256 1.0
113 46 1.0
5 168 1.0
37 166 1.0
6 240 1.0
54 166 1.0
12 85 1.0
218 130 1.0
70 237 1.0
8 51 1.0
236 102 1.0
186 256 1.0
48 41 1.0
159 185 1.0
8 22 1.0
253 256 1.0
131 92 1.0
10 178 1.0
165 55 1.0
45 118 1.0
120 183 1.0
11 186 1.0
56 182 1.0
95 215 1.0
80 120 1.0
106 113 1.0
243 87 1.0
255 253 1.0
14 206 1.0
191 94 1.0
35 133 1.0
220 41 1.0
154 204 1.0
16 24 1.0
184 32 1.0
105 145 1.0
188 162 1.0
254 12 1.0
114 132 1.0
161 203 1.0
74 173 1.0
30 134 1.0
75 253 1.0
49 167 1.0
18 48 1.0
110 164 1.0
14 38 1.0
181 9 1.0
241 121 1.0
42 32 1.0
7 116 1.0
21 70 1.0
177 18 1.0
145 112 1.0
216 17 1.0
158 18 1.0
194 256 1.0
67 130 1.0
23 38 1.0
83 256 1.0
52 191 1.0
138 60 1.0
107 190 1.0
24 112 1.0
227 161 1.0
26 52 1.0
33 165 1.0
215 235 1.0
244 84 1.0
46 1 1.0
179 97 1.0
28 13 1.0
168 77 1.0
224 251 1.0
150 249 1.0
9 157 1.0
147 201 1.0
44 5 1.0
47 158 1.0
119 24 1.0
72 93 1.0
31 2 1.0
32 178 1.0
2 40 1.0
69 225 1.0
108 253 1.0
242 193 1.0
53 204 1.0
126 59 1.0
34 100 1.0
192 205 1.0
137 146 1.0
81 165 1.0
151 71 1.0
89 32 1.0
178 75 1.0
214 3 1.0
157 32 1.0
142 59 1.0
36 141 1.0
208 201 1.0
18 123 1.0
38 24 1.0
250 8 1.0
223 116 1.0
203 119 1.0
235 72 1.0
87 43 1.0
245 37 1.0
10 35 1.0
39 252 1.0
55 147 1.0
43 57 1.0
128 245 1.0
79 185 1.0
19 248 1.0
42 127 1.0
62 9 1.0
182 60 1.0
94 180 1.0
78 142 1.0
44 157 1.0
23 111 1.0
156 245 1.0
153 161 1.0
139 14 1.0
45 111 1.0
221 251 1.0
115 37 1.0
48 147 1.0
141 205 1.0
17 237 1.0
50 228 1.0
205 204 1.0
190 103 1.0
129 47 1.0
247 32 1.0
240 200 1.0
211 248 1.0
52 104 1.0
6 205 1.0
249 19 1.0
57 32 1.0
239 204 1.0
53 64 1.0
50 231 1.0
13 180 1.0
136 18 1.0
68 245 1.0
116 128 1.0
51 147 1.0
109 246 1.0
56 86 1.0
82 182 1.0
98 45 1.0
152 60 1.0
57 143 1.0
118 180 1.0
193 212 1.0
167 61 1.0
256 60 1.0
149 166 1.0
209 41 1.0
134 63 1.0
187 112 1.0
251 8 1.0
61 118 1.0
207 184 1.0
232 70 1.0
212 161 1.0
62 8 1.0
15 206 1.0
252 131 1.0
58 97 1.0
40 240 1.0
76 105 1.0
21 49 1.0
64 253 1.0
61 94 1.0
11 167 1.0
92 105 1.0
88 235 1.0
66 42 1.0
233 132 1.0
117 206 1.0
53 125 1.0
202 182 1.0
68 254 1.0
215 143 1.0
26 245 1.0
244 63 1.0
185 178 1.0
46 32 1.0
237 83 1.0
144 49 1.0
70 161 1.0
201 225 1.0
150 251 1.0
179 91 1.0
72 5 1.0
124 32 1.0
170 48 1.0
158 61 1.0
216 75 1.0
96 63 1.0
125 42 1.0
74 239 1.0
66 104 1.0
102 36 1.0
176 1 1.0
200 243 1.0
75 190 1.0
213 64 1.0
77 104 1.0
159 33 1.0
36 246 1.0
123 74 1.0
169 51 1.0
84 186 1.0
99 161 1.0
133 190 1.0
65 193 1.0
79 175 1.0
148 102 1.0
119 83 1.0
47 75 1.0
101 206 1.0
97 18 1.0
25 240 1.0
81 77 1.0
242 37 1.0
34 166 1.0
225 193 1.0
180 128 1.0
60 16 1.0
122 63 1.0
146 14 1.0
160 43 1.0
20 186 1.0
85 94 1.0
130 24 1.0
77 178 1.0
85 70 1.0
155 191 1.0
16 214 1.0
86 211 1.0
206 207 1.0
228 143 1.0
64 246 1.0
87 38 1.0
41 134 1.0
210 12 1.0
24 211 1.0
88 16 1.0
248 91 1.0
90 162 1.0
59 166 1.0
28 225 1.0
83 250 1.0
91 102 1.0
52 62 1.0
199 57 1.0
93 114 1.0
22 203 1.0
238 71 1.0
75 41 1.0
49 182 1.0
204 26 1.0
171 68 1.0
14 64 1.0
241 182 1.0
181 108 1.0
230 204 1.0
104 113 1.0
96 105 1.0
183 213 1.0
127 118 1.0
246 55 1.0
219 213 1.0
97 171 1.0
222 62 1.0
207 220 1.0
100 37 1.0
232 102 1.0
162 35 1.0
21 125 1.0
175 229 1.0
58 10 1.0
229 231 1.0
140 101 1.0
100 211 1.0
112 176 1.0
98 95 1.0
101 244 1.0
152 46 1.0
31 250 1.0
73 216 1.0
149 184 1.0
103 214 1.0
91 152 1.0
209 111 1.0
143 134 1.0
39 79 1.0
174 204 1.0
105 104 1.0
89 204 1.0
142 94 1.0
126 129 1.0
106 87 1.0
67 89 1.0
110 75 1.0
177 64 1.0
145 32 1.0
18 195 1.0
138 250 1.0
107 166 1.0
109 205 1.0
61 182 1.0
92 205 1.0
233 230 1.0
110 251 1.0
5 79 1.0
197 90 1.0
30 221 1.0
74 147 1.0
151 63 1.0
7 253 1.0
42 138 1.0
113 62 1.0
56 94 1.0
114 192 1.0
95 243 1.0
3 173 1.0
121 34 1.0
38 41 1.0
161 166 1.0
93 133 1.0
116 245 1.0
103 53 1.0
114 104 1.0
173 96 1.0
1 83 1.0
186 121 1.0
236 239 1.0
27 63 1.0
135 18 1.0
195 102 1.0
54 182 1.0
234 167 1.0
119 21 1.0
32 104 1.0
243 171 1.0
63 71 1.0
164 116 1.0
239 216 1.0
57 130 1.0
122 45 1.0
196 186 1.0
4 39 1.0
90 64 1.0
29 184 1.0
116 213 1.0
51 170 1.0
124 226 1.0
71 154 1.0
184 137 1.0
154 153 1.0
126 48 1.0
132 103 1.0
111 43 1.0
231 154 1.0
172 100 1.0
128 161 1.0
240 226 1.0
211 70 1.0
198 66 1.0
129 128 1.0
249 131 1.0
102 14 1.0
6 57 1.0
50 164 1.0
66 133 1.0
132 201 1.0
255 214 1.0
133 72 1.0
35 62 1.0
28 214 1.0
135 237 1.0
59 226 1.0
82 245 1.0
201 232 1.0
109 174 1.0
138 198 1.0
193 243 1.0
144 94 1.0
68 157 1.0
13 121 1.0
136 253 1.0
124 240 1.0
140 38 1.0
170 60 1.0
146 252 1.0
104 198 1.0
120 10 1.0
141 122 1.0
45 10 1.0
165 142 1.0
37 57 1.0
142 243 1.0
122 166 1.0
60 226 1.0
106 5 1.0
80 246 1.0
105 96 1.0
199 114 1.0
230 200 1.0
144 210 1.0
191 231 1.0
220 240 1.0
131 217 1.0
146 69 1.0
204 13 1.0
171 50 1.0
188 201 1.0
254 114 1.0
226 214 1.0
189 99 1.0
217 63 1.0
141 228 1.0
205 18 1.0
148 171 1.0
113 226 1.0
166 38 1.0
129 63 1.0
153 125 1.0
150 220 1.0
218 120 1.0
70 8 1.0
12 88 1.0
228 117 1.0
48 145 1.0
64 55 1.0
253 114 1.0
152 222 1.0
206 70 1.0
8 161 1.0
24 236 1.0
163 104 1.0
154 229 1.0
33 7 1.0
227 54 1.0
128 129 1.0
203 44 1.0
9 49 1.0
224 97 1.0
156 166 1.0
168 121 1.0
157 60 1.0
235 2 1.0
208 40 1.0
194 184 1.0
72 33 1.0
147 14 1.0
62 213 1.0
44 226 1.0
108 18 1.0
2 245 1.0
160 10 1.0
94 93 1.0
55 90 1.0
23 43 1.0
69 97 1.0
196 133 1.0
17 64 1.0
4 92 1.0
41 148 1.0
210 147 1.0
73 21 1.0
248 28 1.0
163 113 1.0
16 40 1.0
31 12 1.0
86 48 1.0
39 142 1.0
165 151 1.0
112 241 1.0
20 24 1.0
85 161 1.0
130 212 1.0
167 249 1.0
162 105 1.0
77 7 1.0
155 225 1.0
160 143 1.0
180 55 1.0
100 93 1.0
3 241 1.0
19 64 1.0
87 167 1.0
169 162 1.0
43 202 1.0
79 182 1.0
103 46 1.0
173 107 1.0
71 245 1.0
78 194 1.0
156 120 1.0
172 217 1.0
111 77 1.0
132 63 1.0
182 230 1.0
115 7 1.0
174 164 1.0
221 243 1.0
139 233 1.0
175 4 1.0
198 104 1.0
164 64 1.0
247 152 1.0
190 38 1.0
177 118 1.0
81 48 1.0
200 26 1.0
137 69 1.0
88 225 1.0
178 236 1.0
117 32 1.0
195 41 1.0
157 7 1.0
1 96 1.0
192 1 1.0
176 236 1.0
182 164 1.0
223 250 1.0
63 114 1.0
250 102 1.0
178 210 1.0
183 245 1.0
135 205 1.0
214 45 1.0
38 87 1.0
185 189 1.0
245 147 1.0
10 133 1.0
32 107 1.0
134 49 1.0
26 195 1.0
202 118 1.0
118 213 1.0
256 46 1.0
167 243 1.0
225 40 1.0
34 250 1.0
189 6 1.0
251 83 1.0
187 119 1.0
252 7 1.0
40 36 1.0
101 5 1.0
212 99 1.0
15 151 1.0
191 161 1.0
133 245 1.0
36 12 1.0
99 192 1.0
65 87 1.0
193 145 1.0
11 9 1.0
76 48 1.0
45 196 1.0
120 122 1.0
121 157 1.0
93 250 1.0
194 88 1.0
161 165 1.0
80 254 1.0
106 62 1.0
56 116 1.0
95 236 1.0
197 243 1.0
218 225 1.0
234 38 1.0
27 122 1.0
198 95 1.0
243 128 1.0
54 5 1.0
253 81 1.0
200 208 1.0
236 9 1.0
186 203 1.0
12 53 1.0
48 28 1.0
123 202 1.0
202 107 1.0
169 241 1.0
159 64 1.0
8 168 1.0
213 7 1.0
148 90 1.0
113 157 1.0
204 176 1.0
189 32 1.0
84 97 1.0
217 195 1.0
25 104 1.0
206 18 1.0
97 245 1.0
47 186 1.0
166 133 1.0
119 182 1.0
242 220 1.0
53 70 1.0
2 202 1.0
208 140 1.0
44 119 1.0
108 193 1.0
215 244 1.0
244 147 1.0
69 173 1.0
185 93 1.0
237 175 1.0
46 220 1.0
224 225 1.0
9 173 1.0
209 102 1.0
179 83 1.0
211 112 1.0
150 156 1.0
194 209 1.0
168 48 1.0
96 115 1.0
216 173 1.0
158 73 1.0
107 231 1.0
213 83 1.0
125 10 1.0
83 198 1.0
52 162 1.0
138 254 1.0
67 40 1.0
215 155 1.0
110 213 1.0
49 207 1.0
216 67 1.0
238 109 1.0
75 16 1.0
22 9 1.0
7 162 1.0
219 100 1.0
181 82 1.0
42 214 1.0
241 70 1.0
197 99 1.0
14 252 1.0
5 16 1.0
219 167 1.0
221 129 1.0
246 24 1.0
127 77 1.0
183 128 1.0
223 17 1.0
140 41 1.0
222 142 1.0
33 173 1.0
227 225 1.0
128 206 1.0
55 97 1.0
23 91 1.0
156 133 1.0
78 18 1.0
225 63 1.0
94 231 1.0
62 245 1.0
182 150 1.0
115 40 1.0
145 17 1.0
177 245 1.0
18 96 1.0
208 245 1.0
10 101 1.0
245 214 1.0
228 136 1.0
203 64 1.0
235 112 1.0
87 191 1.0
19 245 1.0
230 253 1.0
126 203 1.0
30 114 1.0
151 35 1.0
157 82 1.0
232 64 1.0
192 138 1.0
89 75 1.0
142 222 1.0
233 24 1.0
235 12 1.0
178 63 1.0
214 213 1.0
21 182 1.0
236 28 1.0
175 101 1.0
58 46 1.0
11 118 1.0
92 46 1.0
76 41 1.0
233 12 1.0
117 222 1.0
61 63 1.0
74 161 1.0
239 172 1.0
88 40 1.0
251 156 1.0
187 170 1.0
232 9 1.0
209 248 1.0
149 61 1.0
241 50 1.0
212 245 1.0
242 206 1.0
229 145 1.0
207 85 1.0
15 128 1.0
82 55 1.0
98 243 1.0
152 169 1.0
51 55 1.0
116 32 1.0
109 36 1.0
245 204 1.0
174 102 1.0
91 82 1.0
143 74 1.0
247 164 1.0
118 40 1.0
193 236 1.0
239 146 1.0
249 90 1.0
57 239 1.0
6 104 1.0
211 246 1.0
249 195 1.0
29 66 1.0
90 133 1.0
13 219 1.0
251 21 1.0
50 45 1.0
154 240 1.0
253 9 1.0
105 76 1.0
184 2 1.0
188 148 1.0
114 154 1.0
254 24 1.0
240 42 1.0
172 152 1.0
254 7 1.0
191 157 1.0
231 239 1.0
220 108 1.0
