*Vertices 64
1 "V0"
2 "V63"
3 "V52"
4 "V11"
5 "V15"
6 "V48"
7 "V45"
8 "V30"
9 "V29"
10 "V34"
11 "V33"
12 "V27"
13 "V9"
14 "V13"
15 "V17"
16 "V50"
17 "V28"
18 "V31"
19 "V35"
20 "V32"
21 "V46"
22 "V14"
23 "V51"
24 "V49"
25 "V16"
26 "V10"
27 "V53"
28 "V12"
29 "V47"
30 "V22"
31 "V26"
32 "V59"
33 "V37"
34 "V40"
35 "V44"
36 "V41"
37 "V55"
38 "V60"
39 "V58"
40 "V19"
41 "V25"
42 "V62"
43 "V56"
44 "V21"
45 "V23"
46 "V7"
47 "V5"
48 "V3"
49 "V1"
50 "V20"
51 "V61"
52 "V57"
53 "V24"
54 "V54"
55 "V38"
56 "V43"
57 "V42"
58 "V39"
59 "V36"
60 "V18"
61 "V6"
62 "V8"
63 "V4"
64 "V2"
*Arcs
1 21 1.0
30 13 1.0
11 28 1.0
16 24 1.0
47 26 1.0
23 53 1.0
63 57 1.0
4 56 1.0
30 56 1.0
8 12 1.0
58 28 1.0
10 58 1.0
34 1 1.0
1 10 1.0
17 27 1.0
4 7 1.0
39 60 1.0
52 33 1.0
9 10 1.0
13 52 1.0
1 13 1.0
15 12 1.0
29 25 1.0
21 56 1.0
14 54 1.0
15 38 1.0
60 51 1.0
6 22 1.0
59 22 1.0
40 54 1.0
54 3 1.0
37 24 1.0
46 47 1.0
33 49 1.0
62 47 1.0
41 57 1.0
56 40 1.0
23 33 1.0
35 34 1.0
29 60 1.0
51 27 1.0
31 28 1.0
22 63 1.0
20 64 1.0
11 23 1.0
5 18 1.0
48 34 1.0
51 35 1.0
30 44 1.0
31 63 1.0
16 63 1.0
55 46 1.0
44 61 1.0
43 32 1.0
43 33 1.0
13 34 1.0
58 19 1.0
12 50 1.0
26 62 1.0
7 36 1.0
7 48 1.0
38 19 1.0
43 13 1.0
42 20 1.0
17 62 1.0
25 44 1.0
10 14 1.0
47 48 1.0
10 18 1.0
49 32 1.0
23 26 1.0
15 22 1.0
47 22 1.0
2 51 1.0
45 7 1.0
19 50 1.0
61 58 1.0
3 9 1.0
27 33 1.0
61 44 1.0
28 7 1.0
53 28 1.0
36 25 1.0
56 24 1.0
57 17 1.0
58 17 1.0
49 43 1.0
8 22 1.0
14 20 1.0
38 34 1.0
18 53 1.0
32 52 1.0
60 47 1.0
64 48 1.0
40 63 1.0
24 11 1.0
6 27 1.0
50 18 1.0
31 55 1.0
22 7 1.0
56 22 1.0
3 40 1.0
35 26 1.0
6 52 1.0
33 5 1.0
41 52 1.0
54 36 1.0
62 61 1.0
46 62 1.0
37 50 1.0
12 30 1.0
63 22 1.0
44 52 1.0
23 52 1.0
16 29 1.0
30 48 1.0
48 37 1.0
5 25 1.0
42 48 1.0
20 9 1.0
51 22 1.0
11 61 1.0
39 25 1.0
52 16 1.0
4 47 1.0
34 54 1.0
9 28 1.0
28 47 1.0
18 30 1.0
19 45 1.0
45 24 1.0
34 27 1.0
19 10 1.0
22 5 1.0
59 9 1.0
26 18 1.0
60 49 1.0
27 16 1.0
46 8 1.0
21 40 1.0
29 22 1.0
1 16 1.0
9 6 1.0
49 16 1.0
60 5 1.0
38 51 1.0
32 49 1.0
57 50 1.0
14 55 1.0
8 31 1.0
34 59 1.0
35 51 1.0
14 24 1.0
36 43 1.0
53 43 1.0
33 1 1.0
55 34 1.0
40 31 1.0
50 57 1.0
37 47 1.0
45 34 1.0
62 44 1.0
6 4 1.0
24 18 1.0
64 49 1.0
18 7 1.0
64 60 1.0
40 24 1.0
17 40 1.0
25 26 1.0
7 35 1.0
51 63 1.0
52 62 1.0
21 20 1.0
58 62 1.0
12 62 1.0
43 22 1.0
26 53 1.0
13 29 1.0
52 19 1.0
59 61 1.0
61 63 1.0
45 52 1.0
3 31 1.0
3 48 1.0
53 64 1.0
47 24 1.0
15 36 1.0
2 44 1.0
10 60 1.0
61 26 1.0
2 17 1.0
19 30 1.0
64 44 1.0
40 13 1.0
46 40 1.0
4 50 1.0
59 48 1.0
59 20 1.0
5 49 1.0
62 58 1.0
7 37 1.0
41 55 1.0
27 31 1.0
41 62 1.0
54 62 1.0
9 43 1.0
36 61 1.0
39 5 1.0
4 59 1.0
39 27 1.0
28 4 1.0
60 46 1.0
8 1 1.0
29 52 1.0
1 64 1.0
49 59 1.0
29 18 1.0
16 40 1.0
23 37 1.0
63 38 1.0
44 36 1.0
11 49 1.0
17 59 1.0
34 20 1.0
58 36 1.0
20 57 1.0
26 20 1.0
52 4 1.0
30 63 1.0
35 14 1.0
24 36 1.0
27 18 1.0
56 36 1.0
31 40 1.0
22 64 1.0
51 4 1.0
42 31 1.0
20 60 1.0
5 7 1.0
48 30 1.0
3 50 1.0
27 53 1.0
61 49 1.0
45 43 1.0
19 60 1.0
33 50 1.0
57 64 1.0
36 33 1.0
36 10 1.0
28 57 1.0
32 45 1.0
53 29 1.0
21 36 1.0
39 53 1.0
42 53 1.0
7 31 1.0
17 18 1.0
25 32 1.0
46 10 1.0
2 50 1.0
48 45 1.0
10 55 1.0
15 16 1.0
47 56 1.0
50 20 1.0
13 22 1.0
50 64 1.0
55 4 1.0
33 20 1.0
53 47 1.0
43 41 1.0
13 40 1.0
54 40 1.0
12 25 1.0
37 11 1.0
31 41 1.0
18 16 1.0
57 9 1.0
38 56 1.0
14 23 1.0
32 19 1.0
22 49 1.0
50 51 1.0
18 62 1.0
24 32 1.0
64 63 1.0
6 9 1.0
48 55 1.0
39 35 1.0
2 46 1.0
4 32 1.0
52 49 1.0
9 16 1.0
17 64 1.0
26 64 1.0
30 47 1.0
34 48 1.0
9 40 1.0
11 50 1.0
58 59 1.0
44 24 1.0
11 44 1.0
23 8 1.0
63 16 1.0
16 47 1.0
63 36 1.0
20 4 1.0
5 60 1.0
35 61 1.0
5 53 1.0
42 45 1.0
51 1 1.0
56 20 1.0
56 48 1.0
16 54 1.0
22 40 1.0
38 55 1.0
31 44 1.0
54 49 1.0
54 64 1.0
41 9 1.0
62 53 1.0
21 46 1.0
33 64 1.0
25 57 1.0
28 58 1.0
59 64 1.0
40 32 1.0
46 59 1.0
6 44 1.0
49 52 1.0
1 32 1.0
29 1 1.0
8 7 1.0
60 17 1.0
35 53 1.0
7 19 1.0
25 49 1.0
32 34 1.0
42 44 1.0
37 64 1.0
12 26 1.0
43 36 1.0
12 10 1.0
26 61 1.0
37 22 1.0
55 47 1.0
41 37 1.0
44 57 1.0
55 19 1.0
44 31 1.0
13 54 1.0
24 63 1.0
64 53 1.0
24 20 1.0
48 10 1.0
20 49 1.0
50 26 1.0
38 8 1.0
49 9 1.0
14 64 1.0
32 28 1.0
18 11 1.0
8 41 1.0
28 53 1.0
53 32 1.0
57 30 1.0
55 52 1.0
36 26 1.0
57 53 1.0
45 49 1.0
19 61 1.0
27 8 1.0
47 30 1.0
3 20 1.0
61 53 1.0
10 16 1.0
15 14 1.0
21 61 1.0
62 19 1.0
25 60 1.0
63 40 1.0
2 49 1.0
