*Vertices 64
1 "V0"
2 "V63"
3 "V52"
4 "V11"
5 "V15"
6 "V48"
7 "V45"
8 "V30"
9 "V29"
10 "V34"
11 "V33"
12 "V27"
13 "V9"
14 "V13"
15 "V17"
16 "V50"
17 "V28"
18 "V31"
19 "V35"
20 "V32"
21 "V46"
22 "V14"
23 "V51"
24 "V49"
25 "V16"
26 "V10"
27 "V53"
28 "V12"
29 "V47"
30 "V22"
31 "V26"
32 "V59"
33 "V37"
34 "V40"
35 "V44"
36 "V41"
37 "V55"
38 "V60"
39 "V58"
40 "V19"
41 "V25"
42 "V62"
43 "V56"
44 "V21"
45 "V23"
46 "V7"
47 "V5"
48 "V3"
49 "V1"
50 "V20"
51 "V61"
52 "V57"
53 "V24"
54 "V54"
55 "V38"
56 "V43"
57 "V42"
58 "V39"
59 "V36"
60 "V18"
61 "V6"
62 "V8"
63 "V4"
64 "V2"
*Arcs
1 21 1.0
30 63 1.0
11 25 1.0
16 47 1.0
47 32 1.0
23 5 1.0
63 38 1.0
4 45 1.0
30 31 1.0
8 42 1.0
58 8 1.0
10 9 1.0
34 56 1.0
1 18 1.0
17 30 1.0
4 11 1.0
39 35 1.0
52 36 1.0
9 1 1.0
13 38 1.0
1 2 1.0
15 1 1.0
29 61 1.0
21 31 1.0
14 49 1.0
15 34 1.0
60 49 1.0
6 9 1.0
59 16 1.0
40 2 1.0
54 61 1.0
37 23 1.0
46 19 1.0
33 45 1.0
62 63 1.0
41 46 1.0
56 1 1.0
23 16 1.0
35 13 1.0
29 35 1.0
51 44 1.0
31 43 1.0
22 13 1.0
20 63 1.0
11 22 1.0
5 55 1.0
48 49 1.0
51 22 1.0
30 29 1.0
31 11 1.0
16 43 1.0
55 60 1.0
44 13 1.0
43 60 1.0
43 19 1.0
13 25 1.0
58 47 1.0
12 4 1.0
26 58 1.0
7 13 1.0
7 41 1.0
38 51 1.0
43 16 1.0
42 8 1.0
17 8 1.0
25 26 1.0
10 46 1.0
47 44 1.0
10 5 1.0
49 5 1.0
23 18 1.0
15 62 1.0
47 1 1.0
2 48 1.0
45 5 1.0
19 28 1.0
61 4 1.0
3 31 1.0
27 26 1.0
61 18 1.0
28 7 1.0
53 25 1.0
36 59 1.0
56 4 1.0
57 35 1.0
58 54 1.0
49 23 1.0
8 18 1.0
14 47 1.0
38 11 1.0
18 49 1.0
32 19 1.0
60 31 1.0
64 43 1.0
40 45 1.0
24 19 1.0
6 29 1.0
50 38 1.0
31 1 1.0
22 45 1.0
56 47 1.0
3 38 1.0
35 43 1.0
6 24 1.0
33 1 1.0
41 47 1.0
54 30 1.0
62 1 1.0
46 47 1.0
37 31 1.0
12 52 1.0
63 26 1.0
44 11 1.0
23 12 1.0
16 60 1.0
30 53 1.0
48 43 1.0
5 4 1.0
42 16 1.0
20 30 1.0
51 11 1.0
11 18 1.0
39 13 1.0
52 1 1.0
4 13 1.0
34 49 1.0
9 53 1.0
28 1 1.0
18 21 1.0
19 1 1.0
45 1 1.0
34 30 1.0
19 7 1.0
22 10 1.0
59 21 1.0
26 15 1.0
60 47 1.0
27 40 1.0
46 1 1.0
21 41 1.0
29 13 1.0
1 11 1.0
9 18 1.0
49 2 1.0
60 64 1.0
38 16 1.0
32 21 1.0
57 25 1.0
14 48 1.0
8 56 1.0
34 42 1.0
35 14 1.0
14 11 1.0
36 6 1.0
53 4 1.0
33 58 1.0
55 4 1.0
40 24 1.0
50 46 1.0
37 17 1.0
45 21 1.0
62 61 1.0
6 11 1.0
24 1 1.0
64 11 1.0
18 30 1.0
64 1 1.0
40 31 1.0
17 25 1.0
25 62 1.0
7 1 1.0
51 21 1.0
52 2 1.0
21 47 1.0
58 22 1.0
12 63 1.0
43 49 1.0
26 7 1.0
13 36 1.0
52 34 1.0
59 63 1.0
61 5 1.0
45 15 1.0
3 60 1.0
3 15 1.0
53 21 1.0
47 36 1.0
15 47 1.0
2 27 1.0
10 4 1.0
61 53 1.0
2 11 1.0
19 13 1.0
64 34 1.0
40 54 1.0
46 35 1.0
4 62 1.0
59 25 1.0
59 18 1.0
5 51 1.0
62 5 1.0
7 54 1.0
41 43 1.0
27 2 1.0
41 13 1.0
54 18 1.0
9 41 1.0
36 26 1.0
39 52 1.0
4 31 1.0
39 46 1.0
28 58 1.0
60 43 1.0
8 11 1.0
29 15 1.0
1 43 1.0
49 45 1.0
29 12 1.0
16 15 1.0
23 43 1.0
63 43 1.0
44 49 1.0
11 1 1.0
17 62 1.0
34 60 1.0
58 7 1.0
20 7 1.0
26 43 1.0
52 43 1.0
30 58 1.0
35 49 1.0
24 7 1.0
27 1 1.0
56 34 1.0
31 61 1.0
22 47 1.0
51 26 1.0
42 48 1.0
20 54 1.0
5 8 1.0
48 5 1.0
3 1 1.0
27 59 1.0
61 31 1.0
45 64 1.0
19 45 1.0
33 30 1.0
57 28 1.0
36 7 1.0
36 37 1.0
28 11 1.0
32 1 1.0
53 45 1.0
21 56 1.0
39 43 1.0
42 56 1.0
7 61 1.0
17 40 1.0
25 36 1.0
46 2 1.0
2 14 1.0
48 19 1.0
10 41 1.0
15 13 1.0
47 9 1.0
50 43 1.0
13 43 1.0
50 2 1.0
55 13 1.0
33 4 1.0
53 3 1.0
43 62 1.0
13 5 1.0
54 41 1.0
12 64 1.0
37 58 1.0
31 45 1.0
18 11 1.0
57 61 1.0
38 58 1.0
14 13 1.0
32 60 1.0
22 36 1.0
50 13 1.0
18 38 1.0
24 46 1.0
64 14 1.0
6 53 1.0
48 1 1.0
39 63 1.0
2 23 1.0
4 42 1.0
52 11 1.0
9 22 1.0
17 21 1.0
26 18 1.0
30 13 1.0
34 21 1.0
9 47 1.0
11 13 1.0
58 26 1.0
44 46 1.0
11 50 1.0
23 1 1.0
63 11 1.0
16 64 1.0
63 58 1.0
20 61 1.0
5 38 1.0
35 51 1.0
5 48 1.0
42 21 1.0
51 43 1.0
56 26 1.0
56 38 1.0
16 14 1.0
22 32 1.0
38 44 1.0
31 20 1.0
54 14 1.0
54 48 1.0
41 58 1.0
62 39 1.0
21 1 1.0
33 25 1.0
25 61 1.0
28 13 1.0
59 43 1.0
40 4 1.0
46 21 1.0
6 54 1.0
49 1 1.0
1 59 1.0
29 25 1.0
8 49 1.0
60 40 1.0
35 60 1.0
7 26 1.0
25 30 1.0
32 26 1.0
42 18 1.0
37 20 1.0
12 7 1.0
43 44 1.0
12 51 1.0
26 13 1.0
37 54 1.0
55 63 1.0
41 27 1.0
44 18 1.0
55 10 1.0
44 1 1.0
13 46 1.0
24 34 1.0
64 15 1.0
24 50 1.0
48 40 1.0
20 18 1.0
50 60 1.0
38 61 1.0
49 11 1.0
14 7 1.0
32 13 1.0
18 14 1.0
8 44 1.0
28 16 1.0
53 18 1.0
57 42 1.0
55 44 1.0
36 40 1.0
57 58 1.0
45 19 1.0
19 22 1.0
27 11 1.0
47 18 1.0
3 56 1.0
61 7 1.0
10 61 1.0
15 35 1.0
21 22 1.0
62 43 1.0
25 64 1.0
63 55 1.0
2 10 1.0
