*Vertices 64
1 "V0"
2 "V63"
3 "V52"
4 "V11"
5 "V15"
6 "V48"
7 "V45"
8 "V30"
9 "V29"
10 "V34"
11 "V33"
12 "V27"
13 "V9"
14 "V13"
15 "V17"
16 "V50"
17 "V28"
18 "V31"
19 "V35"
20 "V32"
21 "V46"
22 "V14"
23 "V51"
24 "V49"
25 "V16"
26 "V10"
27 "V53"
28 "V12"
29 "V47"
30 "V22"
31 "V26"
32 "V59"
33 "V37"
34 "V40"
35 "V44"
36 "V41"
37 "V55"
38 "V60"
39 "V58"
40 "V19"
41 "V25"
42 "V62"
43 "V56"
44 "V21"
45 "V23"
46 "V7"
47 "V5"
48 "V3"
49 "V1"
50 "V20"
51 "V61"
52 "V57"
53 "V24"
54 "V54"
55 "V38"
56 "V43"
57 "V42"
58 "V39"
59 "V36"
60 "V18"
61 "V6"
62 "V8"
63 "V4"
64 "V2"
*Arcs
1 21 1.0
30 55 1.0
11 14 1.0
16 60 1.0
47 19 1.0
23 28 1.0
63 4 1.0
4 14 1.0
30 19 1.0
8 40 1.0
58 47 1.0
10 29 1.0
34 22 1.0
1 3 1.0
17 44 1.0
4 1 1.0
39 50 1.0
52 20 1.0
9 47 1.0
13 1 1.0
1 28 1.0
15 64 1.0
29 63 1.0
21 7 1.0
14 24 1.0
15 36 1.0
60 62 1.0
6 31 1.0
59 44 1.0
40 10 1.0
54 6 1.0
37 12 1.0
46 54 1.0
33 49 1.0
62 20 1.0
41 12 1.0
56 30 1.0
23 33 1.0
35 21 1.0
29 60 1.0
51 39 1.0
31 4 1.0
22 21 1.0
20 39 1.0
11 62 1.0
5 63 1.0
48 32 1.0
51 44 1.0
30 37 1.0
31 28 1.0
16 12 1.0
55 44 1.0
44 21 1.0
43 47 1.0
43 14 1.0
13 19 1.0
58 63 1.0
12 60 1.0
26 20 1.0
7 41 1.0
7 10 1.0
38 51 1.0
43 46 1.0
42 60 1.0
17 26 1.0
25 9 1.0
10 11 1.0
47 5 1.0
10 30 1.0
49 35 1.0
23 47 1.0
15 63 1.0
47 21 1.0
2 14 1.0
45 34 1.0
19 44 1.0
61 36 1.0
3 13 1.0
27 16 1.0
61 52 1.0
28 26 1.0
53 4 1.0
36 49 1.0
56 60 1.0
57 58 1.0
58 18 1.0
49 3 1.0
8 24 1.0
14 49 1.0
38 33 1.0
18 34 1.0
32 57 1.0
60 52 1.0
64 20 1.0
40 26 1.0
24 57 1.0
6 21 1.0
50 47 1.0
31 52 1.0
22 49 1.0
56 57 1.0
3 46 1.0
35 58 1.0
6 59 1.0
33 7 1.0
41 39 1.0
54 14 1.0
62 39 1.0
46 47 1.0
37 6 1.0
12 22 1.0
63 58 1.0
44 62 1.0
23 7 1.0
16 47 1.0
30 1 1.0
48 49 1.0
5 26 1.0
42 8 1.0
20 17 1.0
51 41 1.0
11 18 1.0
39 63 1.0
52 36 1.0
4 44 1.0
34 8 1.0
9 30 1.0
28 54 1.0
18 16 1.0
19 51 1.0
45 21 1.0
34 62 1.0
19 9 1.0
22 1 1.0
59 36 1.0
26 17 1.0
60 63 1.0
27 3 1.0
46 44 1.0
21 41 1.0
29 20 1.0
1 12 1.0
9 40 1.0
49 7 1.0
60 19 1.0
38 20 1.0
32 49 1.0
57 30 1.0
14 28 1.0
8 26 1.0
34 63 1.0
35 55 1.0
14 50 1.0
36 17 1.0
53 15 1.0
33 10 1.0
55 46 1.0
40 50 1.0
50 10 1.0
37 53 1.0
45 43 1.0
62 10 1.0
6 17 1.0
24 4 1.0
64 24 1.0
18 54 1.0
64 3 1.0
40 37 1.0
17 48 1.0
25 15 1.0
7 40 1.0
51 63 1.0
52 25 1.0
21 22 1.0
58 7 1.0
12 4 1.0
43 18 1.0
26 47 1.0
13 37 1.0
52 28 1.0
59 10 1.0
61 49 1.0
45 49 1.0
3 14 1.0
3 31 1.0
53 36 1.0
47 18 1.0
15 7 1.0
2 47 1.0
10 54 1.0
61 7 1.0
2 7 1.0
19 4 1.0
64 47 1.0
40 28 1.0
46 63 1.0
4 54 1.0
59 63 1.0
59 18 1.0
5 37 1.0
62 17 1.0
7 54 1.0
41 28 1.0
27 29 1.0
41 62 1.0
54 19 1.0
9 26 1.0
36 33 1.0
39 49 1.0
4 33 1.0
39 48 1.0
28 64 1.0
60 13 1.0
8 63 1.0
29 49 1.0
1 48 1.0
49 40 1.0
29 11 1.0
16 30 1.0
23 22 1.0
63 27 1.0
44 30 1.0
11 40 1.0
17 18 1.0
34 1 1.0
58 17 1.0
20 15 1.0
26 13 1.0
52 57 1.0
30 28 1.0
35 47 1.0
24 40 1.0
27 33 1.0
56 52 1.0
31 47 1.0
22 20 1.0
51 37 1.0
42 15 1.0
20 50 1.0
5 60 1.0
48 20 1.0
3 63 1.0
27 25 1.0
61 1 1.0
45 40 1.0
19 7 1.0
33 52 1.0
57 44 1.0
36 5 1.0
36 30 1.0
28 23 1.0
32 4 1.0
53 21 1.0
21 64 1.0
39 20 1.0
42 12 1.0
7 47 1.0
17 15 1.0
25 1 1.0
46 57 1.0
2 26 1.0
48 3 1.0
10 12 1.0
15 5 1.0
47 1 1.0
50 6 1.0
13 64 1.0
50 12 1.0
55 47 1.0
33 50 1.0
53 39 1.0
43 13 1.0
13 52 1.0
54 29 1.0
12 13 1.0
37 24 1.0
31 15 1.0
18 39 1.0
57 62 1.0
38 52 1.0
14 26 1.0
32 6 1.0
22 24 1.0
50 30 1.0
18 21 1.0
24 58 1.0
64 29 1.0
6 39 1.0
48 64 1.0
39 28 1.0
2 39 1.0
4 49 1.0
52 24 1.0
9 63 1.0
17 13 1.0
26 27 1.0
30 18 1.0
34 5 1.0
9 25 1.0
11 43 1.0
58 32 1.0
44 27 1.0
11 26 1.0
23 40 1.0
63 32 1.0
16 43 1.0
63 60 1.0
20 44 1.0
5 62 1.0
35 19 1.0
5 47 1.0
42 64 1.0
51 55 1.0
56 16 1.0
56 33 1.0
16 6 1.0
22 59 1.0
38 10 1.0
31 6 1.0
54 46 1.0
54 58 1.0
41 19 1.0
62 18 1.0
21 30 1.0
33 47 1.0
25 24 1.0
28 32 1.0
59 6 1.0
40 4 1.0
46 40 1.0
6 57 1.0
49 23 1.0
1 7 1.0
29 8 1.0
8 23 1.0
60 9 1.0
35 2 1.0
7 58 1.0
25 12 1.0
32 30 1.0
42 32 1.0
37 20 1.0
12 52 1.0
43 26 1.0
12 7 1.0
26 44 1.0
37 56 1.0
55 45 1.0
41 60 1.0
44 7 1.0
55 64 1.0
44 4 1.0
13 39 1.0
24 59 1.0
64 33 1.0
24 21 1.0
48 21 1.0
20 4 1.0
50 62 1.0
38 27 1.0
49 30 1.0
14 44 1.0
32 60 1.0
18 41 1.0
8 18 1.0
28 39 1.0
53 59 1.0
57 5 1.0
55 20 1.0
36 47 1.0
57 17 1.0
45 62 1.0
19 12 1.0
27 39 1.0
47 53 1.0
3 23 1.0
61 47 1.0
10 33 1.0
15 26 1.0
21 58 1.0
62 54 1.0
25 20 1.0
63 64 1.0
2 29 1.0
