*Vertices 64
1 "V0"
2 "V63"
3 "V52"
4 "V11"
5 "V15"
6 "V48"
7 "V45"
8 "V30"
9 "V29"
10 "V34"
11 "V33"
12 "V27"
13 "V9"
14 "V13"
15 "V17"
16 "V50"
17 "V28"
18 "V31"
19 "V35"
20 "V32"
21 "V46"
22 "V14"
23 "V51"
24 "V49"
25 "V16"
26 "V10"
27 "V53"
28 "V12"
29 "V47"
30 "V22"
31 "V26"
32 "V59"
33 "V37"
34 "V40"
35 "V44"
36 "V41"
37 "V55"
38 "V60"
39 "V58"
40 "V19"
41 "V25"
42 "V62"
43 "V56"
44 "V21"
45 "V23"
46 "V7"
47 "V5"
48 "V3"
49 "V1"
50 "V20"
51 "V61"
52 "V57"
53 "V24"
54 "V54"
55 "V38"
56 "V43"
57 "V42"
58 "V39"
59 "V36"
60 "V18"
61 "V6"
62 "V8"
63 "V4"
64 "V2"
*Arcs
19 1 1.0
54 3 1.0
13 31 1.0
35 41 1.0
55 19 1.0
16 27 1.0
61 62 1.0
33 62 1.0
22 60 1.0
5 42 1.0
35 33 1.0
42 64 1.0
62 50 1.0
20 21 1.0
33 63 1.0
46 61 1.0
5 6 1.0
12 24 1.0
43 8 1.0
12 18 1.0
61 32 1.0
42 14 1.0
57 28 1.0
61 38 1.0
12 36 1.0
4 57 1.0
40 53 1.0
56 61 1.0
25 46 1.0
5 23 1.0
17 20 1.0
42 38 1.0
50 10 1.0
32 25 1.0
50 5 1.0
7 51 1.0
36 35 1.0
44 64 1.0
29 1 1.0
40 7 1.0
8 31 1.0
41 37 1.0
7 9 1.0
3 12 1.0
8 58 1.0
35 43 1.0
32 4 1.0
49 4 1.0
13 30 1.0
12 34 1.0
41 61 1.0
63 45 1.0
37 24 1.0
22 16 1.0
15 38 1.0
10 36 1.0
17 22 1.0
32 28 1.0
4 32 1.0
20 18 1.0
52 8 1.0
53 46 1.0
37 41 1.0
12 23 1.0
4 27 1.0
33 53 1.0
40 57 1.0
2 59 1.0
14 2 1.0
60 55 1.0
53 62 1.0
35 13 1.0
54 27 1.0
64 47 1.0
4 48 1.0
17 6 1.0
61 8 1.0
55 60 1.0
28 50 1.0
52 21 1.0
52 34 1.0
64 4 1.0
48 28 1.0
22 34 1.0
18 52 1.0
8 61 1.0
7 16 1.0
43 61 1.0
57 18 1.0
26 30 1.0
38 45 1.0
51 24 1.0
29 51 1.0
54 35 1.0
28 15 1.0
21 5 1.0
30 51 1.0
2 10 1.0
61 11 1.0
6 13 1.0
46 17 1.0
48 54 1.0
55 37 1.0
18 31 1.0
55 7 1.0
19 64 1.0
47 49 1.0
56 6 1.0
26 8 1.0
40 63 1.0
46 47 1.0
42 8 1.0
46 28 1.0
58 32 1.0
64 39 1.0
22 2 1.0
50 33 1.0
2 55 1.0
3 29 1.0
46 40 1.0
9 50 1.0
48 31 1.0
36 23 1.0
32 46 1.0
41 62 1.0
53 19 1.0
25 27 1.0
1 14 1.0
19 22 1.0
30 38 1.0
19 36 1.0
45 57 1.0
42 53 1.0
32 17 1.0
50 54 1.0
10 26 1.0
46 4 1.0
64 58 1.0
16 37 1.0
16 5 1.0
37 15 1.0
3 51 1.0
42 35 1.0
27 64 1.0
60 49 1.0
6 7 1.0
62 12 1.0
49 23 1.0
52 18 1.0
59 61 1.0
64 46 1.0
5 11 1.0
55 22 1.0
59 51 1.0
53 38 1.0
25 34 1.0
1 36 1.0
2 24 1.0
15 30 1.0
64 53 1.0
14 60 1.0
20 33 1.0
6 2 1.0
61 42 1.0
10 19 1.0
55 27 1.0
48 62 1.0
8 62 1.0
29 23 1.0
31 41 1.0
62 31 1.0
9 56 1.0
48 57 1.0
40 14 1.0
31 36 1.0
35 32 1.0
11 39 1.0
28 18 1.0
10 28 1.0
39 47 1.0
30 63 1.0
38 6 1.0
30 8 1.0
31 44 1.0
36 40 1.0
1 6 1.0
32 56 1.0
54 5 1.0
58 51 1.0
41 38 1.0
31 11 1.0
63 5 1.0
22 46 1.0
36 61 1.0
47 23 1.0
25 20 1.0
64 45 1.0
48 53 1.0
46 16 1.0
19 44 1.0
15 34 1.0
50 58 1.0
19 43 1.0
36 26 1.0
29 4 1.0
25 37 1.0
44 12 1.0
48 9 1.0
45 21 1.0
51 64 1.0
1 7 1.0
42 49 1.0
