*Vertices 64
1 "V0"
2 "V63"
3 "V52"
4 "V11"
5 "V15"
6 "V48"
7 "V45"
8 "V30"
9 "V29"
10 "V34"
11 "V33"
12 "V27"
13 "V9"
14 "V13"
15 "V17"
16 "V50"
17 "V28"
18 "V31"
19 "V35"
20 "V32"
21 "V46"
22 "V14"
23 "V51"
24 "V49"
25 "V16"
26 "V10"
27 "V53"
28 "V12"
29 "V47"
30 "V22"
31 "V26"
32 "V59"
33 "V37"
34 "V40"
35 "V44"
36 "V41"
37 "V55"
38 "V60"
39 "V58"
40 "V19"
41 "V25"
42 "V62"
43 "V56"
44 "V21"
45 "V23"
46 "V7"
47 "V5"
48 "V3"
49 "V1"
50 "V20"
51 "V61"
52 "V57"
53 "V24"
54 "V54"
55 "V38"
56 "V43"
57 "V42"
58 "V39"
59 "V36"
60 "V18"
61 "V6"
62 "V8"
63 "V4"
64 "V2"
*Arcs
1 21 1.0
30 4 1.0
11 41 1.0
16 50 1.0
47 8 1.0
23 8 1.0
63 32 1.0
4 15 1.0
30 50 1.0
8 62 1.0
58 19 1.0
10 4 1.0
34 59 1.0
1 19 1.0
17 4 1.0
4 27 1.0
39 58 1.0
52 58 1.0
9 41 1.0
13 39 1.0
1 20 1.0
15 61 1.0
29 30 1.0
21 20 1.0
14 43 1.0
15 43 1.0
60 43 1.0
6 45 1.0
59 24 1.0
40 43 1.0
54 31 1.0
37 23 1.0
46 35 1.0
33 49 1.0
62 29 1.0
41 61 1.0
56 43 1.0
23 22 1.0
35 13 1.0
29 45 1.0
51 59 1.0
31 1 1.0
22 64 1.0
20 14 1.0
11 26 1.0
5 22 1.0
48 28 1.0
51 48 1.0
30 3 1.0
31 26 1.0
16 8 1.0
55 7 1.0
44 5 1.0
43 52 1.0
43 37 1.0
13 14 1.0
58 28 1.0
12 31 1.0
26 47 1.0
7 2 1.0
7 18 1.0
38 35 1.0
43 10 1.0
42 32 1.0
17 31 1.0
25 28 1.0
10 1 1.0
47 7 1.0
10 48 1.0
49 55 1.0
23 10 1.0
15 37 1.0
47 15 1.0
2 29 1.0
45 43 1.0
19 35 1.0
61 41 1.0
3 50 1.0
27 29 1.0
61 39 1.0
28 36 1.0
53 20 1.0
36 50 1.0
56 48 1.0
57 22 1.0
58 21 1.0
49 45 1.0
8 29 1.0
14 58 1.0
38 13 1.0
18 46 1.0
32 58 1.0
60 13 1.0
64 29 1.0
40 48 1.0
24 61 1.0
6 13 1.0
50 35 1.0
31 41 1.0
22 28 1.0
56 36 1.0
3 48 1.0
35 60 1.0
6 8 1.0
33 58 1.0
41 19 1.0
54 25 1.0
62 47 1.0
46 19 1.0
37 28 1.0
12 48 1.0
63 48 1.0
44 27 1.0
23 33 1.0
16 15 1.0
30 41 1.0
48 38 1.0
5 10 1.0
42 27 1.0
20 41 1.0
51 22 1.0
11 20 1.0
39 23 1.0
52 7 1.0
4 48 1.0
34 27 1.0
9 27 1.0
28 22 1.0
18 31 1.0
19 60 1.0
45 39 1.0
34 48 1.0
19 55 1.0
22 61 1.0
59 47 1.0
26 25 1.0
60 1 1.0
27 64 1.0
46 56 1.0
21 46 1.0
29 31 1.0
1 46 1.0
9 45 1.0
49 48 1.0
60 14 1.0
38 43 1.0
32 64 1.0
57 5 1.0
14 28 1.0
8 57 1.0
34 36 1.0
35 14 1.0
14 22 1.0
36 13 1.0
53 57 1.0
33 29 1.0
55 19 1.0
40 56 1.0
50 13 1.0
37 39 1.0
45 48 1.0
62 64 1.0
6 53 1.0
24 6 1.0
64 49 1.0
18 22 1.0
64 22 1.0
40 11 1.0
17 11 1.0
25 22 1.0
7 29 1.0
51 41 1.0
52 50 1.0
21 29 1.0
58 53 1.0
12 6 1.0
43 3 1.0
26 20 1.0
13 11 1.0
52 47 1.0
59 60 1.0
61 3 1.0
45 14 1.0
3 60 1.0
3 20 1.0
53 1 1.0
47 11 1.0
15 64 1.0
2 1 1.0
10 9 1.0
61 1 1.0
2 34 1.0
19 15 1.0
64 28 1.0
40 1 1.0
46 54 1.0
4 43 1.0
59 8 1.0
59 22 1.0
5 31 1.0
62 11 1.0
7 25 1.0
41 64 1.0
27 53 1.0
41 51 1.0
54 36 1.0
9 1 1.0
36 51 1.0
39 33 1.0
4 19 1.0
39 16 1.0
28 21 1.0
60 23 1.0
8 48 1.0
29 33 1.0
1 53 1.0
49 25 1.0
29 13 1.0
16 22 1.0
23 57 1.0
63 1 1.0
44 1 1.0
11 17 1.0
17 56 1.0
34 12 1.0
58 10 1.0
20 47 1.0
26 32 1.0
52 62 1.0
30 48 1.0
35 18 1.0
24 57 1.0
27 17 1.0
56 4 1.0
31 47 1.0
22 35 1.0
51 63 1.0
42 52 1.0
20 54 1.0
5 49 1.0
48 3 1.0
3 44 1.0
27 18 1.0
61 37 1.0
45 35 1.0
19 53 1.0
33 11 1.0
57 64 1.0
36 9 1.0
36 23 1.0
28 1 1.0
32 23 1.0
53 41 1.0
21 45 1.0
39 43 1.0
42 2 1.0
7 11 1.0
17 19 1.0
25 35 1.0
46 34 1.0
2 3 1.0
48 23 1.0
10 5 1.0
15 20 1.0
47 58 1.0
50 27 1.0
13 12 1.0
50 58 1.0
55 62 1.0
33 8 1.0
53 22 1.0
43 31 1.0
13 34 1.0
54 15 1.0
12 19 1.0
37 44 1.0
31 18 1.0
18 5 1.0
57 59 1.0
38 23 1.0
14 64 1.0
32 35 1.0
22 1 1.0
50 43 1.0
18 36 1.0
24 49 1.0
64 31 1.0
6 24 1.0
48 43 1.0
39 46 1.0
2 63 1.0
4 25 1.0
52 6 1.0
9 21 1.0
17 48 1.0
26 64 1.0
30 5 1.0
34 30 1.0
9 48 1.0
11 60 1.0
58 62 1.0
44 25 1.0
11 21 1.0
23 1 1.0
63 49 1.0
16 12 1.0
63 24 1.0
20 8 1.0
5 19 1.0
35 36 1.0
5 54 1.0
42 24 1.0
51 62 1.0
56 58 1.0
56 23 1.0
16 11 1.0
22 54 1.0
38 46 1.0
31 60 1.0
54 13 1.0
54 46 1.0
41 63 1.0
62 2 1.0
21 52 1.0
33 47 1.0
25 19 1.0
28 50 1.0
59 56 1.0
40 17 1.0
46 64 1.0
6 58 1.0
49 20 1.0
1 52 1.0
29 9 1.0
8 49 1.0
60 9 1.0
35 26 1.0
7 64 1.0
25 63 1.0
32 29 1.0
42 7 1.0
37 48 1.0
12 20 1.0
43 41 1.0
12 44 1.0
26 29 1.0
37 1 1.0
55 33 1.0
41 25 1.0
44 49 1.0
55 61 1.0
44 48 1.0
13 37 1.0
24 8 1.0
64 5 1.0
24 47 1.0
48 64 1.0
20 19 1.0
50 48 1.0
38 28 1.0
49 1 1.0
14 45 1.0
32 14 1.0
18 11 1.0
8 63 1.0
28 63 1.0
53 26 1.0
57 50 1.0
55 16 1.0
36 33 1.0
57 27 1.0
45 22 1.0
19 62 1.0
27 6 1.0
47 63 1.0
3 58 1.0
61 43 1.0
10 23 1.0
15 41 1.0
21 19 1.0
62 12 1.0
25 56 1.0
63 19 1.0
2 50 1.0
