*Vertices 32
1 "V0"
2 "V22"
3 "V26"
4 "V11"
5 "V15"
6 "V30"
7 "V29"
8 "V27"
9 "V25"
10 "V19"
11 "V21"
12 "V23"
13 "V9"
14 "V7"
15 "V5"
16 "V3"
17 "V1"
18 "V13"
19 "V17"
20 "V20"
21 "V24"
22 "V31"
23 "V28"
24 "V14"
25 "V10"
26 "V16"
27 "V12"
28 "V18"
29 "V8"
30 "V6"
31 "V4"
32 "V2"
*Arcs
23 5 1.0
1 12 1.0
9 3 1.0
18 6 1.0
4 24 1.0
4 17 1.0
5 9 1.0
25 15 1.0
19 26 1.0
24 30 1.0
7 25 1.0
32 14 1.0
6 8 1.0
1 9 1.0
22 16 1.0
30 32 1.0
28 6 1.0
19 1 1.0
28 15 1.0
13 7 1.0
21 22 1.0
21 4 1.0
14 32 1.0
30 1 1.0
14 27 1.0
18 7 1.0
9 19 1.0
19 3 1.0
23 30 1.0
4 13 1.0
9 12 1.0
23 9 1.0
24 12 1.0
19 17 1.0
1 5 1.0
22 27 1.0
23 13 1.0
24 27 1.0
16 19 1.0
16 3 1.0
16 1 1.0
31 12 1.0
20 16 1.0
11 4 1.0
11 3 1.0
2 12 1.0
13 23 1.0
25 9 1.0
2 13 1.0
3 29 1.0
27 22 1.0
7 31 1.0
8 3 1.0
17 13 1.0
5 27 1.0
28 8 1.0
17 27 1.0
6 5 1.0
26 27 1.0
15 18 1.0
15 2 1.0
31 2 1.0
30 29 1.0
2 29 1.0
12 3 1.0
14 2 1.0
15 4 1.0
16 14 1.0
17 29 1.0
12 31 1.0
12 14 1.0
4 16 1.0
27 4 1.0
6 32 1.0
8 32 1.0
5 18 1.0
18 15 1.0
20 30 1.0
21 27 1.0
27 2 1.0
10 17 1.0
22 15 1.0
26 2 1.0
31 32 1.0
32 11 1.0
17 11 1.0
29 8 1.0
20 18 1.0
10 9 1.0
20 13 1.0
28 30 1.0
3 15 1.0
3 13 1.0
13 30 1.0
29 30 1.0
3 30 1.0
13 1 1.0
11 8 1.0
30 6 1.0
28 3 1.0
31 17 1.0
16 2 1.0
19 13 1.0
7 2 1.0
5 29 1.0
7 3 1.0
24 16 1.0
1 29 1.0
23 21 1.0
8 21 1.0
8 19 1.0
25 17 1.0
25 31 1.0
23 20 1.0
4 1 1.0
2 28 1.0
25 8 1.0
11 6 1.0
11 18 1.0
19 2 1.0
20 14 1.0
16 27 1.0
28 17 1.0
22 5 1.0
1 17 1.0
22 26 1.0
24 3 1.0
7 13 1.0
32 5 1.0
24 6 1.0
25 1 1.0
26 18 1.0
27 17 1.0
9 20 1.0
9 2 1.0
18 30 1.0
18 1 1.0
30 27 1.0
14 6 1.0
14 3 1.0
21 29 1.0
21 26 1.0
14 13 1.0
2 27 1.0
15 9 1.0
20 2 1.0
17 2 1.0
32 3 1.0
10 3 1.0
26 13 1.0
22 4 1.0
31 8 1.0
9 11 1.0
10 6 1.0
11 27 1.0
8 5 1.0
8 1 1.0
5 17 1.0
5 10 1.0
12 5 1.0
29 18 1.0
29 21 1.0
13 29 1.0
3 5 1.0
3 23 1.0
13 9 1.0
2 8 1.0
29 16 1.0
10 26 1.0
15 3 1.0
15 1 1.0
10 14 1.0
6 27 1.0
17 18 1.0
26 1 1.0
26 25 1.0
32 1 1.0
6 9 1.0
1 13 1.0
7 12 1.0
27 30 1.0
27 5 1.0
6 14 1.0
18 2 1.0
21 5 1.0
4 15 1.0
12 24 1.0
12 16 1.0
29 13 1.0
30 8 1.0
31 3 1.0
32 17 1.0
