*Vertices 16
1 "V0"
2 "V13"
3 "V11"
4 "V15"
5 "V14"
6 "V10"
7 "V12"
8 "V7"
9 "V9"
10 "V5"
11 "V3"
12 "V1"
13 "V6"
14 "V8"
15 "V4"
16 "V2"
*Arcs
1 3 1.0
9 16 1.0
8 11 1.0
3 2 1.0
5 7 1.0
4 2 1.0
13 1 1.0
2 8 1.0
10 7 1.0
16 13 1.0
16 8 1.0
11 8 1.0
11 10 1.0
9 8 1.0
16 7 1.0
5 9 1.0
2 10 1.0
5 12 1.0
9 1 1.0
2 16 1.0
6 13 1.0
6 15 1.0
6 16 1.0
2 7 1.0
1 10 1.0
5 2 1.0
13 12 1.0
16 5 1.0
11 1 1.0
11 7 1.0
11 16 1.0
13 15 1.0
5 1 1.0
8 14 1.0
13 14 1.0
1 2 1.0
6 8 1.0
8 7 1.0
7 5 1.0
13 6 1.0
3 9 1.0
9 7 1.0
6 1 1.0
2 14 1.0
2 15 1.0
6 2 1.0
12 1 1.0
16 2 1.0
14 9 1.0
15 3 1.0
15 10 1.0
10 2 1.0
10 5 1.0
8 13 1.0
14 5 1.0
14 1 1.0
1 7 1.0
12 16 1.0
9 5 1.0
14 13 1.0
12 11 1.0
12 8 1.0
7 8 1.0
8 6 1.0
10 11 1.0
7 13 1.0
3 10 1.0
11 2 1.0
12 3 1.0
5 10 1.0
4 10 1.0
7 2 1.0
3 13 1.0
1 5 1.0
9 13 1.0
14 7 1.0
4 13 1.0
12 2 1.0
8 3 1.0
15 6 1.0
10 15 1.0
10 1 1.0
15 16 1.0
3 16 1.0
15 8 1.0
4 7 1.0
4 1 1.0
4 8 1.0
1 8 1.0
7 14 1.0
3 8 1.0
13 3 1.0
14 2 1.0
7 12 1.0
15 1 1.0
16 12 1.0
