*Vertices 256
1 "V0"
2 "V174"
3 "V233"
4 "V89"
5 "V85"
6 "V119"
7 "V178"
8 "V30"
9 "V34"
10 "V64"
11 "V208"
12 "V123"
13 "V212"
14 "V9"
15 "V68"
16 "V153"
17 "V13"
18 "V17"
19 "V157"
20 "V246"
21 "V161"
22 "V102"
23 "V250"
24 "V106"
25 "V191"
26 "V51"
27 "V47"
28 "V195"
29 "V136"
30 "V225"
31 "V229"
32 "V140"
33 "V81"
34 "V22"
35 "V26"
36 "V255"
37 "V170"
38 "V111"
39 "V200"
40 "V115"
41 "V60"
42 "V56"
43 "V204"
44 "V145"
45 "V234"
46 "V5"
47 "V238"
48 "V1"
49 "V149"
50 "V90"
51 "V183"
52 "V242"
53 "V98"
54 "V94"
55 "V128"
56 "V187"
57 "V43"
58 "V39"
59 "V73"
60 "V217"
61 "V132"
62 "V221"
63 "V18"
64 "V77"
65 "V162"
66 "V166"
67 "V196"
68 "V137"
69 "V52"
70 "V48"
71 "V251"
72 "V192"
73 "V107"
74 "V103"
75 "V27"
76 "V86"
77 "V171"
78 "V175"
79 "V82"
80 "V141"
81 "V226"
82 "V230"
83 "V120"
84 "V209"
85 "V124"
86 "V31"
87 "V35"
88 "V179"
89 "V243"
90 "V14"
91 "V247"
92 "V10"
93 "V158"
94 "V99"
95 "V65"
96 "V213"
97 "V69"
98 "V154"
99 "V133"
100 "V218"
101 "V40"
102 "V44"
103 "V129"
104 "V188"
105 "V252"
106 "V19"
107 "V167"
108 "V23"
109 "V108"
110 "V74"
111 "V222"
112 "V78"
113 "V163"
114 "V205"
115 "V146"
116 "V61"
117 "V57"
118 "V201"
119 "V116"
120 "V112"
121 "V36"
122 "V95"
123 "V180"
124 "V184"
125 "V91"
126 "V150"
127 "V235"
128 "V6"
129 "V239"
130 "V2"
131 "V159"
132 "V100"
133 "V11"
134 "V248"
135 "V244"
136 "V15"
137 "V104"
138 "V45"
139 "V193"
140 "V189"
141 "V210"
142 "V121"
143 "V125"
144 "V155"
145 "V214"
146 "V66"
147 "V70"
148 "V87"
149 "V172"
150 "V231"
151 "V28"
152 "V32"
153 "V117"
154 "V176"
155 "V49"
156 "V53"
157 "V197"
158 "V138"
159 "V227"
160 "V142"
161 "V83"
162 "V96"
163 "V181"
164 "V240"
165 "V37"
166 "V41"
167 "V126"
168 "V185"
169 "V58"
170 "V62"
171 "V206"
172 "V147"
173 "V7"
174 "V3"
175 "V236"
176 "V151"
177 "V92"
178 "V168"
179 "V109"
180 "V20"
181 "V253"
182 "V24"
183 "V113"
184 "V54"
185 "V202"
186 "V198"
187 "V219"
188 "V130"
189 "V134"
190 "V164"
191 "V223"
192 "V75"
193 "V79"
194 "V63"
195 "V122"
196 "V211"
197 "V207"
198 "V118"
199 "V177"
200 "V29"
201 "V33"
202 "V173"
203 "V232"
204 "V84"
205 "V88"
206 "V228"
207 "V143"
208 "V139"
209 "V50"
210 "V135"
211 "V194"
212 "V190"
213 "V105"
214 "V46"
215 "V249"
216 "V16"
217 "V12"
218 "V245"
219 "V160"
220 "V101"
221 "V71"
222 "V67"
223 "V215"
224 "V156"
225 "V144"
226 "V59"
227 "V203"
228 "V199"
229 "V114"
230 "V55"
231 "V25"
232 "V21"
233 "V254"
234 "V169"
235 "V110"
236 "V76"
237 "V80"
238 "V224"
239 "V165"
240 "V72"
241 "V131"
242 "V220"
243 "V216"
244 "V127"
245 "V186"
246 "V38"
247 "V42"
248 "V182"
249 "V241"
250 "V93"
251 "V97"
252 "V237"
253 "V152"
254 "V8"
255 "V148"
256 "V4"
*Arcs
1 56 1.0
147 215 1.0
72 251 1.0
3 243 1.0
153 99 1.0
129 69 1.0
247 179 1.0
190 124 1.0
4 65 1.0
205 174 1.0
141 108 1.0
210 101 1.0
17 227 1.0
163 167 1.0
226 173 1.0
7 121 1.0
206 64 1.0
24 251 1.0
86 30 1.0
16 108 1.0
9 144 1.0
228 201 1.0
64 252 1.0
130 161 1.0
70 8 1.0
20 201 1.0
85 245 1.0
122 168 1.0
37 163 1.0
12 177 1.0
160 136 1.0
60 151 1.0
180 3 1.0
104 250 1.0
13 15 1.0
146 41 1.0
127 32 1.0
165 166 1.0
183 139 1.0
204 246 1.0
131 236 1.0
15 179 1.0
241 166 1.0
171 110 1.0
14 179 1.0
199 106 1.0
181 156 1.0
230 128 1.0
255 75 1.0
35 60 1.0
17 142 1.0
19 36 1.0
22 201 1.0
238 190 1.0
52 121 1.0
66 200 1.0
102 101 1.0
28 204 1.0
59 138 1.0
83 109 1.0
20 17 1.0
136 157 1.0
68 39 1.0
22 150 1.0
96 170 1.0
125 95 1.0
179 74 1.0
150 165 1.0
201 108 1.0
170 136 1.0
124 207 1.0
25 7 1.0
167 217 1.0
185 102 1.0
256 142 1.0
237 136 1.0
144 70 1.0
27 115 1.0
242 30 1.0
34 250 1.0
53 250 1.0
202 169 1.0
29 39 1.0
134 189 1.0
26 39 1.0
40 96 1.0
30 183 1.0
25 74 1.0
97 246 1.0
225 204 1.0
84 17 1.0
33 99 1.0
148 93 1.0
65 170 1.0
252 218 1.0
101 90 1.0
81 256 1.0
137 161 1.0
200 193 1.0
176 228 1.0
35 132 1.0
236 246 1.0
99 39 1.0
133 116 1.0
36 206 1.0
123 92 1.0
169 141 1.0
37 118 1.0
250 74 1.0
223 184 1.0
63 65 1.0
32 18 1.0
95 85 1.0
186 46 1.0
1 143 1.0
195 41 1.0
135 117 1.0
27 139 1.0
234 137 1.0
40 204 1.0
43 10 1.0
173 207 1.0
41 142 1.0
79 42 1.0
71 140 1.0
184 246 1.0
103 162 1.0
38 63 1.0
56 131 1.0
43 186 1.0
93 252 1.0
3 86 1.0
121 130 1.0
139 209 1.0
221 145 1.0
46 50 1.0
164 62 1.0
198 157 1.0
47 134 1.0
49 253 1.0
132 138 1.0
154 245 1.0
172 98 1.0
231 2 1.0
111 157 1.0
248 202 1.0
51 146 1.0
73 97 1.0
29 154 1.0
41 28 1.0
196 62 1.0
4 214 1.0
90 254 1.0
57 66 1.0
239 142 1.0
54 28 1.0
77 138 1.0
55 65 1.0
162 86 1.0
143 246 1.0
91 219 1.0
155 207 1.0
112 154 1.0
39 147 1.0
174 39 1.0
31 151 1.0
152 228 1.0
98 237 1.0
58 129 1.0
59 163 1.0
219 17 1.0
246 142 1.0
175 77 1.0
229 146 1.0
60 143 1.0
140 165 1.0
222 139 1.0
207 117 1.0
100 42 1.0
232 133 1.0
49 88 1.0
63 237 1.0
75 161 1.0
30 151 1.0
74 226 1.0
65 57 1.0
7 224 1.0
42 96 1.0
233 129 1.0
61 144 1.0
92 113 1.0
197 142 1.0
5 234 1.0
168 180 1.0
67 178 1.0
194 14 1.0
203 98 1.0
9 251 1.0
235 154 1.0
69 64 1.0
33 244 1.0
224 59 1.0
244 124 1.0
46 70 1.0
227 250 1.0
67 7 1.0
71 145 1.0
110 247 1.0
89 221 1.0
138 186 1.0
142 228 1.0
177 78 1.0
107 166 1.0
73 143 1.0
158 165 1.0
145 26 1.0
216 247 1.0
47 58 1.0
119 65 1.0
166 143 1.0
113 155 1.0
76 135 1.0
205 252 1.0
141 217 1.0
217 163 1.0
189 17 1.0
226 117 1.0
163 148 1.0
78 112 1.0
215 60 1.0
2 220 1.0
69 103 1.0
80 115 1.0
94 65 1.0
62 136 1.0
44 26 1.0
108 166 1.0
72 142 1.0
147 36 1.0
82 21 1.0
146 92 1.0
80 246 1.0
243 216 1.0
106 41 1.0
83 220 1.0
54 76 1.0
131 246 1.0
165 14 1.0
45 221 1.0
120 213 1.0
84 65 1.0
104 85 1.0
64 26 1.0
253 133 1.0
86 151 1.0
159 245 1.0
8 168 1.0
213 39 1.0
37 126 1.0
218 108 1.0
70 168 1.0
12 120 1.0
228 178 1.0
48 112 1.0
211 105 1.0
89 51 1.0
6 169 1.0
255 73 1.0
92 190 1.0
240 163 1.0
50 165 1.0
13 145 1.0
136 81 1.0
249 50 1.0
102 133 1.0
66 193 1.0
94 112 1.0
254 91 1.0
105 57 1.0
188 64 1.0
95 164 1.0
114 145 1.0
161 151 1.0
191 143 1.0
220 152 1.0
35 130 1.0
230 92 1.0
199 26 1.0
98 211 1.0
34 165 1.0
187 130 1.0
251 240 1.0
212 217 1.0
15 147 1.0
225 50 1.0
134 86 1.0
167 31 1.0
256 2 1.0
99 195 1.0
149 109 1.0
209 80 1.0
144 59 1.0
82 108 1.0
201 211 1.0
118 2 1.0
102 148 1.0
193 179 1.0
116 183 1.0
68 195 1.0
109 93 1.0
51 201 1.0
104 165 1.0
192 70 1.0
157 30 1.0
1 66 1.0
195 226 1.0
135 205 1.0
214 1 1.0
88 133 1.0
107 198 1.0
137 205 1.0
81 216 1.0
151 173 1.0
126 137 1.0
108 35 1.0
76 205 1.0
11 246 1.0
133 135 1.0
99 206 1.0
36 141 1.0
117 48 1.0
111 203 1.0
252 64 1.0
40 60 1.0
58 88 1.0
21 164 1.0
112 22 1.0
132 119 1.0
78 57 1.0
115 130 1.0
156 58 1.0
23 78 1.0
55 16 1.0
128 237 1.0
43 130 1.0
79 97 1.0
117 139 1.0
19 71 1.0
87 96 1.0
3 222 1.0
38 18 1.0
118 140 1.0
245 9 1.0
10 138 1.0
208 148 1.0
18 2 1.0
223 201 1.0
120 205 1.0
250 9 1.0
178 78 1.0
16 213 1.0
121 228 1.0
112 102 1.0
24 132 1.0
123 164 1.0
206 126 1.0
86 58 1.0
41 92 1.0
248 130 1.0
196 200 1.0
17 254 1.0
210 13 1.0
190 228 1.0
125 35 1.0
4 86 1.0
153 138 1.0
129 92 1.0
247 180 1.0
221 10 1.0
139 168 1.0
127 165 1.0
111 254 1.0
182 48 1.0
115 60 1.0
130 4 1.0
238 220 1.0
75 141 1.0
22 217 1.0
7 251 1.0
131 230 1.0
181 239 1.0
42 121 1.0
83 143 1.0
28 149 1.0
134 39 1.0
136 251 1.0
59 201 1.0
49 177 1.0
96 256 1.0
137 132 1.0
125 14 1.0
107 18 1.0
52 73 1.0
138 90 1.0
139 198 1.0
124 107 1.0
170 156 1.0
158 151 1.0
216 128 1.0
20 61 1.0
77 156 1.0
155 31 1.0
39 232 1.0
85 153 1.0
130 253 1.0
180 246 1.0
160 236 1.0
143 227 1.0
60 178 1.0
122 97 1.0
127 233 1.0
183 234 1.0
246 145 1.0
222 135 1.0
140 208 1.0
145 154 1.0
171 67 1.0
14 250 1.0
241 213 1.0
219 151 1.0
147 61 1.0
204 165 1.0
84 81 1.0
217 1 1.0
148 112 1.0
169 50 1.0
189 166 1.0
213 24 1.0
149 15 1.0
123 67 1.0
176 60 1.0
200 199 1.0
159 61 1.0
186 52 1.0
236 36 1.0
151 198 1.0
218 48 1.0
12 147 1.0
48 161 1.0
153 49 1.0
234 14 1.0
27 255 1.0
63 132 1.0
243 256 1.0
54 160 1.0
150 225 1.0
179 72 1.0
9 66 1.0
224 128 1.0
155 88 1.0
185 92 1.0
237 119 1.0
46 131 1.0
215 239 1.0
244 8 1.0
26 145 1.0
202 144 1.0
158 250 1.0
53 54 1.0
242 151 1.0
108 31 1.0
44 191 1.0
97 228 1.0
25 178 1.0
159 179 1.0
119 250 1.0
47 88 1.0
101 228 1.0
65 152 1.0
161 213 1.0
51 202 1.0
116 81 1.0
29 86 1.0
90 78 1.0
13 97 1.0
162 228 1.0
50 37 1.0
239 108 1.0
164 102 1.0
57 31 1.0
198 229 1.0
164 201 1.0
91 226 1.0
209 15 1.0
143 64 1.0
118 27 1.0
174 154 1.0
193 8 1.0
98 94 1.0
166 91 1.0
152 60 1.0
31 92 1.0
73 101 1.0
168 55 1.0
161 64 1.0
114 53 1.0
173 228 1.0
45 43 1.0
121 72 1.0
93 113 1.0
170 221 1.0
56 50 1.0
171 247 1.0
120 254 1.0
32 46 1.0
95 98 1.0
173 60 1.0
240 74 1.0
211 7 1.0
191 86 1.0
231 154 1.0
172 122 1.0
154 73 1.0
176 107 1.0
220 41 1.0
103 168 1.0
71 18 1.0
184 130 1.0
214 178 1.0
89 105 1.0
142 5 1.0
145 129 1.0
177 140 1.0
178 218 1.0
179 195 1.0
180 35 1.0
126 245 1.0
151 152 1.0
181 163 1.0
67 169 1.0
110 106 1.0
203 145 1.0
87 64 1.0
235 177 1.0
33 216 1.0
19 117 1.0
184 110 1.0
208 151 1.0
18 11 1.0
168 146 1.0
186 94 1.0
194 120 1.0
15 88 1.0
212 74 1.0
187 228 1.0
229 148 1.0
175 41 1.0
58 53 1.0
149 61 1.0
188 193 1.0
162 145 1.0
100 53 1.0
232 18 1.0
207 210 1.0
233 64 1.0
117 32 1.0
88 98 1.0
74 145 1.0
190 164 1.0
30 51 1.0
21 83 1.0
192 235 1.0
5 218 1.0
197 130 1.0
92 140 1.0
61 34 1.0
122 4 1.0
60 18 1.0
106 140 1.0
20 116 1.0
70 30 1.0
37 23 1.0
195 2 1.0
104 170 1.0
196 25 1.0
183 208 1.0
80 216 1.0
146 51 1.0
206 132 1.0
24 164 1.0
8 46 1.0
163 34 1.0
226 250 1.0
199 66 1.0
228 221 1.0
130 132 1.0
85 34 1.0
253 251 1.0
201 209 1.0
64 214 1.0
113 132 1.0
166 250 1.0
129 256 1.0
153 8 1.0
203 104 1.0
72 69 1.0
210 93 1.0
17 1 1.0
141 145 1.0
205 106 1.0
205 18 1.0
2 190 1.0
207 135 1.0
23 68 1.0
69 104 1.0
55 121 1.0
227 48 1.0
128 151 1.0
147 101 1.0
115 179 1.0
62 157 1.0
182 216 1.0
94 59 1.0
237 59 1.0
185 226 1.0
256 213 1.0
167 236 1.0
134 46 1.0
26 182 1.0
202 26 1.0
210 246 1.0
251 226 1.0
187 139 1.0
34 26 1.0
225 73 1.0
125 88 1.0
96 116 1.0
136 8 1.0
68 231 1.0
170 8 1.0
124 138 1.0
212 178 1.0
109 226 1.0
82 234 1.0
201 31 1.0
144 8 1.0
214 148 1.0
255 13 1.0
35 92 1.0
238 70 1.0
28 76 1.0
59 234 1.0
217 126 1.0
249 228 1.0
6 183 1.0
218 168 1.0
66 176 1.0
220 74 1.0
102 228 1.0
131 124 1.0
127 174 1.0
165 253 1.0
171 104 1.0
222 228 1.0
204 200 1.0
105 207 1.0
188 90 1.0
254 15 1.0
224 67 1.0
22 70 1.0
199 21 1.0
230 182 1.0
71 84 1.0
78 35 1.0
156 141 1.0
43 8 1.0
103 145 1.0
173 131 1.0
93 14 1.0
226 177 1.0
79 78 1.0
38 14 1.0
3 151 1.0
121 88 1.0
10 108 1.0
245 106 1.0
227 4 1.0
223 2 1.0
63 48 1.0
32 96 1.0
234 67 1.0
229 245 1.0
250 229 1.0
195 25 1.0
135 150 1.0
27 18 1.0
157 39 1.0
1 199 1.0
192 91 1.0
176 120 1.0
231 25 1.0
200 213 1.0
81 236 1.0
137 128 1.0
123 68 1.0
234 159 1.0
169 130 1.0
36 181 1.0
99 230 1.0
133 48 1.0
11 27 1.0
76 222 1.0
237 209 1.0
65 96 1.0
101 163 1.0
252 210 1.0
40 99 1.0
238 38 1.0
25 120 1.0
97 117 1.0
175 229 1.0
219 200 1.0
246 74 1.0
240 147 1.0
197 4 1.0
5 19 1.0
160 152 1.0
180 80 1.0
140 59 1.0
222 138 1.0
229 48 1.0
243 238 1.0
91 254 1.0
155 256 1.0
77 64 1.0
244 216 1.0
162 173 1.0
100 93 1.0
16 24 1.0
246 103 1.0
112 63 1.0
39 198 1.0
174 91 1.0
143 247 1.0
248 49 1.0
248 211 1.0
41 232 1.0
31 237 1.0
86 128 1.0
73 214 1.0
4 117 1.0
190 253 1.0
250 12 1.0
29 205 1.0
196 49 1.0
90 206 1.0
252 67 1.0
139 226 1.0
221 67 1.0
247 216 1.0
164 133 1.0
198 221 1.0
111 178 1.0
132 18 1.0
255 166 1.0
172 109 1.0
256 163 1.0
231 9 1.0
163 103 1.0
2 133 1.0
213 1 1.0
189 86 1.0
226 99 1.0
148 41 1.0
84 72 1.0
217 70 1.0
166 18 1.0
113 215 1.0
5 196 1.0
37 148 1.0
6 61 1.0
54 60 1.0
12 103 1.0
218 18 1.0
70 163 1.0
8 3 1.0
236 41 1.0
186 138 1.0
48 17 1.0
159 97 1.0
8 209 1.0
253 174 1.0
131 192 1.0
10 253 1.0
165 221 1.0
45 215 1.0
120 65 1.0
11 52 1.0
56 192 1.0
95 168 1.0
80 235 1.0
106 49 1.0
243 196 1.0
255 144 1.0
14 252 1.0
191 113 1.0
35 134 1.0
220 106 1.0
154 38 1.0
16 13 1.0
184 49 1.0
105 190 1.0
188 157 1.0
254 39 1.0
114 17 1.0
161 117 1.0
74 201 1.0
30 104 1.0
75 180 1.0
49 120 1.0
18 42 1.0
110 228 1.0
14 94 1.0
181 33 1.0
241 209 1.0
42 190 1.0
7 155 1.0
21 173 1.0
177 145 1.0
145 202 1.0
216 36 1.0
158 64 1.0
194 164 1.0
67 58 1.0
23 88 1.0
83 59 1.0
52 1 1.0
138 133 1.0
107 67 1.0
24 28 1.0
227 124 1.0
26 151 1.0
33 49 1.0
215 179 1.0
244 69 1.0
46 256 1.0
179 18 1.0
28 42 1.0
168 255 1.0
224 126 1.0
150 81 1.0
9 161 1.0
147 66 1.0
44 18 1.0
47 1 1.0
119 179 1.0
72 141 1.0
31 177 1.0
32 163 1.0
2 188 1.0
69 168 1.0
108 78 1.0
242 145 1.0
53 1 1.0
126 209 1.0
34 99 1.0
192 254 1.0
137 16 1.0
81 7 1.0
151 165 1.0
89 94 1.0
178 24 1.0
214 226 1.0
157 231 1.0
142 177 1.0
36 166 1.0
208 26 1.0
18 16 1.0
38 201 1.0
250 245 1.0
223 19 1.0
203 168 1.0
235 210 1.0
87 213 1.0
245 198 1.0
10 106 1.0
39 63 1.0
55 12 1.0
43 213 1.0
128 131 1.0
79 213 1.0
19 145 1.0
42 140 1.0
62 67 1.0
182 217 1.0
94 66 1.0
78 215 1.0
44 119 1.0
23 107 1.0
156 245 1.0
153 110 1.0
139 207 1.0
45 91 1.0
221 81 1.0
115 213 1.0
48 25 1.0
141 173 1.0
17 61 1.0
50 84 1.0
205 161 1.0
190 64 1.0
129 237 1.0
247 55 1.0
240 58 1.0
211 8 1.0
52 9 1.0
6 57 1.0
249 145 1.0
57 177 1.0
239 255 1.0
53 214 1.0
50 130 1.0
13 228 1.0
136 205 1.0
68 1 1.0
116 34 1.0
51 209 1.0
109 135 1.0
56 230 1.0
82 222 1.0
98 143 1.0
152 81 1.0
57 139 1.0
118 137 1.0
193 99 1.0
167 168 1.0
256 49 1.0
149 207 1.0
209 177 1.0
134 180 1.0
187 161 1.0
251 165 1.0
61 108 1.0
207 1 1.0
232 151 1.0
212 10 1.0
62 8 1.0
15 252 1.0
252 171 1.0
58 151 1.0
40 72 1.0
76 177 1.0
21 97 1.0
64 85 1.0
61 57 1.0
11 120 1.0
92 46 1.0
88 148 1.0
66 145 1.0
233 199 1.0
117 36 1.0
53 168 1.0
202 133 1.0
68 124 1.0
215 163 1.0
26 96 1.0
244 157 1.0
185 38 1.0
46 185 1.0
237 92 1.0
144 189 1.0
70 213 1.0
201 154 1.0
150 94 1.0
179 102 1.0
72 221 1.0
124 120 1.0
170 1 1.0
158 174 1.0
216 151 1.0
96 172 1.0
125 209 1.0
74 14 1.0
66 70 1.0
102 145 1.0
176 91 1.0
200 238 1.0
75 96 1.0
213 74 1.0
77 217 1.0
159 248 1.0
36 8 1.0
123 81 1.0
169 142 1.0
84 252 1.0
99 106 1.0
133 129 1.0
65 106 1.0
79 93 1.0
148 34 1.0
119 161 1.0
47 34 1.0
101 102 1.0
97 92 1.0
25 224 1.0
81 112 1.0
242 226 1.0
34 18 1.0
225 158 1.0
180 67 1.0
60 122 1.0
122 46 1.0
146 254 1.0
160 63 1.0
20 175 1.0
85 54 1.0
130 174 1.0
77 28 1.0
85 190 1.0
155 221 1.0
16 33 1.0
86 250 1.0
206 133 1.0
228 93 1.0
64 165 1.0
87 224 1.0
41 194 1.0
210 219 1.0
24 222 1.0
88 156 1.0
248 19 1.0
90 95 1.0
59 88 1.0
28 250 1.0
83 108 1.0
91 161 1.0
52 188 1.0
199 120 1.0
93 228 1.0
22 58 1.0
238 66 1.0
75 231 1.0
49 22 1.0
204 247 1.0
171 156 1.0
14 132 1.0
241 135 1.0
181 5 1.0
230 214 1.0
104 157 1.0
96 191 1.0
183 129 1.0
127 57 1.0
246 141 1.0
219 170 1.0
97 132 1.0
222 69 1.0
207 133 1.0
100 36 1.0
232 174 1.0
162 2 1.0
21 74 1.0
175 201 1.0
58 174 1.0
229 216 1.0
140 120 1.0
100 139 1.0
112 142 1.0
98 64 1.0
101 50 1.0
152 17 1.0
31 204 1.0
73 86 1.0
149 28 1.0
103 207 1.0
91 201 1.0
209 245 1.0
143 66 1.0
39 115 1.0
174 226 1.0
105 226 1.0
89 73 1.0
142 153 1.0
126 141 1.0
106 62 1.0
67 113 1.0
110 237 1.0
177 185 1.0
145 101 1.0
18 174 1.0
138 115 1.0
107 172 1.0
109 64 1.0
61 42 1.0
92 47 1.0
233 18 1.0
110 48 1.0
5 154 1.0
197 49 1.0
30 148 1.0
74 131 1.0
151 211 1.0
7 180 1.0
42 161 1.0
113 52 1.0
56 29 1.0
114 190 1.0
95 251 1.0
3 154 1.0
121 163 1.0
38 108 1.0
161 173 1.0
93 146 1.0
116 43 1.0
103 177 1.0
114 226 1.0
173 46 1.0
1 35 1.0
186 147 1.0
236 145 1.0
27 228 1.0
135 136 1.0
195 141 1.0
54 163 1.0
234 229 1.0
119 54 1.0
32 228 1.0
243 236 1.0
63 1 1.0
164 184 1.0
239 139 1.0
57 111 1.0
122 185 1.0
196 104 1.0
4 201 1.0
90 174 1.0
29 88 1.0
116 140 1.0
51 109 1.0
124 136 1.0
71 239 1.0
184 228 1.0
154 14 1.0
126 134 1.0
132 201 1.0
111 67 1.0
231 177 1.0
172 106 1.0
128 8 1.0
240 106 1.0
211 252 1.0
198 138 1.0
129 206 1.0
249 31 1.0
102 142 1.0
6 13 1.0
50 108 1.0
66 231 1.0
132 81 1.0
255 174 1.0
133 39 1.0
35 205 1.0
28 107 1.0
135 7 1.0
59 166 1.0
82 86 1.0
201 133 1.0
109 178 1.0
138 95 1.0
193 207 1.0
144 56 1.0
68 103 1.0
13 210 1.0
136 49 1.0
124 173 1.0
140 112 1.0
170 35 1.0
146 96 1.0
104 125 1.0
120 122 1.0
141 31 1.0
45 56 1.0
165 109 1.0
37 121 1.0
142 16 1.0
122 34 1.0
60 172 1.0
106 163 1.0
80 161 1.0
105 131 1.0
199 116 1.0
230 191 1.0
144 104 1.0
191 168 1.0
220 34 1.0
131 173 1.0
146 234 1.0
204 18 1.0
171 207 1.0
188 240 1.0
254 41 1.0
226 165 1.0
189 196 1.0
217 195 1.0
141 48 1.0
205 75 1.0
148 243 1.0
113 74 1.0
166 35 1.0
129 228 1.0
153 192 1.0
150 73 1.0
218 245 1.0
70 179 1.0
12 74 1.0
228 224 1.0
48 66 1.0
64 145 1.0
253 231 1.0
152 98 1.0
206 218 1.0
8 129 1.0
24 190 1.0
163 251 1.0
154 4 1.0
33 61 1.0
227 24 1.0
128 32 1.0
203 213 1.0
9 152 1.0
224 194 1.0
156 168 1.0
168 91 1.0
157 79 1.0
235 15 1.0
208 92 1.0
194 182 1.0
72 213 1.0
147 107 1.0
62 167 1.0
44 42 1.0
108 196 1.0
2 180 1.0
160 35 1.0
94 14 1.0
55 42 1.0
23 2 1.0
69 7 1.0
196 106 1.0
17 115 1.0
4 101 1.0
41 249 1.0
210 221 1.0
73 133 1.0
248 195 1.0
163 109 1.0
16 252 1.0
31 165 1.0
86 31 1.0
39 110 1.0
165 92 1.0
112 25 1.0
20 252 1.0
85 70 1.0
130 67 1.0
167 61 1.0
162 36 1.0
77 155 1.0
155 73 1.0
160 117 1.0
180 145 1.0
100 16 1.0
3 206 1.0
19 95 1.0
87 252 1.0
169 9 1.0
43 33 1.0
79 60 1.0
103 14 1.0
173 151 1.0
71 33 1.0
78 163 1.0
156 163 1.0
172 51 1.0
111 73 1.0
132 133 1.0
182 148 1.0
115 40 1.0
174 31 1.0
221 97 1.0
139 200 1.0
175 151 1.0
198 246 1.0
164 213 1.0
247 18 1.0
190 201 1.0
177 117 1.0
81 101 1.0
200 53 1.0
137 252 1.0
88 174 1.0
178 116 1.0
117 238 1.0
195 172 1.0
157 170 1.0
1 93 1.0
192 18 1.0
176 73 1.0
182 253 1.0
223 170 1.0
63 7 1.0
250 39 1.0
178 42 1.0
183 228 1.0
135 9 1.0
214 37 1.0
38 177 1.0
185 104 1.0
245 58 1.0
10 70 1.0
32 53 1.0
134 143 1.0
26 1 1.0
202 226 1.0
118 86 1.0
256 51 1.0
167 105 1.0
225 231 1.0
34 201 1.0
189 206 1.0
251 133 1.0
187 31 1.0
252 34 1.0
40 49 1.0
101 42 1.0
212 176 1.0
15 73 1.0
191 58 1.0
133 15 1.0
36 145 1.0
99 163 1.0
65 115 1.0
193 137 1.0
11 85 1.0
76 27 1.0
45 29 1.0
120 95 1.0
121 147 1.0
93 35 1.0
194 212 1.0
161 156 1.0
80 230 1.0
106 52 1.0
56 166 1.0
95 209 1.0
197 205 1.0
218 237 1.0
234 220 1.0
27 132 1.0
198 164 1.0
243 67 1.0
54 1 1.0
253 248 1.0
200 229 1.0
236 216 1.0
186 203 1.0
12 222 1.0
48 226 1.0
123 143 1.0
202 31 1.0
169 101 1.0
159 4 1.0
8 52 1.0
213 36 1.0
148 201 1.0
113 80 1.0
204 36 1.0
189 18 1.0
84 107 1.0
217 52 1.0
25 254 1.0
206 163 1.0
97 95 1.0
47 105 1.0
166 246 1.0
119 108 1.0
242 101 1.0
53 203 1.0
2 207 1.0
208 247 1.0
44 165 1.0
108 116 1.0
215 67 1.0
244 39 1.0
69 133 1.0
185 50 1.0
237 252 1.0
46 81 1.0
224 217 1.0
9 70 1.0
209 141 1.0
179 207 1.0
211 174 1.0
150 44 1.0
194 166 1.0
168 161 1.0
96 58 1.0
216 207 1.0
158 35 1.0
107 146 1.0
213 53 1.0
125 100 1.0
83 250 1.0
52 93 1.0
138 253 1.0
67 114 1.0
215 180 1.0
110 72 1.0
49 139 1.0
216 157 1.0
238 205 1.0
75 168 1.0
22 21 1.0
7 32 1.0
219 156 1.0
181 107 1.0
42 8 1.0
241 65 1.0
197 2 1.0
14 145 1.0
5 115 1.0
219 58 1.0
221 131 1.0
246 191 1.0
127 63 1.0
183 95 1.0
223 233 1.0
140 161 1.0
222 86 1.0
33 102 1.0
227 183 1.0
128 129 1.0
55 86 1.0
23 218 1.0
156 70 1.0
78 234 1.0
225 166 1.0
94 206 1.0
62 95 1.0
182 133 1.0
115 99 1.0
145 165 1.0
177 143 1.0
18 60 1.0
208 58 1.0
10 92 1.0
245 135 1.0
228 94 1.0
203 105 1.0
235 209 1.0
87 174 1.0
19 237 1.0
230 33 1.0
126 156 1.0
30 28 1.0
151 28 1.0
157 78 1.0
232 120 1.0
192 102 1.0
89 45 1.0
142 120 1.0
233 16 1.0
235 214 1.0
178 64 1.0
214 41 1.0
21 148 1.0
236 215 1.0
175 133 1.0
58 216 1.0
11 183 1.0
92 174 1.0
76 242 1.0
233 27 1.0
117 256 1.0
61 157 1.0
74 162 1.0
239 26 1.0
88 217 1.0
251 105 1.0
187 63 1.0
232 16 1.0
209 251 1.0
149 38 1.0
241 176 1.0
212 102 1.0
242 217 1.0
229 67 1.0
207 201 1.0
15 139 1.0
82 124 1.0
98 8 1.0
152 28 1.0
51 33 1.0
116 35 1.0
109 116 1.0
245 154 1.0
174 58 1.0
91 129 1.0
143 130 1.0
247 183 1.0
118 66 1.0
193 95 1.0
239 31 1.0
249 88 1.0
57 182 1.0
6 31 1.0
211 101 1.0
249 113 1.0
29 75 1.0
90 105 1.0
13 170 1.0
251 69 1.0
50 95 1.0
154 253 1.0
253 135 1.0
105 183 1.0
184 76 1.0
188 198 1.0
114 18 1.0
254 61 1.0
240 9 1.0
172 58 1.0
254 232 1.0
191 130 1.0
231 105 1.0
220 67 1.0
