*Vertices 128
1 "V0"
2 "V100"
3 "V11"
4 "V89"
5 "V15"
6 "V85"
7 "V119"
8 "V104"
9 "V45"
10 "V30"
11 "V34"
12 "V64"
13 "V123"
14 "V121"
15 "V125"
16 "V9"
17 "V68"
18 "V66"
19 "V70"
20 "V13"
21 "V17"
22 "V87"
23 "V28"
24 "V102"
25 "V117"
26 "V32"
27 "V106"
28 "V51"
29 "V49"
30 "V47"
31 "V53"
32 "V81"
33 "V83"
34 "V22"
35 "V26"
36 "V96"
37 "V37"
38 "V111"
39 "V126"
40 "V41"
41 "V115"
42 "V60"
43 "V58"
44 "V56"
45 "V62"
46 "V7"
47 "V5"
48 "V3"
49 "V1"
50 "V90"
51 "V92"
52 "V109"
53 "V98"
54 "V20"
55 "V24"
56 "V94"
57 "V113"
58 "V54"
59 "V43"
60 "V39"
61 "V73"
62 "V18"
63 "V77"
64 "V75"
65 "V79"
66 "V63"
67 "V122"
68 "V52"
69 "V48"
70 "V118"
71 "V107"
72 "V29"
73 "V103"
74 "V33"
75 "V27"
76 "V86"
77 "V84"
78 "V88"
79 "V82"
80 "V120"
81 "V50"
82 "V124"
83 "V31"
84 "V35"
85 "V105"
86 "V46"
87 "V14"
88 "V10"
89 "V16"
90 "V12"
91 "V101"
92 "V99"
93 "V65"
94 "V71"
95 "V67"
96 "V69"
97 "V59"
98 "V40"
99 "V44"
100 "V114"
101 "V55"
102 "V25"
103 "V19"
104 "V21"
105 "V110"
106 "V108"
107 "V23"
108 "V76"
109 "V74"
110 "V80"
111 "V78"
112 "V72"
113 "V61"
114 "V57"
115 "V127"
116 "V38"
117 "V116"
118 "V112"
119 "V42"
120 "V36"
121 "V95"
122 "V93"
123 "V97"
124 "V91"
125 "V8"
126 "V6"
127 "V4"
128 "V2"
*Arcs
36 3 1.0
1 122 1.0
104 56 1.0
95 105 1.0
100 81 1.0
4 57 1.0
116 126 1.0
6 71 1.0
88 16 1.0
44 128 1.0
11 100 1.0
73 87 1.0
75 43 1.0
109 40 1.0
14 64 1.0
13 64 1.0
9 111 1.0
89 39 1.0
51 48 1.0
66 13 1.0
105 54 1.0
17 107 1.0
11 71 1.0
32 48 1.0
68 46 1.0
20 39 1.0
115 3 1.0
47 51 1.0
19 14 1.0
92 44 1.0
107 112 1.0
40 21 1.0
24 12 1.0
117 31 1.0
97 48 1.0
78 50 1.0
90 48 1.0
10 87 1.0
85 108 1.0
30 111 1.0
69 107 1.0
13 105 1.0
49 34 1.0
63 100 1.0
103 31 1.0
56 32 1.0
118 72 1.0
32 31 1.0
18 61 1.0
101 36 1.0
35 101 1.0
91 84 1.0
37 17 1.0
33 41 1.0
125 86 1.0
7 12 1.0
99 111 1.0
50 71 1.0
35 87 1.0
112 78 1.0
41 65 1.0
74 47 1.0
106 111 1.0
42 100 1.0
65 35 1.0
5 42 1.0
113 47 1.0
123 9 1.0
47 76 1.0
34 43 1.0
39 80 1.0
127 62 1.0
81 9 1.0
3 37 1.0
76 33 1.0
41 87 1.0
60 104 1.0
17 121 1.0
56 37 1.0
1 100 1.0
67 59 1.0
64 68 1.0
8 34 1.0
23 122 1.0
114 37 1.0
60 61 1.0
61 95 1.0
12 59 1.0
21 85 1.0
122 40 1.0
86 109 1.0
62 99 1.0
31 3 1.0
126 6 1.0
79 22 1.0
84 104 1.0
38 31 1.0
20 71 1.0
4 62 1.0
42 16 1.0
27 29 1.0
68 51 1.0
83 72 1.0
55 47 1.0
2 1 1.0
94 83 1.0
25 47 1.0
71 62 1.0
119 93 1.0
95 3 1.0
76 104 1.0
57 38 1.0
116 46 1.0
77 12 1.0
16 63 1.0
111 105 1.0
82 62 1.0
128 18 1.0
29 83 1.0
121 125 1.0
54 41 1.0
124 89 1.0
9 83 1.0
80 61 1.0
80 107 1.0
45 40 1.0
89 126 1.0
24 101 1.0
83 79 1.0
44 23 1.0
61 92 1.0
75 54 1.0
107 38 1.0
88 18 1.0
53 122 1.0
117 82 1.0
98 21 1.0
96 1 1.0
92 110 1.0
11 84 1.0
93 57 1.0
52 62 1.0
115 47 1.0
28 45 1.0
110 35 1.0
47 10 1.0
30 72 1.0
13 97 1.0
56 14 1.0
72 48 1.0
49 116 1.0
108 87 1.0
43 41 1.0
85 13 1.0
99 13 1.0
22 48 1.0
90 9 1.0
91 34 1.0
102 104 1.0
112 36 1.0
46 111 1.0
58 31 1.0
107 98 1.0
118 97 1.0
120 75 1.0
33 31 1.0
62 18 1.0
93 34 1.0
111 85 1.0
15 113 1.0
48 62 1.0
65 6 1.0
26 125 1.0
71 88 1.0
114 85 1.0
113 41 1.0
87 128 1.0
50 93 1.0
59 71 1.0
70 62 1.0
118 43 1.0
73 125 1.0
120 118 1.0
88 49 1.0
114 126 1.0
6 49 1.0
60 36 1.0
124 82 1.0
100 126 1.0
17 63 1.0
36 63 1.0
104 84 1.0
81 47 1.0
128 92 1.0
68 109 1.0
126 45 1.0
32 46 1.0
55 68 1.0
92 75 1.0
5 61 1.0
25 45 1.0
8 4 1.0
19 82 1.0
20 58 1.0
78 1 1.0
40 90 1.0
109 65 1.0
23 33 1.0
86 89 1.0
15 49 1.0
14 39 1.0
66 44 1.0
51 62 1.0
21 72 1.0
84 111 1.0
19 47 1.0
105 123 1.0
37 96 1.0
57 107 1.0
77 128 1.0
125 105 1.0
101 89 1.0
24 89 1.0
23 128 1.0
35 120 1.0
25 87 1.0
61 93 1.0
99 83 1.0
7 104 1.0
97 69 1.0
29 4 1.0
27 105 1.0
10 17 1.0
63 92 1.0
128 102 1.0
82 97 1.0
69 125 1.0
121 6 1.0
103 75 1.0
18 81 1.0
33 36 1.0
76 111 1.0
98 46 1.0
41 74 1.0
36 68 1.0
96 87 1.0
34 101 1.0
64 92 1.0
72 66 1.0
8 107 1.0
40 108 1.0
43 112 1.0
3 105 1.0
106 91 1.0
74 46 1.0
45 97 1.0
45 36 1.0
5 47 1.0
124 92 1.0
123 80 1.0
46 100 1.0
28 74 1.0
127 128 1.0
39 20 1.0
110 37 1.0
94 104 1.0
70 72 1.0
52 43 1.0
54 28 1.0
31 72 1.0
102 23 1.0
2 88 1.0
42 82 1.0
71 101 1.0
58 111 1.0
119 102 1.0
87 107 1.0
4 20 1.0
122 37 1.0
62 16 1.0
12 38 1.0
1 115 1.0
67 93 1.0
30 82 1.0
79 128 1.0
46 63 1.0
38 102 1.0
64 115 1.0
120 17 1.0
80 24 1.0
9 26 1.0
109 59 1.0
67 72 1.0
89 72 1.0
51 37 1.0
44 37 1.0
6 31 1.0
16 23 1.0
75 15 1.0
74 34 1.0
73 55 1.0
95 43 1.0
54 117 1.0
116 67 1.0
100 12 1.0
78 115 1.0
48 16 1.0
111 125 1.0
83 103 1.0
36 96 1.0
29 78 1.0
15 115 1.0
85 51 1.0
10 82 1.0
108 46 1.0
13 42 1.0
49 31 1.0
69 74 1.0
117 46 1.0
40 87 1.0
22 113 1.0
90 100 1.0
97 71 1.0
86 72 1.0
68 43 1.0
53 60 1.0
90 44 1.0
107 47 1.0
91 88 1.0
19 10 1.0
66 110 1.0
52 15 1.0
95 63 1.0
11 83 1.0
115 103 1.0
47 41 1.0
32 5 1.0
65 100 1.0
26 11 1.0
106 54 1.0
97 8 1.0
113 83 1.0
50 31 1.0
5 43 1.0
59 126 1.0
100 55 1.0
7 36 1.0
112 16 1.0
35 126 1.0
91 5 1.0
102 44 1.0
58 22 1.0
125 65 1.0
33 7 1.0
37 3 1.0
118 116 1.0
110 50 1.0
93 100 1.0
103 86 1.0
56 87 1.0
12 42 1.0
112 44 1.0
105 122 1.0
86 63 1.0
122 27 1.0
21 47 1.0
64 102 1.0
14 21 1.0
115 18 1.0
116 114 1.0
8 51 1.0
23 31 1.0
88 110 1.0
76 127 1.0
114 31 1.0
41 19 1.0
122 9 1.0
60 43 1.0
104 90 1.0
123 81 1.0
17 84 1.0
39 29 1.0
127 11 1.0
127 59 1.0
81 44 1.0
16 10 1.0
77 99 1.0
57 19 1.0
116 13 1.0
18 100 1.0
6 86 1.0
80 17 1.0
7 34 1.0
61 60 1.0
24 43 1.0
10 11 1.0
75 114 1.0
101 31 1.0
12 15 1.0
45 88 1.0
89 1 1.0
124 58 1.0
99 21 1.0
16 7 1.0
28 5 1.0
115 109 1.0
47 111 1.0
110 87 1.0
74 62 1.0
52 1 1.0
31 34 1.0
21 78 1.0
92 107 1.0
84 118 1.0
79 1 1.0
126 10 1.0
25 111 1.0
119 72 1.0
78 72 1.0
55 54 1.0
94 41 1.0
27 71 1.0
27 43 1.0
28 62 1.0
83 71 1.0
20 89 1.0
42 13 1.0
121 69 1.0
54 49 1.0
128 95 1.0
63 97 1.0
29 104 1.0
82 63 1.0
2 90 1.0
34 74 1.0
58 3 1.0
112 17 1.0
102 63 1.0
59 43 1.0
70 74 1.0
38 69 1.0
113 60 1.0
4 68 1.0
87 111 1.0
26 127 1.0
71 26 1.0
44 42 1.0
81 103 1.0
15 20 1.0
48 55 1.0
111 128 1.0
104 65 1.0
36 125 1.0
49 109 1.0
60 121 1.0
100 78 1.0
50 122 1.0
95 102 1.0
53 8 1.0
34 90 1.0
96 17 1.0
53 32 1.0
117 123 1.0
98 82 1.0
22 100 1.0
3 82 1.0
43 59 1.0
59 100 1.0
85 101 1.0
72 3 1.0
108 12 1.0
67 33 1.0
1 85 1.0
30 84 1.0
62 21 1.0
56 18 1.0
93 83 1.0
38 1 1.0
63 41 1.0
120 82 1.0
46 50 1.0
33 78 1.0
13 117 1.0
49 104 1.0
63 54 1.0
10 21 1.0
27 111 1.0
69 102 1.0
97 101 1.0
90 128 1.0
78 114 1.0
40 98 1.0
25 9 1.0
73 69 1.0
19 72 1.0
101 39 1.0
75 55 1.0
125 19 1.0
77 26 1.0
37 75 1.0
118 74 1.0
79 86 1.0
18 126 1.0
121 128 1.0
103 74 1.0
69 86 1.0
9 128 1.0
14 97 1.0
51 31 1.0
23 48 1.0
82 65 1.0
109 78 1.0
44 16 1.0
73 31 1.0
84 16 1.0
6 62 1.0
88 2 1.0
92 97 1.0
87 22 1.0
107 41 1.0
126 1 1.0
68 103 1.0
105 98 1.0
11 44 1.0
32 101 1.0
21 48 1.0
66 116 1.0
96 63 1.0
122 34 1.0
86 100 1.0
67 18 1.0
12 58 1.0
62 13 1.0
8 97 1.0
98 100 1.0
114 5 1.0
1 69 1.0
64 107 1.0
72 5 1.0
55 49 1.0
103 12 1.0
2 40 1.0
70 87 1.0
119 112 1.0
94 44 1.0
106 26 1.0
84 48 1.0
38 40 1.0
109 13 1.0
31 104 1.0
79 69 1.0
46 13 1.0
5 67 1.0
50 100 1.0
45 6 1.0
106 53 1.0
113 100 1.0
74 125 1.0
35 20 1.0
91 13 1.0
61 102 1.0
7 40 1.0
117 37 1.0
99 42 1.0
17 96 1.0
121 55 1.0
41 5 1.0
98 34 1.0
76 59 1.0
3 121 1.0
65 21 1.0
39 59 1.0
127 21 1.0
28 48 1.0
123 63 1.0
126 96 1.0
34 92 1.0
96 22 1.0
117 40 1.0
2 115 1.0
3 112 1.0
68 45 1.0
107 54 1.0
53 97 1.0
43 99 1.0
85 97 1.0
9 43 1.0
40 46 1.0
90 50 1.0
22 13 1.0
124 48 1.0
89 68 1.0
66 125 1.0
14 74 1.0
80 126 1.0
9 107 1.0
110 107 1.0
47 34 1.0
115 34 1.0
52 72 1.0
18 83 1.0
11 55 1.0
6 41 1.0
116 120 1.0
57 64 1.0
22 82 1.0
95 84 1.0
54 65 1.0
109 83 1.0
75 127 1.0
24 110 1.0
26 60 1.0
44 7 1.0
16 43 1.0
71 60 1.0
83 125 1.0
42 86 1.0
31 38 1.0
20 126 1.0
4 75 1.0
36 7 1.0
29 126 1.0
82 91 1.0
128 65 1.0
111 29 1.0
60 103 1.0
100 28 1.0
76 71 1.0
88 23 1.0
114 43 1.0
73 71 1.0
37 62 1.0
23 62 1.0
14 121 1.0
39 84 1.0
64 10 1.0
86 37 1.0
113 84 1.0
43 89 1.0
106 89 1.0
26 54 1.0
65 3 1.0
48 120 1.0
15 123 1.0
81 105 1.0
48 87 1.0
123 19 1.0
104 13 1.0
17 120 1.0
51 86 1.0
58 83 1.0
125 82 1.0
33 17 1.0
102 5 1.0
91 22 1.0
55 6 1.0
59 76 1.0
7 101 1.0
57 93 1.0
112 22 1.0
87 122 1.0
50 75 1.0
108 40 1.0
10 35 1.0
30 5 1.0
13 91 1.0
49 74 1.0
93 41 1.0
56 12 1.0
103 42 1.0
120 48 1.0
65 128 1.0
118 112 1.0
45 120 1.0
66 5 1.0
52 123 1.0
99 62 1.0
124 34 1.0
5 1 1.0
61 58 1.0
70 124 1.0
80 100 1.0
24 23 1.0
72 40 1.0
35 42 1.0
16 68 1.0
77 71 1.0
101 45 1.0
57 111 1.0
77 46 1.0
37 128 1.0
54 36 1.0
121 100 1.0
18 87 1.0
82 27 1.0
128 4 1.0
69 111 1.0
63 6 1.0
27 78 1.0
83 115 1.0
97 31 1.0
81 17 1.0
20 92 1.0
78 86 1.0
119 43 1.0
25 123 1.0
85 66 1.0
19 62 1.0
55 101 1.0
92 20 1.0
89 75 1.0
31 68 1.0
126 86 1.0
32 81 1.0
84 23 1.0
105 61 1.0
94 86 1.0
12 72 1.0
21 91 1.0
51 11 1.0
71 99 1.0
26 18 1.0
111 20 1.0
48 38 1.0
15 93 1.0
29 39 1.0
70 125 1.0
59 31 1.0
4 100 1.0
87 104 1.0
42 126 1.0
101 62 1.0
58 99 1.0
2 43 1.0
104 5 1.0
102 127 1.0
105 71 1.0
94 37 1.0
108 65 1.0
93 31 1.0
120 127 1.0
38 99 1.0
79 65 1.0
46 74 1.0
67 111 1.0
30 127 1.0
108 96 1.0
1 109 1.0
62 41 1.0
122 96 1.0
43 120 1.0
22 12 1.0
3 56 1.0
72 117 1.0
119 104 1.0
8 117 1.0
96 111 1.0
34 20 1.0
98 31 1.0
41 57 1.0
123 22 1.0
127 37 1.0
110 38 1.0
74 86 1.0
53 46 1.0
125 49 1.0
28 125 1.0
39 63 1.0
