*Vertices 32
1 "V0"
2 "V22"
3 "V26"
4 "V11"
5 "V15"
6 "V30"
7 "V29"
8 "V27"
9 "V25"
10 "V19"
11 "V21"
12 "V23"
13 "V9"
14 "V7"
15 "V5"
16 "V3"
17 "V1"
18 "V13"
19 "V17"
20 "V20"
21 "V24"
22 "V31"
23 "V28"
24 "V14"
25 "V10"
26 "V16"
27 "V12"
28 "V18"
29 "V8"
30 "V6"
31 "V4"
32 "V2"
*Arcs
32 1 1.0
14 3 1.0
11 32 1.0
20 2 1.0
5 16 1.0
26 11 1.0
25 22 1.0
14 23 1.0
32 4 1.0
16 14 1.0
16 13 1.0
6 24 1.0
9 22 1.0
8 17 1.0
19 26 1.0
13 5 1.0
1 19 1.0
25 16 1.0
25 31 1.0
1 2 1.0
6 30 1.0
18 8 1.0
17 22 1.0
30 29 1.0
27 23 1.0
14 27 1.0
23 4 1.0
5 4 1.0
19 27 1.0
10 20 1.0
9 20 1.0
8 15 1.0
20 30 1.0
16 9 1.0
26 13 1.0
14 7 1.0
10 25 1.0
19 6 1.0
15 24 1.0
21 18 1.0
19 18 1.0
13 24 1.0
28 17 1.0
27 17 1.0
15 17 1.0
20 1 1.0
3 2 1.0
30 21 1.0
7 23 1.0
30 9 1.0
28 15 1.0
4 30 1.0
25 21 1.0
6 7 1.0
3 27 1.0
23 25 1.0
1 25 1.0
7 19 1.0
30 15 1.0
31 10 1.0
24 28 1.0
28 10 1.0
12 24 1.0
24 27 1.0
28 4 1.0
14 22 1.0
10 23 1.0
22 30 1.0
2 8 1.0
3 29 1.0
12 30 1.0
6 11 1.0
6 20 1.0
32 2 1.0
2 20 1.0
4 22 1.0
7 4 1.0
15 14 1.0
31 13 1.0
4 23 1.0
30 4 1.0
18 16 1.0
25 32 1.0
8 16 1.0
13 16 1.0
26 3 1.0
31 3 1.0
29 5 1.0
17 19 1.0
21 5 1.0
28 26 1.0
9 18 1.0
24 25 1.0
17 4 1.0
31 6 1.0
25 18 1.0
26 30 1.0
19 15 1.0
12 15 1.0
6 23 1.0
9 23 1.0
1 30 1.0
8 28 1.0
29 28 1.0
4 20 1.0
4 10 1.0
28 19 1.0
29 24 1.0
11 18 1.0
19 13 1.0
28 6 1.0
24 7 1.0
3 25 1.0
15 13 1.0
32 9 1.0
14 21 1.0
31 9 1.0
2 12 1.0
20 17 1.0
18 17 1.0
4 17 1.0
8 1 1.0
