*Vertices 16
1 "V0"
2 "V13"
3 "V11"
4 "V15"
5 "V14"
6 "V10"
7 "V12"
8 "V7"
9 "V9"
10 "V5"
11 "V3"
12 "V1"
13 "V6"
14 "V8"
15 "V4"
16 "V2"
*Arcs
1 3 1.0
9 1 1.0
8 16 1.0
3 10 1.0
5 3 1.0
4 9 1.0
13 9 1.0
2 9 1.0
10 1 1.0
16 10 1.0
16 4 1.0
11 7 1.0
11 14 1.0
9 16 1.0
16 3 1.0
5 4 1.0
2 6 1.0
5 15 1.0
9 7 1.0
2 16 1.0
6 11 1.0
6 9 1.0
6 1 1.0
2 4 1.0
1 11 1.0
5 9 1.0
13 1 1.0
16 1 1.0
11 9 1.0
11 4 1.0
11 1 1.0
13 10 1.0
5 10 1.0
8 13 1.0
13 12 1.0
1 8 1.0
6 15 1.0
8 10 1.0
7 1 1.0
13 16 1.0
3 15 1.0
9 12 1.0
6 4 1.0
2 10 1.0
2 14 1.0
6 3 1.0
12 15 1.0
16 12 1.0
14 7 1.0
15 14 1.0
15 10 1.0
10 3 1.0
10 16 1.0
8 11 1.0
14 3 1.0
14 9 1.0
1 7 1.0
12 1 1.0
9 8 1.0
14 4 1.0
12 4 1.0
12 7 1.0
7 8 1.0
8 14 1.0
10 14 1.0
7 15 1.0
3 9 1.0
11 10 1.0
12 2 1.0
5 13 1.0
4 8 1.0
7 16 1.0
3 14 1.0
1 15 1.0
9 11 1.0
14 1 1.0
4 14 1.0
12 10 1.0
8 9 1.0
15 4 1.0
10 11 1.0
10 8 1.0
15 3 1.0
3 16 1.0
15 12 1.0
4 3 1.0
4 11 1.0
4 1 1.0
1 10 1.0
7 10 1.0
3 1 1.0
13 8 1.0
14 12 1.0
7 6 1.0
15 2 1.0
16 8 1.0
