*Vertices 64
1 "V0"
2 "V63"
3 "V52"
4 "V11"
5 "V15"
6 "V48"
7 "V45"
8 "V30"
9 "V29"
10 "V34"
11 "V33"
12 "V27"
13 "V9"
14 "V13"
15 "V17"
16 "V50"
17 "V28"
18 "V31"
19 "V35"
20 "V32"
21 "V46"
22 "V14"
23 "V51"
24 "V49"
25 "V16"
26 "V10"
27 "V53"
28 "V12"
29 "V47"
30 "V22"
31 "V26"
32 "V59"
33 "V37"
34 "V40"
35 "V44"
36 "V41"
37 "V55"
38 "V60"
39 "V58"
40 "V19"
41 "V25"
42 "V62"
43 "V56"
44 "V21"
45 "V23"
46 "V7"
47 "V5"
48 "V3"
49 "V1"
50 "V20"
51 "V61"
52 "V57"
53 "V24"
54 "V54"
55 "V38"
56 "V43"
57 "V42"
58 "V39"
59 "V36"
60 "V18"
61 "V6"
62 "V8"
63 "V4"
64 "V2"
*Arcs
59 38 1.0
22 1 1.0
6 45 1.0
4 29 1.0
34 62 1.0
21 20 1.0
21 54 1.0
25 60 1.0
7 36 1.0
21 64 1.0
60 2 1.0
1 17 1.0
39 24 1.0
3 4 1.0
4 33 1.0
59 44 1.0
5 39 1.0
49 7 1.0
10 61 1.0
1 18 1.0
2 3 1.0
43 58 1.0
13 49 1.0
48 5 1.0
42 29 1.0
53 51 1.0
25 41 1.0
26 19 1.0
61 26 1.0
64 56 1.0
7 37 1.0
18 40 1.0
14 9 1.0
47 63 1.0
45 55 1.0
13 14 1.0
3 16 1.0
22 45 1.0
4 32 1.0
42 46 1.0
29 7 1.0
48 36 1.0
15 64 1.0
20 42 1.0
24 18 1.0
40 54 1.0
64 15 1.0
19 59 1.0
46 52 1.0
57 31 1.0
1 24 1.0
51 26 1.0
14 8 1.0
44 47 1.0
45 3 1.0
26 44 1.0
5 35 1.0
27 38 1.0
18 1 1.0
25 53 1.0
37 14 1.0
40 58 1.0
6 60 1.0
48 37 1.0
46 11 1.0
17 29 1.0
59 13 1.0
5 28 1.0
53 16 1.0
36 2 1.0
29 17 1.0
25 57 1.0
45 48 1.0
1 46 1.0
41 7 1.0
52 44 1.0
7 39 1.0
12 33 1.0
50 49 1.0
48 34 1.0
59 5 1.0
40 27 1.0
44 18 1.0
13 50 1.0
41 43 1.0
10 56 1.0
8 63 1.0
19 9 1.0
8 41 1.0
42 51 1.0
33 6 1.0
45 26 1.0
35 19 1.0
42 21 1.0
5 62 1.0
18 20 1.0
55 54 1.0
64 60 1.0
57 23 1.0
18 14 1.0
57 55 1.0
14 38 1.0
19 45 1.0
2 52 1.0
6 59 1.0
33 4 1.0
27 35 1.0
41 44 1.0
24 42 1.0
18 64 1.0
17 36 1.0
34 24 1.0
16 12 1.0
47 41 1.0
32 1 1.0
50 51 1.0
54 10 1.0
35 29 1.0
52 13 1.0
3 8 1.0
16 47 1.0
29 58 1.0
7 3 1.0
15 22 1.0
26 55 1.0
1 32 1.0
2 17 1.0
16 28 1.0
29 16 1.0
7 57 1.0
52 48 1.0
10 37 1.0
61 40 1.0
25 42 1.0
14 31 1.0
3 6 1.0
17 25 1.0
37 34 1.0
39 49 1.0
55 18 1.0
4 54 1.0
46 45 1.0
36 7 1.0
34 46 1.0
36 14 1.0
25 3 1.0
1 8 1.0
48 47 1.0
61 35 1.0
43 50 1.0
29 43 1.0
53 59 1.0
29 26 1.0
18 2 1.0
47 48 1.0
59 60 1.0
46 57 1.0
23 54 1.0
38 20 1.0
38 62 1.0
14 29 1.0
56 38 1.0
42 45 1.0
32 55 1.0
25 1 1.0
51 58 1.0
4 5 1.0
61 27 1.0
30 41 1.0
8 51 1.0
22 49 1.0
14 26 1.0
41 6 1.0
55 40 1.0
3 37 1.0
41 19 1.0
51 24 1.0
50 17 1.0
60 33 1.0
32 4 1.0
46 7 1.0
45 39 1.0
29 44 1.0
63 18 1.0
16 61 1.0
23 18 1.0
53 54 1.0
44 15 1.0
4 36 1.0
35 42 1.0
50 64 1.0
53 12 1.0
22 4 1.0
60 24 1.0
57 59 1.0
50 56 1.0
40 63 1.0
53 9 1.0
2 16 1.0
28 14 1.0
10 55 1.0
50 32 1.0
44 45 1.0
58 21 1.0
49 62 1.0
8 37 1.0
15 11 1.0
21 13 1.0
10 29 1.0
30 53 1.0
55 16 1.0
37 17 1.0
35 2 1.0
7 48 1.0
18 57 1.0
42 60 1.0
9 8 1.0
19 35 1.0
20 47 1.0
22 44 1.0
5 52 1.0
47 51 1.0
58 1 1.0
8 58 1.0
51 14 1.0
8 3 1.0
35 6 1.0
59 26 1.0
59 49 1.0
20 34 1.0
32 41 1.0
26 42 1.0
54 56 1.0
56 63 1.0
47 59 1.0
41 50 1.0
11 43 1.0
54 39 1.0
2 44 1.0
33 7 1.0
9 28 1.0
42 33 1.0
35 27 1.0
37 5 1.0
44 46 1.0
31 18 1.0
52 59 1.0
43 24 1.0
24 4 1.0
19 44 1.0
28 39 1.0
58 36 1.0
36 54 1.0
22 60 1.0
43 12 1.0
35 64 1.0
1 2 1.0
26 29 1.0
56 45 1.0
10 20 1.0
53 62 1.0
59 14 1.0
16 23 1.0
36 9 1.0
17 38 1.0
7 55 1.0
63 9 1.0
23 16 1.0
39 28 1.0
50 55 1.0
62 19 1.0
58 37 1.0
31 40 1.0
37 57 1.0
64 63 1.0
54 58 1.0
30 51 1.0
46 49 1.0
22 41 1.0
47 26 1.0
23 29 1.0
39 35 1.0
53 61 1.0
38 8 1.0
18 22 1.0
51 3 1.0
50 3 1.0
4 8 1.0
60 47 1.0
26 35 1.0
2 43 1.0
46 44 1.0
18 59 1.0
32 26 1.0
2 6 1.0
20 31 1.0
9 42 1.0
5 64 1.0
64 36 1.0
32 25 1.0
15 54 1.0
29 18 1.0
51 46 1.0
35 7 1.0
14 45 1.0
13 32 1.0
45 7 1.0
32 61 1.0
41 33 1.0
36 39 1.0
54 44 1.0
62 16 1.0
2 4 1.0
60 48 1.0
33 2 1.0
20 17 1.0
7 60 1.0
51 54 1.0
4 57 1.0
11 13 1.0
49 11 1.0
22 53 1.0
6 38 1.0
40 29 1.0
27 14 1.0
17 1 1.0
28 58 1.0
7 15 1.0
33 54 1.0
31 20 1.0
57 21 1.0
47 62 1.0
41 4 1.0
44 24 1.0
6 42 1.0
8 64 1.0
29 12 1.0
12 36 1.0
7 47 1.0
7 35 1.0
53 44 1.0
36 52 1.0
21 59 1.0
21 1 1.0
55 58 1.0
13 22 1.0
56 3 1.0
23 8 1.0
49 34 1.0
40 49 1.0
19 51 1.0
25 18 1.0
60 27 1.0
11 5 1.0
58 19 1.0
38 37 1.0
9 41 1.0
10 6 1.0
30 26 1.0
17 63 1.0
10 9 1.0
29 40 1.0
11 56 1.0
27 32 1.0
9 45 1.0
53 14 1.0
9 23 1.0
36 55 1.0
14 42 1.0
6 49 1.0
54 34 1.0
23 6 1.0
4 31 1.0
44 59 1.0
57 26 1.0
1 35 1.0
36 43 1.0
54 50 1.0
23 9 1.0
1 47 1.0
54 55 1.0
34 14 1.0
14 3 1.0
38 45 1.0
34 38 1.0
5 1 1.0
43 20 1.0
35 62 1.0
28 29 1.0
15 51 1.0
27 53 1.0
55 29 1.0
43 13 1.0
7 10 1.0
11 37 1.0
48 40 1.0
58 57 1.0
37 48 1.0
38 17 1.0
35 16 1.0
35 28 1.0
48 55 1.0
2 30 1.0
32 39 1.0
34 7 1.0
55 46 1.0
11 18 1.0
31 25 1.0
64 54 1.0
4 14 1.0
37 16 1.0
15 9 1.0
26 63 1.0
25 56 1.0
59 40 1.0
21 37 1.0
5 19 1.0
13 26 1.0
49 6 1.0
26 36 1.0
40 64 1.0
47 15 1.0
44 54 1.0
16 18 1.0
2 46 1.0
13 21 1.0
5 32 1.0
60 45 1.0
31 55 1.0
22 33 1.0
30 39 1.0
47 17 1.0
37 4 1.0
38 24 1.0
54 36 1.0
8 2 1.0
27 64 1.0
16 54 1.0
17 60 1.0
9 51 1.0
28 49 1.0
40 41 1.0
47 5 1.0
52 58 1.0
49 18 1.0
48 27 1.0
21 44 1.0
64 7 1.0
34 61 1.0
3 39 1.0
19 33 1.0
11 7 1.0
42 44 1.0
56 2 1.0
17 48 1.0
45 57 1.0
45 28 1.0
18 16 1.0
24 17 1.0
34 41 1.0
41 49 1.0
47 42 1.0
6 19 1.0
57 6 1.0
20 26 1.0
45 18 1.0
15 46 1.0
47 34 1.0
20 27 1.0
36 5 1.0
28 44 1.0
26 52 1.0
8 35 1.0
8 47 1.0
45 8 1.0
45 12 1.0
33 42 1.0
13 24 1.0
26 4 1.0
36 59 1.0
20 29 1.0
57 13 1.0
22 11 1.0
9 37 1.0
39 60 1.0
12 3 1.0
52 14 1.0
31 58 1.0
2 38 1.0
10 1 1.0
50 53 1.0
16 29 1.0
49 26 1.0
51 1 1.0
6 58 1.0
13 41 1.0
44 51 1.0
3 57 1.0
42 48 1.0
32 10 1.0
14 40 1.0
59 37 1.0
13 39 1.0
8 44 1.0
37 35 1.0
57 4 1.0
23 59 1.0
32 3 1.0
9 22 1.0
40 61 1.0
27 8 1.0
58 54 1.0
11 20 1.0
50 62 1.0
61 29 1.0
34 45 1.0
37 24 1.0
37 12 1.0
39 42 1.0
10 64 1.0
19 36 1.0
26 60 1.0
59 9 1.0
27 56 1.0
34 63 1.0
45 50 1.0
12 43 1.0
31 38 1.0
35 55 1.0
20 14 1.0
21 23 1.0
51 20 1.0
32 54 1.0
55 60 1.0
26 57 1.0
19 2 1.0
46 48 1.0
8 17 1.0
38 4 1.0
47 16 1.0
50 33 1.0
62 35 1.0
22 47 1.0
47 8 1.0
40 3 1.0
35 14 1.0
63 58 1.0
31 1 1.0
21 38 1.0
64 53 1.0
60 29 1.0
2 62 1.0
42 34 1.0
16 25 1.0
28 54 1.0
50 31 1.0
41 42 1.0
62 64 1.0
31 59 1.0
37 26 1.0
54 6 1.0
47 44 1.0
42 43 1.0
6 16 1.0
49 9 1.0
25 55 1.0
54 28 1.0
57 7 1.0
63 32 1.0
13 45 1.0
36 18 1.0
24 46 1.0
33 35 1.0
55 47 1.0
7 59 1.0
19 52 1.0
5 44 1.0
40 24 1.0
53 4 1.0
29 42 1.0
53 64 1.0
11 12 1.0
8 15 1.0
12 54 1.0
5 36 1.0
63 62 1.0
42 18 1.0
31 45 1.0
35 32 1.0
36 21 1.0
25 14 1.0
34 55 1.0
62 23 1.0
8 9 1.0
45 56 1.0
12 63 1.0
34 40 1.0
27 37 1.0
33 19 1.0
40 26 1.0
8 6 1.0
17 41 1.0
10 51 1.0
60 49 1.0
2 58 1.0
14 5 1.0
26 27 1.0
28 18 1.0
37 61 1.0
28 7 1.0
3 44 1.0
58 39 1.0
29 9 1.0
48 3 1.0
58 14 1.0
24 55 1.0
61 59 1.0
58 43 1.0
6 50 1.0
37 56 1.0
51 63 1.0
33 34 1.0
4 42 1.0
36 49 1.0
63 31 1.0
34 26 1.0
24 6 1.0
17 46 1.0
55 7 1.0
9 18 1.0
1 54 1.0
60 25 1.0
2 33 1.0
34 16 1.0
18 28 1.0
10 30 1.0
52 39 1.0
11 57 1.0
20 37 1.0
2 60 1.0
52 17 1.0
3 48 1.0
16 2 1.0
19 29 1.0
18 53 1.0
23 11 1.0
6 13 1.0
47 22 1.0
19 3 1.0
58 8 1.0
26 51 1.0
35 1 1.0
19 58 1.0
