*Vertices 256
1 "V0"
2 "V174"
3 "V233"
4 "V89"
5 "V85"
6 "V119"
7 "V178"
8 "V30"
9 "V34"
10 "V64"
11 "V208"
12 "V123"
13 "V212"
14 "V9"
15 "V68"
16 "V153"
17 "V13"
18 "V17"
19 "V157"
20 "V246"
21 "V161"
22 "V102"
23 "V250"
24 "V106"
25 "V191"
26 "V51"
27 "V47"
28 "V195"
29 "V136"
30 "V225"
31 "V229"
32 "V140"
33 "V81"
34 "V22"
35 "V26"
36 "V255"
37 "V170"
38 "V111"
39 "V200"
40 "V115"
41 "V60"
42 "V56"
43 "V204"
44 "V145"
45 "V234"
46 "V5"
47 "V238"
48 "V1"
49 "V149"
50 "V90"
51 "V183"
52 "V242"
53 "V98"
54 "V94"
55 "V128"
56 "V187"
57 "V43"
58 "V39"
59 "V73"
60 "V217"
61 "V132"
62 "V221"
63 "V18"
64 "V77"
65 "V162"
66 "V166"
67 "V196"
68 "V137"
69 "V52"
70 "V48"
71 "V251"
72 "V192"
73 "V107"
74 "V103"
75 "V27"
76 "V86"
77 "V171"
78 "V175"
79 "V82"
80 "V141"
81 "V226"
82 "V230"
83 "V120"
84 "V209"
85 "V124"
86 "V31"
87 "V35"
88 "V179"
89 "V243"
90 "V14"
91 "V247"
92 "V10"
93 "V158"
94 "V99"
95 "V65"
96 "V213"
97 "V69"
98 "V154"
99 "V133"
100 "V218"
101 "V40"
102 "V44"
103 "V129"
104 "V188"
105 "V252"
106 "V19"
107 "V167"
108 "V23"
109 "V108"
110 "V74"
111 "V222"
112 "V78"
113 "V163"
114 "V205"
115 "V146"
116 "V61"
117 "V57"
118 "V201"
119 "V116"
120 "V112"
121 "V36"
122 "V95"
123 "V180"
124 "V184"
125 "V91"
126 "V150"
127 "V235"
128 "V6"
129 "V239"
130 "V2"
131 "V159"
132 "V100"
133 "V11"
134 "V248"
135 "V244"
136 "V15"
137 "V104"
138 "V45"
139 "V193"
140 "V189"
141 "V210"
142 "V121"
143 "V125"
144 "V155"
145 "V214"
146 "V66"
147 "V70"
148 "V87"
149 "V172"
150 "V231"
151 "V28"
152 "V32"
153 "V117"
154 "V176"
155 "V49"
156 "V53"
157 "V197"
158 "V138"
159 "V227"
160 "V142"
161 "V83"
162 "V96"
163 "V181"
164 "V240"
165 "V37"
166 "V41"
167 "V126"
168 "V185"
169 "V58"
170 "V62"
171 "V206"
172 "V147"
173 "V7"
174 "V3"
175 "V236"
176 "V151"
177 "V92"
178 "V168"
179 "V109"
180 "V20"
181 "V253"
182 "V24"
183 "V113"
184 "V54"
185 "V202"
186 "V198"
187 "V219"
188 "V130"
189 "V134"
190 "V164"
191 "V223"
192 "V75"
193 "V79"
194 "V63"
195 "V122"
196 "V211"
197 "V207"
198 "V118"
199 "V177"
200 "V29"
201 "V33"
202 "V173"
203 "V232"
204 "V84"
205 "V88"
206 "V228"
207 "V143"
208 "V139"
209 "V50"
210 "V135"
211 "V194"
212 "V190"
213 "V105"
214 "V46"
215 "V249"
216 "V16"
217 "V12"
218 "V245"
219 "V160"
220 "V101"
221 "V71"
222 "V67"
223 "V215"
224 "V156"
225 "V144"
226 "V59"
227 "V203"
228 "V199"
229 "V114"
230 "V55"
231 "V25"
232 "V21"
233 "V254"
234 "V169"
235 "V110"
236 "V76"
237 "V80"
238 "V224"
239 "V165"
240 "V72"
241 "V131"
242 "V220"
243 "V216"
244 "V127"
245 "V186"
246 "V38"
247 "V42"
248 "V182"
249 "V241"
250 "V93"
251 "V97"
252 "V237"
253 "V152"
254 "V8"
255 "V148"
256 "V4"
*Arcs
1 56 1.0
147 56 1.0
72 114 1.0
3 143 1.0
153 130 1.0
129 255 1.0
247 73 1.0
190 165 1.0
4 233 1.0
205 110 1.0
141 29 1.0
210 201 1.0
17 44 1.0
163 161 1.0
226 38 1.0
7 209 1.0
206 118 1.0
24 126 1.0
86 213 1.0
16 242 1.0
9 33 1.0
228 38 1.0
64 92 1.0
130 38 1.0
70 57 1.0
20 44 1.0
85 24 1.0
122 147 1.0
37 121 1.0
12 207 1.0
160 245 1.0
60 27 1.0
180 130 1.0
104 22 1.0
13 212 1.0
146 1 1.0
127 226 1.0
165 255 1.0
183 52 1.0
204 108 1.0
131 103 1.0
15 69 1.0
241 161 1.0
171 33 1.0
14 213 1.0
199 220 1.0
181 190 1.0
230 162 1.0
255 184 1.0
35 133 1.0
17 115 1.0
19 242 1.0
22 187 1.0
238 170 1.0
52 94 1.0
66 224 1.0
102 205 1.0
28 7 1.0
59 104 1.0
83 109 1.0
20 159 1.0
136 240 1.0
68 33 1.0
22 48 1.0
96 168 1.0
125 147 1.0
179 208 1.0
150 187 1.0
201 182 1.0
170 132 1.0
124 226 1.0
25 200 1.0
167 241 1.0
185 78 1.0
256 45 1.0
237 245 1.0
144 148 1.0
27 197 1.0
242 69 1.0
34 225 1.0
53 24 1.0
202 145 1.0
29 224 1.0
134 163 1.0
26 190 1.0
40 251 1.0
30 100 1.0
25 114 1.0
97 205 1.0
225 92 1.0
84 209 1.0
33 244 1.0
148 48 1.0
65 130 1.0
252 247 1.0
101 241 1.0
81 150 1.0
137 190 1.0
200 15 1.0
176 58 1.0
35 234 1.0
236 75 1.0
99 155 1.0
133 107 1.0
36 171 1.0
123 9 1.0
169 256 1.0
37 203 1.0
250 163 1.0
223 201 1.0
63 245 1.0
32 233 1.0
95 7 1.0
186 124 1.0
1 8 1.0
195 14 1.0
135 124 1.0
27 231 1.0
234 182 1.0
40 84 1.0
43 68 1.0
173 57 1.0
41 207 1.0
79 13 1.0
71 228 1.0
184 247 1.0
103 233 1.0
38 201 1.0
56 18 1.0
43 182 1.0
93 237 1.0
3 30 1.0
121 231 1.0
139 234 1.0
221 61 1.0
46 237 1.0
164 8 1.0
198 97 1.0
47 42 1.0
49 4 1.0
132 250 1.0
154 114 1.0
172 43 1.0
231 229 1.0
111 25 1.0
248 142 1.0
51 187 1.0
73 180 1.0
29 104 1.0
41 245 1.0
196 105 1.0
4 208 1.0
90 58 1.0
57 3 1.0
239 182 1.0
54 5 1.0
77 151 1.0
55 163 1.0
162 155 1.0
143 246 1.0
91 154 1.0
155 86 1.0
112 189 1.0
39 220 1.0
174 81 1.0
31 147 1.0
152 63 1.0
98 57 1.0
58 39 1.0
59 39 1.0
219 207 1.0
246 110 1.0
175 196 1.0
229 78 1.0
60 232 1.0
140 184 1.0
222 26 1.0
207 66 1.0
100 130 1.0
232 1 1.0
49 254 1.0
63 188 1.0
75 58 1.0
30 64 1.0
74 95 1.0
65 187 1.0
7 156 1.0
42 130 1.0
233 102 1.0
61 143 1.0
92 253 1.0
197 61 1.0
5 119 1.0
168 53 1.0
67 81 1.0
194 133 1.0
203 229 1.0
9 69 1.0
235 182 1.0
69 228 1.0
33 164 1.0
224 10 1.0
244 38 1.0
46 187 1.0
227 220 1.0
67 245 1.0
71 36 1.0
110 151 1.0
89 129 1.0
138 232 1.0
142 42 1.0
177 108 1.0
107 18 1.0
73 43 1.0
158 73 1.0
145 251 1.0
216 173 1.0
47 239 1.0
119 76 1.0
166 121 1.0
113 15 1.0
76 191 1.0
205 69 1.0
141 160 1.0
217 38 1.0
189 182 1.0
226 240 1.0
163 241 1.0
78 68 1.0
215 244 1.0
2 105 1.0
69 242 1.0
80 153 1.0
94 246 1.0
62 187 1.0
44 56 1.0
108 157 1.0
72 43 1.0
147 61 1.0
82 24 1.0
146 96 1.0
80 206 1.0
243 37 1.0
106 206 1.0
83 74 1.0
54 112 1.0
131 15 1.0
165 106 1.0
45 84 1.0
120 130 1.0
84 33 1.0
104 205 1.0
64 168 1.0
253 46 1.0
86 5 1.0
159 130 1.0
8 48 1.0
213 186 1.0
37 237 1.0
218 104 1.0
70 206 1.0
12 38 1.0
228 188 1.0
48 99 1.0
211 87 1.0
89 110 1.0
6 17 1.0
255 185 1.0
92 203 1.0
240 91 1.0
50 224 1.0
13 116 1.0
136 128 1.0
249 222 1.0
102 146 1.0
66 131 1.0
94 242 1.0
254 22 1.0
105 244 1.0
188 148 1.0
95 204 1.0
114 221 1.0
161 27 1.0
191 58 1.0
220 125 1.0
35 29 1.0
230 92 1.0
199 170 1.0
98 169 1.0
34 16 1.0
187 59 1.0
251 61 1.0
212 132 1.0
15 160 1.0
225 161 1.0
134 251 1.0
167 1 1.0
256 114 1.0
99 206 1.0
149 205 1.0
209 48 1.0
144 117 1.0
82 118 1.0
201 245 1.0
118 62 1.0
102 108 1.0
193 196 1.0
116 232 1.0
68 132 1.0
109 110 1.0
51 13 1.0
104 251 1.0
192 17 1.0
157 50 1.0
1 219 1.0
195 133 1.0
135 191 1.0
214 238 1.0
88 125 1.0
107 225 1.0
137 47 1.0
81 183 1.0
151 77 1.0
126 247 1.0
108 177 1.0
76 59 1.0
11 51 1.0
133 178 1.0
99 157 1.0
36 30 1.0
117 245 1.0
111 204 1.0
252 48 1.0
40 101 1.0
58 30 1.0
21 79 1.0
112 61 1.0
132 9 1.0
78 134 1.0
115 253 1.0
156 189 1.0
23 151 1.0
55 8 1.0
128 162 1.0
43 242 1.0
79 103 1.0
117 170 1.0
19 77 1.0
87 227 1.0
3 145 1.0
38 208 1.0
118 3 1.0
245 138 1.0
10 18 1.0
208 63 1.0
18 62 1.0
223 232 1.0
120 196 1.0
250 237 1.0
178 160 1.0
16 24 1.0
121 250 1.0
112 136 1.0
24 240 1.0
123 38 1.0
206 151 1.0
86 110 1.0
41 206 1.0
248 206 1.0
196 90 1.0
17 24 1.0
210 245 1.0
190 123 1.0
125 104 1.0
4 201 1.0
153 202 1.0
129 137 1.0
247 233 1.0
221 155 1.0
139 173 1.0
127 220 1.0
111 205 1.0
182 89 1.0
115 92 1.0
130 252 1.0
238 244 1.0
75 78 1.0
22 148 1.0
7 182 1.0
131 182 1.0
181 91 1.0
42 55 1.0
83 222 1.0
28 48 1.0
134 240 1.0
136 208 1.0
59 109 1.0
49 200 1.0
96 220 1.0
137 105 1.0
125 46 1.0
107 151 1.0
52 212 1.0
138 1 1.0
139 249 1.0
124 183 1.0
170 209 1.0
158 102 1.0
216 253 1.0
20 133 1.0
77 241 1.0
155 214 1.0
39 133 1.0
85 54 1.0
130 101 1.0
180 217 1.0
160 74 1.0
143 222 1.0
60 188 1.0
122 208 1.0
127 121 1.0
183 256 1.0
246 9 1.0
222 92 1.0
140 228 1.0
145 176 1.0
171 209 1.0
14 157 1.0
241 97 1.0
219 136 1.0
147 237 1.0
204 128 1.0
84 168 1.0
217 48 1.0
148 92 1.0
169 106 1.0
189 137 1.0
213 192 1.0
149 211 1.0
123 40 1.0
176 3 1.0
200 254 1.0
159 229 1.0
186 15 1.0
236 109 1.0
151 114 1.0
218 226 1.0
12 39 1.0
48 91 1.0
153 133 1.0
234 229 1.0
27 187 1.0
63 42 1.0
243 1 1.0
54 233 1.0
150 75 1.0
179 237 1.0
9 199 1.0
224 209 1.0
155 226 1.0
185 228 1.0
237 242 1.0
46 114 1.0
215 91 1.0
244 242 1.0
26 132 1.0
202 69 1.0
158 198 1.0
53 161 1.0
242 195 1.0
108 71 1.0
44 48 1.0
97 93 1.0
25 78 1.0
159 101 1.0
119 225 1.0
47 63 1.0
101 43 1.0
65 98 1.0
161 22 1.0
51 93 1.0
116 250 1.0
29 177 1.0
90 250 1.0
13 249 1.0
162 55 1.0
50 173 1.0
239 216 1.0
164 94 1.0
57 245 1.0
198 93 1.0
164 73 1.0
91 156 1.0
209 132 1.0
143 11 1.0
118 178 1.0
174 191 1.0
193 234 1.0
98 33 1.0
166 28 1.0
152 13 1.0
31 46 1.0
73 209 1.0
168 155 1.0
161 221 1.0
114 170 1.0
173 76 1.0
45 113 1.0
121 233 1.0
93 236 1.0
170 160 1.0
56 232 1.0
171 19 1.0
120 254 1.0
32 250 1.0
95 105 1.0
173 8 1.0
240 70 1.0
211 53 1.0
191 157 1.0
231 1 1.0
172 105 1.0
154 65 1.0
176 63 1.0
220 102 1.0
103 55 1.0
71 164 1.0
184 86 1.0
214 17 1.0
89 111 1.0
142 209 1.0
145 7 1.0
177 57 1.0
178 14 1.0
179 59 1.0
180 238 1.0
126 68 1.0
151 187 1.0
181 228 1.0
67 130 1.0
110 48 1.0
203 184 1.0
87 48 1.0
235 151 1.0
33 43 1.0
19 143 1.0
184 216 1.0
208 125 1.0
18 27 1.0
168 208 1.0
186 30 1.0
194 151 1.0
15 116 1.0
212 198 1.0
187 123 1.0
229 233 1.0
175 220 1.0
58 33 1.0
149 156 1.0
188 212 1.0
162 17 1.0
100 170 1.0
232 233 1.0
207 38 1.0
233 84 1.0
117 40 1.0
88 17 1.0
74 112 1.0
190 206 1.0
30 15 1.0
21 86 1.0
192 164 1.0
5 14 1.0
197 47 1.0
92 187 1.0
61 3 1.0
122 173 1.0
60 39 1.0
106 114 1.0
20 88 1.0
70 252 1.0
37 152 1.0
195 132 1.0
104 66 1.0
196 207 1.0
183 157 1.0
80 236 1.0
146 57 1.0
206 51 1.0
24 79 1.0
8 132 1.0
163 104 1.0
226 232 1.0
199 56 1.0
228 205 1.0
130 185 1.0
85 106 1.0
253 33 1.0
201 34 1.0
64 161 1.0
113 204 1.0
166 75 1.0
129 44 1.0
153 101 1.0
203 137 1.0
72 73 1.0
210 118 1.0
17 254 1.0
141 123 1.0
205 245 1.0
205 157 1.0
2 152 1.0
207 39 1.0
23 138 1.0
69 203 1.0
55 116 1.0
227 38 1.0
128 61 1.0
147 69 1.0
115 54 1.0
62 28 1.0
182 180 1.0
94 105 1.0
237 17 1.0
185 30 1.0
256 130 1.0
167 147 1.0
134 58 1.0
26 148 1.0
202 109 1.0
210 246 1.0
251 112 1.0
187 190 1.0
34 29 1.0
225 211 1.0
125 115 1.0
96 137 1.0
136 123 1.0
68 184 1.0
170 174 1.0
124 21 1.0
212 92 1.0
109 228 1.0
82 249 1.0
201 87 1.0
144 146 1.0
214 202 1.0
255 221 1.0
35 186 1.0
238 78 1.0
28 77 1.0
59 197 1.0
217 123 1.0
249 123 1.0
6 228 1.0
218 107 1.0
66 165 1.0
220 63 1.0
102 134 1.0
131 99 1.0
127 154 1.0
165 103 1.0
171 109 1.0
222 148 1.0
204 164 1.0
105 34 1.0
188 184 1.0
254 133 1.0
224 19 1.0
22 193 1.0
199 207 1.0
230 232 1.0
71 126 1.0
78 244 1.0
156 231 1.0
43 176 1.0
103 14 1.0
173 78 1.0
93 85 1.0
226 69 1.0
79 40 1.0
38 222 1.0
3 101 1.0
121 102 1.0
10 46 1.0
245 74 1.0
227 65 1.0
223 132 1.0
63 120 1.0
32 75 1.0
234 226 1.0
229 120 1.0
250 1 1.0
195 244 1.0
135 196 1.0
27 87 1.0
157 226 1.0
1 201 1.0
192 151 1.0
176 180 1.0
231 252 1.0
200 184 1.0
81 13 1.0
137 249 1.0
123 126 1.0
234 103 1.0
169 118 1.0
36 83 1.0
99 74 1.0
133 210 1.0
11 183 1.0
76 1 1.0
237 156 1.0
65 124 1.0
101 107 1.0
252 137 1.0
40 204 1.0
238 169 1.0
25 205 1.0
97 38 1.0
175 66 1.0
219 12 1.0
246 90 1.0
240 99 1.0
197 170 1.0
5 236 1.0
160 35 1.0
180 81 1.0
140 109 1.0
222 173 1.0
229 130 1.0
243 134 1.0
91 183 1.0
155 66 1.0
77 83 1.0
244 58 1.0
162 151 1.0
100 139 1.0
16 244 1.0
246 57 1.0
112 27 1.0
39 221 1.0
174 51 1.0
143 5 1.0
248 33 1.0
248 241 1.0
41 14 1.0
31 224 1.0
86 107 1.0
73 9 1.0
4 116 1.0
190 24 1.0
250 233 1.0
29 132 1.0
196 56 1.0
90 155 1.0
252 178 1.0
139 110 1.0
221 63 1.0
247 135 1.0
164 140 1.0
198 9 1.0
111 83 1.0
132 57 1.0
255 191 1.0
172 40 1.0
256 85 1.0
231 14 1.0
163 229 1.0
2 131 1.0
213 187 1.0
189 99 1.0
226 22 1.0
148 44 1.0
84 118 1.0
217 42 1.0
166 124 1.0
113 94 1.0
5 138 1.0
37 17 1.0
6 8 1.0
54 33 1.0
12 180 1.0
218 92 1.0
70 241 1.0
8 133 1.0
236 206 1.0
186 96 1.0
48 96 1.0
159 93 1.0
8 174 1.0
253 40 1.0
131 183 1.0
10 87 1.0
165 86 1.0
45 241 1.0
120 152 1.0
11 28 1.0
56 177 1.0
95 102 1.0
80 63 1.0
106 28 1.0
243 233 1.0
255 244 1.0
14 135 1.0
191 186 1.0
35 106 1.0
220 239 1.0
154 61 1.0
16 11 1.0
184 229 1.0
105 20 1.0
188 70 1.0
254 132 1.0
114 163 1.0
161 101 1.0
74 113 1.0
30 184 1.0
75 110 1.0
49 77 1.0
18 173 1.0
110 182 1.0
14 148 1.0
181 30 1.0
241 103 1.0
42 102 1.0
7 106 1.0
21 44 1.0
177 69 1.0
145 87 1.0
216 251 1.0
158 126 1.0
194 65 1.0
67 35 1.0
23 78 1.0
83 157 1.0
52 121 1.0
138 255 1.0
107 187 1.0
24 35 1.0
227 245 1.0
26 212 1.0
33 214 1.0
215 7 1.0
244 184 1.0
46 130 1.0
179 148 1.0
28 81 1.0
168 164 1.0
224 24 1.0
150 100 1.0
9 160 1.0
147 155 1.0
44 42 1.0
47 78 1.0
119 251 1.0
72 99 1.0
31 95 1.0
32 55 1.0
2 16 1.0
69 1 1.0
108 59 1.0
242 100 1.0
53 206 1.0
126 130 1.0
34 134 1.0
192 130 1.0
137 195 1.0
81 53 1.0
151 7 1.0
89 29 1.0
178 222 1.0
214 237 1.0
157 3 1.0
142 78 1.0
36 65 1.0
208 92 1.0
18 34 1.0
38 187 1.0
250 161 1.0
223 33 1.0
203 56 1.0
235 80 1.0
87 8 1.0
245 155 1.0
10 3 1.0
39 128 1.0
55 249 1.0
43 78 1.0
128 90 1.0
79 7 1.0
19 173 1.0
42 10 1.0
62 87 1.0
182 123 1.0
94 89 1.0
78 182 1.0
44 213 1.0
23 205 1.0
156 70 1.0
153 179 1.0
139 214 1.0
45 66 1.0
221 228 1.0
115 95 1.0
48 56 1.0
141 187 1.0
17 245 1.0
50 69 1.0
205 123 1.0
190 156 1.0
129 64 1.0
247 239 1.0
240 58 1.0
211 163 1.0
52 132 1.0
6 67 1.0
249 176 1.0
57 133 1.0
239 121 1.0
53 171 1.0
50 4 1.0
13 152 1.0
136 228 1.0
68 30 1.0
116 11 1.0
51 31 1.0
109 245 1.0
56 72 1.0
82 222 1.0
98 251 1.0
152 86 1.0
57 16 1.0
118 8 1.0
193 244 1.0
167 29 1.0
256 80 1.0
149 173 1.0
209 65 1.0
134 208 1.0
187 103 1.0
251 130 1.0
61 161 1.0
207 156 1.0
232 255 1.0
212 110 1.0
62 117 1.0
15 26 1.0
252 1 1.0
58 165 1.0
40 223 1.0
76 209 1.0
21 66 1.0
64 207 1.0
61 163 1.0
11 229 1.0
92 68 1.0
88 110 1.0
66 24 1.0
233 108 1.0
117 161 1.0
53 81 1.0
202 174 1.0
68 169 1.0
215 18 1.0
26 245 1.0
244 14 1.0
185 179 1.0
46 37 1.0
237 47 1.0
144 251 1.0
70 201 1.0
201 14 1.0
150 240 1.0
179 33 1.0
72 156 1.0
124 131 1.0
170 182 1.0
158 189 1.0
216 132 1.0
96 78 1.0
125 220 1.0
74 140 1.0
66 245 1.0
102 130 1.0
176 208 1.0
200 183 1.0
75 20 1.0
213 251 1.0
77 79 1.0
159 24 1.0
36 130 1.0
123 116 1.0
169 178 1.0
84 110 1.0
99 226 1.0
133 104 1.0
65 95 1.0
79 49 1.0
148 201 1.0
119 177 1.0
47 18 1.0
101 21 1.0
97 228 1.0
25 164 1.0
81 52 1.0
242 110 1.0
34 81 1.0
225 251 1.0
180 182 1.0
60 34 1.0
122 14 1.0
146 157 1.0
160 69 1.0
20 57 1.0
85 254 1.0
130 95 1.0
77 110 1.0
85 148 1.0
155 87 1.0
16 51 1.0
86 173 1.0
206 104 1.0
228 80 1.0
64 29 1.0
87 220 1.0
41 110 1.0
210 105 1.0
24 184 1.0
88 78 1.0
248 182 1.0
90 145 1.0
59 249 1.0
28 213 1.0
83 40 1.0
91 179 1.0
52 58 1.0
199 146 1.0
93 25 1.0
22 205 1.0
238 194 1.0
75 105 1.0
49 210 1.0
204 162 1.0
171 38 1.0
14 29 1.0
241 226 1.0
181 23 1.0
230 8 1.0
104 180 1.0
96 176 1.0
183 54 1.0
127 105 1.0
246 184 1.0
219 95 1.0
97 188 1.0
222 105 1.0
207 240 1.0
100 172 1.0
232 17 1.0
162 186 1.0
21 174 1.0
175 103 1.0
58 125 1.0
229 148 1.0
140 95 1.0
100 110 1.0
112 17 1.0
98 228 1.0
101 176 1.0
152 105 1.0
31 56 1.0
73 42 1.0
149 109 1.0
103 105 1.0
91 141 1.0
209 151 1.0
143 81 1.0
39 86 1.0
174 123 1.0
105 130 1.0
89 251 1.0
142 174 1.0
126 110 1.0
106 78 1.0
67 75 1.0
110 57 1.0
177 28 1.0
145 163 1.0
18 133 1.0
138 48 1.0
107 43 1.0
109 163 1.0
61 8 1.0
92 108 1.0
233 175 1.0
110 146 1.0
5 251 1.0
197 153 1.0
30 24 1.0
74 245 1.0
151 245 1.0
7 47 1.0
42 165 1.0
113 121 1.0
56 187 1.0
114 124 1.0
95 200 1.0
3 56 1.0
121 201 1.0
38 161 1.0
161 246 1.0
93 245 1.0
116 215 1.0
103 28 1.0
114 27 1.0
173 161 1.0
1 110 1.0
186 35 1.0
236 247 1.0
27 138 1.0
135 128 1.0
195 200 1.0
54 191 1.0
234 56 1.0
119 152 1.0
32 18 1.0
243 130 1.0
63 56 1.0
164 40 1.0
239 201 1.0
57 56 1.0
122 161 1.0
196 130 1.0
4 217 1.0
90 94 1.0
29 51 1.0
116 8 1.0
51 46 1.0
124 229 1.0
71 21 1.0
184 187 1.0
154 101 1.0
126 15 1.0
132 94 1.0
111 102 1.0
231 9 1.0
172 151 1.0
128 66 1.0
240 86 1.0
211 250 1.0
198 53 1.0
129 47 1.0
249 141 1.0
102 113 1.0
6 106 1.0
50 34 1.0
66 135 1.0
132 109 1.0
255 208 1.0
133 142 1.0
35 67 1.0
28 137 1.0
135 2 1.0
59 184 1.0
82 140 1.0
201 73 1.0
109 166 1.0
138 40 1.0
193 9 1.0
144 228 1.0
68 80 1.0
13 18 1.0
136 245 1.0
124 201 1.0
140 104 1.0
170 79 1.0
146 229 1.0
104 40 1.0
120 241 1.0
141 204 1.0
45 165 1.0
165 75 1.0
37 190 1.0
142 20 1.0
122 42 1.0
60 209 1.0
106 55 1.0
80 193 1.0
105 170 1.0
199 151 1.0
230 48 1.0
144 7 1.0
191 73 1.0
220 87 1.0
131 56 1.0
146 28 1.0
204 66 1.0
171 46 1.0
188 167 1.0
254 130 1.0
226 41 1.0
189 170 1.0
217 229 1.0
141 129 1.0
205 182 1.0
148 17 1.0
113 106 1.0
166 163 1.0
129 28 1.0
153 28 1.0
150 76 1.0
218 105 1.0
70 157 1.0
12 255 1.0
228 48 1.0
48 95 1.0
64 77 1.0
253 56 1.0
152 196 1.0
206 7 1.0
8 182 1.0
24 237 1.0
163 126 1.0
154 186 1.0
33 254 1.0
227 229 1.0
128 187 1.0
203 128 1.0
9 46 1.0
224 163 1.0
156 245 1.0
168 210 1.0
157 6 1.0
235 50 1.0
208 108 1.0
194 118 1.0
72 47 1.0
147 201 1.0
62 71 1.0
44 58 1.0
108 136 1.0
2 38 1.0
160 4 1.0
94 110 1.0
55 143 1.0
23 247 1.0
69 204 1.0
196 3 1.0
17 73 1.0
4 58 1.0
41 249 1.0
210 130 1.0
73 68 1.0
248 147 1.0
163 127 1.0
16 176 1.0
31 237 1.0
86 148 1.0
39 251 1.0
165 178 1.0
112 9 1.0
20 170 1.0
85 198 1.0
130 184 1.0
167 120 1.0
162 95 1.0
77 112 1.0
155 237 1.0
160 108 1.0
180 29 1.0
100 222 1.0
3 17 1.0
19 110 1.0
87 207 1.0
169 130 1.0
43 94 1.0
79 197 1.0
103 221 1.0
173 186 1.0
71 237 1.0
78 224 1.0
156 30 1.0
172 245 1.0
111 47 1.0
132 237 1.0
182 121 1.0
115 53 1.0
174 69 1.0
221 198 1.0
139 85 1.0
175 133 1.0
198 228 1.0
164 58 1.0
247 17 1.0
190 137 1.0
177 239 1.0
81 132 1.0
200 81 1.0
137 120 1.0
88 244 1.0
178 62 1.0
117 223 1.0
195 187 1.0
157 222 1.0
1 51 1.0
192 38 1.0
176 81 1.0
182 14 1.0
223 27 1.0
63 234 1.0
250 69 1.0
178 184 1.0
183 22 1.0
135 251 1.0
214 205 1.0
38 59 1.0
185 157 1.0
245 241 1.0
10 247 1.0
32 3 1.0
134 205 1.0
26 66 1.0
202 247 1.0
118 14 1.0
256 116 1.0
167 44 1.0
225 135 1.0
34 18 1.0
189 102 1.0
251 48 1.0
187 222 1.0
252 73 1.0
40 48 1.0
101 232 1.0
212 85 1.0
15 57 1.0
191 193 1.0
133 102 1.0
36 137 1.0
99 182 1.0
65 197 1.0
193 151 1.0
11 77 1.0
76 97 1.0
45 101 1.0
120 105 1.0
121 224 1.0
93 229 1.0
194 204 1.0
161 90 1.0
80 149 1.0
106 188 1.0
56 163 1.0
95 132 1.0
197 188 1.0
218 193 1.0
234 203 1.0
27 48 1.0
198 229 1.0
243 83 1.0
54 204 1.0
253 164 1.0
200 51 1.0
236 121 1.0
186 70 1.0
12 228 1.0
48 88 1.0
123 102 1.0
202 23 1.0
169 214 1.0
159 106 1.0
8 156 1.0
213 173 1.0
148 197 1.0
113 147 1.0
204 192 1.0
189 39 1.0
84 45 1.0
217 157 1.0
25 5 1.0
206 9 1.0
97 58 1.0
47 79 1.0
166 196 1.0
119 222 1.0
242 42 1.0
53 110 1.0
2 179 1.0
208 123 1.0
44 106 1.0
108 13 1.0
215 77 1.0
244 64 1.0
69 102 1.0
185 69 1.0
237 197 1.0
46 247 1.0
224 136 1.0
9 87 1.0
209 124 1.0
179 71 1.0
211 252 1.0
150 42 1.0
194 180 1.0
168 14 1.0
96 94 1.0
216 9 1.0
158 81 1.0
107 148 1.0
213 130 1.0
125 48 1.0
83 251 1.0
52 91 1.0
138 233 1.0
67 165 1.0
215 24 1.0
110 96 1.0
49 188 1.0
216 120 1.0
238 109 1.0
75 113 1.0
22 17 1.0
7 165 1.0
219 132 1.0
181 120 1.0
42 123 1.0
241 234 1.0
197 17 1.0
14 120 1.0
5 228 1.0
219 52 1.0
221 172 1.0
246 69 1.0
127 106 1.0
183 182 1.0
223 34 1.0
140 144 1.0
222 242 1.0
33 53 1.0
227 234 1.0
128 140 1.0
55 17 1.0
23 170 1.0
156 165 1.0
78 151 1.0
225 86 1.0
94 237 1.0
62 251 1.0
182 73 1.0
115 161 1.0
145 254 1.0
177 118 1.0
18 48 1.0
208 48 1.0
10 237 1.0
245 165 1.0
228 247 1.0
203 103 1.0
235 102 1.0
87 4 1.0
19 90 1.0
230 73 1.0
126 42 1.0
30 165 1.0
151 118 1.0
157 132 1.0
232 29 1.0
192 13 1.0
89 255 1.0
142 241 1.0
233 183 1.0
235 61 1.0
178 216 1.0
214 14 1.0
21 87 1.0
236 208 1.0
175 77 1.0
58 74 1.0
11 167 1.0
92 174 1.0
76 17 1.0
233 38 1.0
117 24 1.0
61 78 1.0
74 105 1.0
239 209 1.0
88 95 1.0
251 135 1.0
187 241 1.0
232 209 1.0
209 17 1.0
149 165 1.0
241 7 1.0
212 174 1.0
242 233 1.0
229 117 1.0
207 220 1.0
15 254 1.0
82 251 1.0
98 116 1.0
152 245 1.0
51 61 1.0
116 63 1.0
109 69 1.0
245 32 1.0
174 15 1.0
91 152 1.0
143 132 1.0
247 228 1.0
118 85 1.0
193 172 1.0
239 183 1.0
249 210 1.0
57 61 1.0
6 239 1.0
211 34 1.0
249 57 1.0
29 208 1.0
90 161 1.0
13 172 1.0
251 184 1.0
50 104 1.0
154 64 1.0
253 210 1.0
105 13 1.0
184 166 1.0
188 132 1.0
114 228 1.0
254 91 1.0
240 100 1.0
172 198 1.0
254 149 1.0
191 146 1.0
231 148 1.0
220 226 1.0
