*Vertices 256
1 "V0"
2 "V174"
3 "V233"
4 "V89"
5 "V85"
6 "V119"
7 "V178"
8 "V30"
9 "V34"
10 "V64"
11 "V208"
12 "V123"
13 "V212"
14 "V9"
15 "V68"
16 "V153"
17 "V13"
18 "V17"
19 "V157"
20 "V246"
21 "V161"
22 "V102"
23 "V250"
24 "V106"
25 "V191"
26 "V51"
27 "V47"
28 "V195"
29 "V136"
30 "V225"
31 "V229"
32 "V140"
33 "V81"
34 "V22"
35 "V26"
36 "V255"
37 "V170"
38 "V111"
39 "V200"
40 "V115"
41 "V60"
42 "V56"
43 "V204"
44 "V145"
45 "V234"
46 "V5"
47 "V238"
48 "V1"
49 "V149"
50 "V90"
51 "V183"
52 "V242"
53 "V98"
54 "V94"
55 "V128"
56 "V187"
57 "V43"
58 "V39"
59 "V73"
60 "V217"
61 "V132"
62 "V221"
63 "V18"
64 "V77"
65 "V162"
66 "V166"
67 "V196"
68 "V137"
69 "V52"
70 "V48"
71 "V251"
72 "V192"
73 "V107"
74 "V103"
75 "V27"
76 "V86"
77 "V171"
78 "V175"
79 "V82"
80 "V141"
81 "V226"
82 "V230"
83 "V120"
84 "V209"
85 "V124"
86 "V31"
87 "V35"
88 "V179"
89 "V243"
90 "V14"
91 "V247"
92 "V10"
93 "V158"
94 "V99"
95 "V65"
96 "V213"
97 "V69"
98 "V154"
99 "V133"
100 "V218"
101 "V40"
102 "V44"
103 "V129"
104 "V188"
105 "V252"
106 "V19"
107 "V167"
108 "V23"
109 "V108"
110 "V74"
111 "V222"
112 "V78"
113 "V163"
114 "V205"
115 "V146"
116 "V61"
117 "V57"
118 "V201"
119 "V116"
120 "V112"
121 "V36"
122 "V95"
123 "V180"
124 "V184"
125 "V91"
126 "V150"
127 "V235"
128 "V6"
129 "V239"
130 "V2"
131 "V159"
132 "V100"
133 "V11"
134 "V248"
135 "V244"
136 "V15"
137 "V104"
138 "V45"
139 "V193"
140 "V189"
141 "V210"
142 "V121"
143 "V125"
144 "V155"
145 "V214"
146 "V66"
147 "V70"
148 "V87"
149 "V172"
150 "V231"
151 "V28"
152 "V32"
153 "V117"
154 "V176"
155 "V49"
156 "V53"
157 "V197"
158 "V138"
159 "V227"
160 "V142"
161 "V83"
162 "V96"
163 "V181"
164 "V240"
165 "V37"
166 "V41"
167 "V126"
168 "V185"
169 "V58"
170 "V62"
171 "V206"
172 "V147"
173 "V7"
174 "V3"
175 "V236"
176 "V151"
177 "V92"
178 "V168"
179 "V109"
180 "V20"
181 "V253"
182 "V24"
183 "V113"
184 "V54"
185 "V202"
186 "V198"
187 "V219"
188 "V130"
189 "V134"
190 "V164"
191 "V223"
192 "V75"
193 "V79"
194 "V63"
195 "V122"
196 "V211"
197 "V207"
198 "V118"
199 "V177"
200 "V29"
201 "V33"
202 "V173"
203 "V232"
204 "V84"
205 "V88"
206 "V228"
207 "V143"
208 "V139"
209 "V50"
210 "V135"
211 "V194"
212 "V190"
213 "V105"
214 "V46"
215 "V249"
216 "V16"
217 "V12"
218 "V245"
219 "V160"
220 "V101"
221 "V71"
222 "V67"
223 "V215"
224 "V156"
225 "V144"
226 "V59"
227 "V203"
228 "V199"
229 "V114"
230 "V55"
231 "V25"
232 "V21"
233 "V254"
234 "V169"
235 "V110"
236 "V76"
237 "V80"
238 "V224"
239 "V165"
240 "V72"
241 "V131"
242 "V220"
243 "V216"
244 "V127"
245 "V186"
246 "V38"
247 "V42"
248 "V182"
249 "V241"
250 "V93"
251 "V97"
252 "V237"
253 "V152"
254 "V8"
255 "V148"
256 "V4"
*Arcs
209 1 1.0
205 70 1.0
195 143 1.0
136 251 1.0
198 18 1.0
169 202 1.0
84 191 1.0
121 15 1.0
189 207 1.0
186 40 1.0
147 121 1.0
237 72 1.0
3 89 1.0
75 76 1.0
81 65 1.0
6 13 1.0
230 128 1.0
208 230 1.0
98 241 1.0
182 137 1.0
189 163 1.0
18 150 1.0
92 192 1.0
143 231 1.0
27 126 1.0
166 105 1.0
36 142 1.0
52 228 1.0
53 177 1.0
183 57 1.0
20 178 1.0
151 17 1.0
165 208 1.0
233 187 1.0
128 38 1.0
3 194 1.0
252 104 1.0
167 152 1.0
27 93 1.0
16 47 1.0
232 79 1.0
19 130 1.0
114 244 1.0
199 197 1.0
211 94 1.0
93 209 1.0
183 154 1.0
116 180 1.0
95 115 1.0
253 81 1.0
197 20 1.0
152 58 1.0
106 239 1.0
164 153 1.0
24 221 1.0
207 28 1.0
200 226 1.0
181 51 1.0
32 205 1.0
105 254 1.0
23 99 1.0
218 96 1.0
47 64 1.0
118 185 1.0
20 24 1.0
163 75 1.0
216 16 1.0
94 3 1.0
118 122 1.0
245 136 1.0
123 111 1.0
178 36 1.0
157 214 1.0
70 85 1.0
142 77 1.0
115 183 1.0
174 87 1.0
67 249 1.0
21 146 1.0
9 160 1.0
233 212 1.0
36 156 1.0
136 188 1.0
121 88 1.0
38 204 1.0
60 256 1.0
17 21 1.0
228 141 1.0
219 59 1.0
175 255 1.0
151 186 1.0
210 22 1.0
237 108 1.0
28 206 1.0
255 50 1.0
65 107 1.0
239 60 1.0
101 23 1.0
28 83 1.0
186 166 1.0
156 237 1.0
192 8 1.0
108 224 1.0
256 48 1.0
204 167 1.0
168 114 1.0
210 133 1.0
102 170 1.0
70 68 1.0
163 179 1.0
68 245 1.0
121 175 1.0
74 119 1.0
195 139 1.0
169 148 1.0
146 165 1.0
61 113 1.0
201 218 1.0
113 251 1.0
46 155 1.0
42 2 1.0
15 97 1.0
251 63 1.0
250 225 1.0
212 238 1.0
154 35 1.0
66 176 1.0
201 203 1.0
149 192 1.0
185 195 1.0
156 118 1.0
221 173 1.0
142 61 1.0
17 96 1.0
59 213 1.0
124 42 1.0
55 248 1.0
90 95 1.0
212 140 1.0
136 120 1.0
57 201 1.0
183 131 1.0
146 164 1.0
137 181 1.0
12 102 1.0
217 37 1.0
118 250 1.0
228 17 1.0
35 32 1.0
159 242 1.0
183 240 1.0
119 67 1.0
203 132 1.0
194 232 1.0
121 172 1.0
21 159 1.0
132 26 1.0
218 55 1.0
165 199 1.0
155 161 1.0
119 174 1.0
254 84 1.0
175 73 1.0
141 151 1.0
211 45 1.0
126 41 1.0
95 210 1.0
211 124 1.0
27 4 1.0
105 14 1.0
46 223 1.0
112 134 1.0
216 6 1.0
196 58 1.0
20 239 1.0
219 222 1.0
173 18 1.0
100 160 1.0
241 162 1.0
154 149 1.0
61 191 1.0
241 27 1.0
36 85 1.0
127 112 1.0
19 98 1.0
113 227 1.0
55 74 1.0
39 123 1.0
184 82 1.0
149 46 1.0
140 184 1.0
182 241 1.0
100 196 1.0
189 5 1.0
184 65 1.0
247 40 1.0
252 87 1.0
234 25 1.0
26 89 1.0
55 235 1.0
153 194 1.0
25 56 1.0
245 86 1.0
6 19 1.0
131 252 1.0
254 33 1.0
23 48 1.0
232 244 1.0
48 197 1.0
247 209 1.0
176 78 1.0
153 110 1.0
161 182 1.0
190 49 1.0
210 71 1.0
225 142 1.0
158 228 1.0
191 125 1.0
78 247 1.0
184 178 1.0
4 217 1.0
148 158 1.0
79 187 1.0
133 169 1.0
198 51 1.0
174 24 1.0
198 75 1.0
144 253 1.0
216 3 1.0
24 64 1.0
122 185 1.0
125 233 1.0
13 138 1.0
143 12 1.0
139 37 1.0
181 53 1.0
167 106 1.0
250 44 1.0
219 30 1.0
183 147 1.0
20 211 1.0
54 20 1.0
10 153 1.0
21 246 1.0
80 190 1.0
58 205 1.0
109 254 1.0
236 99 1.0
167 96 1.0
96 220 1.0
172 34 1.0
170 7 1.0
76 206 1.0
244 256 1.0
67 69 1.0
227 103 1.0
6 215 1.0
50 83 1.0
220 166 1.0
147 157 1.0
69 59 1.0
128 255 1.0
216 146 1.0
16 80 1.0
225 212 1.0
110 122 1.0
67 90 1.0
9 111 1.0
216 204 1.0
205 219 1.0
3 84 1.0
121 183 1.0
167 9 1.0
114 164 1.0
193 251 1.0
176 70 1.0
144 202 1.0
234 1 1.0
197 143 1.0
138 114 1.0
133 119 1.0
4 15 1.0
98 72 1.0
7 18 1.0
150 207 1.0
201 238 1.0
106 133 1.0
99 116 1.0
138 29 1.0
111 4 1.0
67 66 1.0
119 243 1.0
43 193 1.0
25 200 1.0
172 144 1.0
71 109 1.0
37 168 1.0
21 127 1.0
63 250 1.0
15 17 1.0
202 208 1.0
194 242 1.0
15 10 1.0
200 140 1.0
95 192 1.0
4 195 1.0
55 39 1.0
241 105 1.0
14 102 1.0
204 234 1.0
211 137 1.0
254 42 1.0
23 163 1.0
128 35 1.0
212 126 1.0
204 150 1.0
183 121 1.0
86 113 1.0
241 135 1.0
229 76 1.0
160 128 1.0
254 61 1.0
163 13 1.0
154 205 1.0
156 14 1.0
29 239 1.0
116 145 1.0
228 226 1.0
68 189 1.0
184 124 1.0
127 221 1.0
179 115 1.0
89 28 1.0
177 91 1.0
57 198 1.0
99 58 1.0
71 209 1.0
214 55 1.0
219 154 1.0
75 132 1.0
120 180 1.0
201 159 1.0
205 38 1.0
185 152 1.0
208 93 1.0
74 129 1.0
66 79 1.0
128 174 1.0
8 11 1.0
184 46 1.0
143 188 1.0
15 196 1.0
202 204 1.0
244 87 1.0
202 21 1.0
143 229 1.0
92 25 1.0
201 52 1.0
147 222 1.0
148 216 1.0
193 160 1.0
71 122 1.0
46 149 1.0
127 111 1.0
108 27 1.0
110 85 1.0
156 112 1.0
207 16 1.0
57 227 1.0
5 73 1.0
111 75 1.0
139 3 1.0
224 237 1.0
247 48 1.0
172 167 1.0
136 171 1.0
32 8 1.0
65 224 1.0
134 175 1.0
46 235 1.0
113 170 1.0
150 245 1.0
218 133 1.0
212 68 1.0
87 100 1.0
96 23 1.0
3 50 1.0
256 247 1.0
139 107 1.0
52 83 1.0
25 186 1.0
1 110 1.0
61 108 1.0
38 49 1.0
225 31 1.0
238 22 1.0
63 184 1.0
96 88 1.0
80 54 1.0
254 90 1.0
67 62 1.0
36 181 1.0
116 138 1.0
31 195 1.0
117 37 1.0
5 120 1.0
51 201 1.0
83 164 1.0
119 95 1.0
207 32 1.0
252 140 1.0
134 174 1.0
81 26 1.0
95 103 1.0
237 161 1.0
81 131 1.0
73 84 1.0
37 240 1.0
107 232 1.0
53 172 1.0
169 220 1.0
38 199 1.0
227 159 1.0
216 53 1.0
243 63 1.0
124 225 1.0
117 30 1.0
73 155 1.0
92 78 1.0
190 119 1.0
145 165 1.0
56 113 1.0
208 218 1.0
131 97 1.0
245 139 1.0
57 117 1.0
100 61 1.0
37 248 1.0
6 148 1.0
8 254 1.0
27 96 1.0
167 236 1.0
34 253 1.0
228 118 1.0
202 213 1.0
47 35 1.0
189 203 1.0
229 40 1.0
14 15 1.0
36 25 1.0
138 121 1.0
140 65 1.0
124 89 1.0
71 5 1.0
75 128 1.0
94 241 1.0
177 13 1.0
87 230 1.0
54 163 1.0
196 74 1.0
67 182 1.0
46 126 1.0
178 82 1.0
212 110 1.0
13 228 1.0
127 71 1.0
155 57 1.0
185 142 1.0
72 178 1.0
230 177 1.0
67 217 1.0
60 158 1.0
118 187 1.0
219 134 1.0
88 6 1.0
185 67 1.0
189 4 1.0
142 101 1.0
10 66 1.0
241 92 1.0
102 116 1.0
255 210 1.0
202 223 1.0
49 109 1.0
18 168 1.0
87 193 1.0
108 200 1.0
221 144 1.0
135 45 1.0
97 143 1.0
42 43 1.0
197 162 1.0
256 70 1.0
130 202 1.0
33 18 1.0
94 207 1.0
168 191 1.0
107 233 1.0
210 214 1.0
238 12 1.0
37 185 1.0
163 64 1.0
175 253 1.0
51 24 1.0
107 75 1.0
77 51 1.0
116 3 1.0
140 254 1.0
62 169 1.0
60 99 1.0
112 204 1.0
223 9 1.0
100 219 1.0
177 183 1.0
139 212 1.0
12 249 1.0
61 146 1.0
121 136 1.0
105 80 1.0
210 122 1.0
112 77 1.0
244 111 1.0
4 209 1.0
161 244 1.0
101 154 1.0
72 33 1.0
177 130 1.0
97 197 1.0
104 235 1.0
182 152 1.0
135 19 1.0
106 47 1.0
163 194 1.0
208 104 1.0
74 205 1.0
140 190 1.0
113 96 1.0
126 20 1.0
93 153 1.0
145 246 1.0
165 221 1.0
63 115 1.0
40 28 1.0
12 94 1.0
130 180 1.0
76 81 1.0
119 251 1.0
10 63 1.0
155 225 1.0
24 238 1.0
105 15 1.0
165 139 1.0
130 237 1.0
171 1 1.0
203 143 1.0
207 114 1.0
135 70 1.0
256 2 1.0
237 42 1.0
112 61 1.0
169 248 1.0
86 213 1.0
167 35 1.0
25 150 1.0
240 119 1.0
206 121 1.0
40 113 1.0
228 135 1.0
174 148 1.0
34 173 1.0
233 13 1.0
81 34 1.0
65 255 1.0
208 206 1.0
66 83 1.0
220 59 1.0
47 157 1.0
124 256 1.0
215 103 1.0
15 141 1.0
35 22 1.0
223 156 1.0
159 7 1.0
176 179 1.0
30 116 1.0
136 245 1.0
254 8 1.0
238 144 1.0
233 127 1.0
127 215 1.0
172 166 1.0
50 107 1.0
42 50 1.0
73 133 1.0
203 29 1.0
148 60 1.0
76 151 1.0
53 98 1.0
38 45 1.0
154 73 1.0
236 41 1.0
158 124 1.0
10 162 1.0
146 27 1.0
143 149 1.0
113 112 1.0
255 85 1.0
44 227 1.0
62 91 1.0
248 198 1.0
59 67 1.0
58 240 1.0
181 180 1.0
48 172 1.0
163 14 1.0
228 189 1.0
168 145 1.0
14 4 1.0
163 58 1.0
56 239 1.0
165 161 1.0
87 131 1.0
149 11 1.0
239 38 1.0
231 201 1.0
157 129 1.0
32 132 1.0
89 154 1.0
177 159 1.0
193 174 1.0
221 26 1.0
56 55 1.0
155 181 1.0
58 102 1.0
99 195 1.0
119 192 1.0
95 176 1.0
203 39 1.0
228 10 1.0
141 208 1.0
160 140 1.0
189 250 1.0
37 17 1.0
145 234 1.0
176 242 1.0
88 155 1.0
171 167 1.0
169 78 1.0
239 53 1.0
102 106 1.0
244 30 1.0
86 147 1.0
48 44 1.0
207 211 1.0
41 20 1.0
246 153 1.0
85 246 1.0
16 125 1.0
15 217 1.0
107 100 1.0
57 194 1.0
1 158 1.0
29 56 1.0
42 235 1.0
247 86 1.0
204 252 1.0
43 237 1.0
11 48 1.0
216 19 1.0
103 171 1.0
161 184 1.0
153 123 1.0
156 74 1.0
136 182 1.0
225 49 1.0
200 82 1.0
221 110 1.0
33 228 1.0
50 71 1.0
229 142 1.0
109 247 1.0
232 178 1.0
211 216 1.0
51 160 1.0
240 191 1.0
256 40 1.0
126 222 1.0
220 25 1.0
7 87 1.0
18 65 1.0
249 52 1.0
102 5 1.0
210 46 1.0
105 188 1.0
131 196 1.0
237 116 1.0
205 168 1.0
104 4 1.0
218 92 1.0
163 210 1.0
151 243 1.0
205 215 1.0
102 166 1.0
85 66 1.0
191 6 1.0
1 59 1.0
108 157 1.0
26 34 1.0
28 172 1.0
133 206 1.0
19 220 1.0
19 69 1.0
249 199 1.0
194 256 1.0
126 103 1.0
202 84 1.0
65 161 1.0
184 9 1.0
58 219 1.0
126 164 1.0
113 120 1.0
53 212 1.0
233 95 1.0
6 90 1.0
230 80 1.0
1 111 1.0
63 122 1.0
229 138 1.0
49 37 1.0
112 233 1.0
95 12 1.0
147 185 1.0
58 64 1.0
251 75 1.0
142 253 1.0
175 213 1.0
35 51 1.0
242 203 1.0
148 254 1.0
211 117 1.0
46 99 1.0
11 148 1.0
229 190 1.0
53 96 1.0
73 79 1.0
251 93 1.0
202 130 1.0
139 209 1.0
128 55 1.0
139 197 1.0
108 10 1.0
214 17 1.0
251 208 1.0
201 38 1.0
212 152 1.0
218 104 1.0
58 129 1.0
194 105 1.0
141 57 1.0
34 195 1.0
139 177 1.0
90 234 1.0
8 242 1.0
76 137 1.0
131 231 1.0
34 150 1.0
106 192 1.0
24 126 1.0
90 39 1.0
58 76 1.0
125 128 1.0
126 13 1.0
49 230 1.0
72 241 1.0
51 163 1.0
169 15 1.0
24 72 1.0
127 40 1.0
33 121 1.0
164 65 1.0
101 135 1.0
213 70 1.0
49 143 1.0
143 202 1.0
201 251 1.0
61 18 1.0
219 207 1.0
249 191 1.0
243 109 1.0
24 200 1.0
188 144 1.0
50 127 1.0
38 193 1.0
109 1 1.0
245 43 1.0
13 179 1.0
74 8 1.0
190 175 1.0
148 170 1.0
207 68 1.0
212 245 1.0
163 50 1.0
219 133 1.0
96 60 1.0
143 23 1.0
111 83 1.0
171 166 1.0
202 107 1.0
142 97 1.0
144 225 1.0
154 251 1.0
109 63 1.0
137 2 1.0
63 30 1.0
180 48 1.0
216 155 1.0
74 167 1.0
125 237 1.0
200 224 1.0
203 114 1.0
5 213 1.0
29 248 1.0
156 203 1.0
139 173 1.0
111 42 1.0
210 61 1.0
147 148 1.0
255 113 1.0
201 96 1.0
120 119 1.0
68 165 1.0
207 139 1.0
247 218 1.0
13 17 1.0
59 32 1.0
86 62 1.0
9 54 1.0
145 102 1.0
90 37 1.0
198 181 1.0
196 195 1.0
22 118 1.0
252 192 1.0
62 35 1.0
228 176 1.0
256 91 1.0
218 153 1.0
67 28 1.0
144 205 1.0
237 58 1.0
165 239 1.0
141 94 1.0
241 154 1.0
71 81 1.0
178 221 1.0
125 180 1.0
94 115 1.0
139 75 1.0
42 16 1.0
153 3 1.0
135 64 1.0
184 85 1.0
130 227 1.0
232 14 1.0
231 189 1.0
121 145 1.0
108 73 1.0
97 226 1.0
200 124 1.0
63 229 1.0
96 146 1.0
130 25 1.0
122 87 1.0
79 21 1.0
60 249 1.0
196 36 1.0
135 214 1.0
145 77 1.0
30 122 1.0
60 136 1.0
214 160 1.0
43 111 1.0
67 22 1.0
54 108 1.0
214 49 1.0
47 206 1.0
114 59 1.0
38 186 1.0
208 204 1.0
127 256 1.0
138 188 1.0
159 141 1.0
14 184 1.0
198 88 1.0
219 74 1.0
176 182 1.0
250 82 1.0
91 184 1.0
102 241 1.0
23 123 1.0
176 71 1.0
66 142 1.0
233 247 1.0
98 110 1.0
77 49 1.0
144 228 1.0
68 194 1.0
55 217 1.0
115 158 1.0
166 177 1.0
225 178 1.0
80 187 1.0
172 33 1.0
150 86 1.0
2 19 1.0
98 235 1.0
71 56 1.0
96 252 1.0
220 94 1.0
110 209 1.0
43 78 1.0
106 130 1.0
57 244 1.0
216 197 1.0
162 153 1.0
128 28 1.0
255 147 1.0
154 106 1.0
186 44 1.0
173 81 1.0
49 254 1.0
248 99 1.0
29 96 1.0
83 20 1.0
95 205 1.0
199 246 1.0
113 190 1.0
172 75 1.0
37 253 1.0
101 3 1.0
92 24 1.0
156 169 1.0
83 51 1.0
155 120 1.0
9 95 1.0
60 140 1.0
21 201 1.0
208 131 1.0
76 164 1.0
15 161 1.0
77 174 1.0
174 103 1.0
41 84 1.0
134 132 1.0
131 26 1.0
226 199 1.0
237 232 1.0
59 172 1.0
168 159 1.0
79 6 1.0
68 240 1.0
199 67 1.0
85 134 1.0
166 101 1.0
182 66 1.0
192 4 1.0
173 92 1.0
59 210 1.0
54 223 1.0
242 41 1.0
135 124 1.0
236 109 1.0
20 151 1.0
30 98 1.0
242 45 1.0
1 193 1.0
175 227 1.0
45 27 1.0
232 143 1.0
145 149 1.0
126 162 1.0
226 18 1.0
19 191 1.0
77 222 1.0
254 207 1.0
114 25 1.0
116 40 1.0
86 121 1.0
204 89 1.0
39 5 1.0
256 128 1.0
239 65 1.0
165 13 1.0
138 250 1.0
17 102 1.0
85 234 1.0
145 105 1.0
177 195 1.0
248 39 1.0
50 192 1.0
152 35 1.0
249 126 1.0
83 150 1.0
127 137 1.0
254 248 1.0
7 128 1.0
63 42 1.0
232 61 1.0
118 13 1.0
228 76 1.0
148 113 1.0
246 119 1.0
167 121 1.0
47 72 1.0
219 135 1.0
153 15 1.0
89 18 1.0
106 225 1.0
158 91 1.0
188 198 1.0
44 58 1.0
207 239 1.0
252 221 1.0
90 67 1.0
22 132 1.0
104 180 1.0
37 115 1.0
230 159 1.0
36 209 1.0
81 154 1.0
124 79 1.0
209 174 1.0
144 55 1.0
6 11 1.0
145 152 1.0
144 93 1.0
115 129 1.0
167 38 1.0
85 10 1.0
33 140 1.0
94 17 1.0
168 208 1.0
204 242 1.0
254 156 1.0
243 103 1.0
239 7 1.0
3 220 1.0
176 34 1.0
59 255 1.0
250 206 1.0
155 183 1.0
19 9 1.0
225 219 1.0
10 249 1.0
214 204 1.0
234 256 1.0
14 141 1.0
24 122 1.0
206 90 1.0
2 80 1.0
229 111 1.0
236 146 1.0
21 212 1.0
172 64 1.0
77 12 1.0
153 185 1.0
98 233 1.0
232 214 1.0
231 77 1.0
78 1 1.0
163 70 1.0
242 143 1.0
33 251 1.0
56 202 1.0
138 238 1.0
193 179 1.0
3 200 1.0
163 127 1.0
150 193 1.0
16 144 1.0
237 114 1.0
82 4 1.0
101 133 1.0
134 243 1.0
172 116 1.0
154 29 1.0
212 168 1.0
95 59 1.0
80 157 1.0
39 215 1.0
189 83 1.0
179 166 1.0
136 107 1.0
175 165 1.0
187 113 1.0
78 218 1.0
187 119 1.0
202 97 1.0
34 211 1.0
211 213 1.0
229 117 1.0
223 248 1.0
225 148 1.0
147 254 1.0
105 61 1.0
147 96 1.0
205 48 1.0
202 167 1.0
151 171 1.0
123 237 1.0
253 8 1.0
191 224 1.0
134 63 1.0
39 225 1.0
97 30 1.0
194 53 1.0
225 155 1.0
247 78 1.0
50 120 1.0
233 201 1.0
92 219 1.0
61 164 1.0
111 95 1.0
156 212 1.0
235 69 1.0
74 103 1.0
77 199 1.0
44 161 1.0
233 174 1.0
167 84 1.0
139 236 1.0
128 12 1.0
20 118 1.0
108 75 1.0
251 253 1.0
202 203 1.0
163 54 1.0
147 90 1.0
173 80 1.0
82 62 1.0
26 233 1.0
33 138 1.0
132 37 1.0
87 27 1.0
210 85 1.0
184 149 1.0
87 162 1.0
126 216 1.0
180 191 1.0
76 222 1.0
251 160 1.0
87 25 1.0
228 229 1.0
115 87 1.0
5 52 1.0
140 205 1.0
193 14 1.0
140 189 1.0
55 145 1.0
249 226 1.0
192 124 1.0
55 73 1.0
57 151 1.0
13 16 1.0
150 3 1.0
244 112 1.0
204 227 1.0
230 71 1.0
15 142 1.0
155 247 1.0
62 186 1.0
87 125 1.0
127 107 1.0
153 100 1.0
127 170 1.0
151 217 1.0
3 68 1.0
216 235 1.0
23 245 1.0
95 252 1.0
218 204 1.0
248 21 1.0
76 196 1.0
195 46 1.0
240 184 1.0
171 188 1.0
127 22 1.0
191 108 1.0
121 123 1.0
127 31 1.0
136 110 1.0
143 49 1.0
174 226 1.0
164 99 1.0
47 51 1.0
45 24 1.0
149 75 1.0
53 3 1.0
228 20 1.0
81 153 1.0
256 58 1.0
145 190 1.0
195 205 1.0
82 254 1.0
196 96 1.0
228 122 1.0
239 136 1.0
158 111 1.0
160 146 1.0
201 160 1.0
82 212 1.0
62 64 1.0
136 16 1.0
104 185 1.0
244 36 1.0
224 214 1.0
9 85 1.0
119 77 1.0
211 235 1.0
150 194 1.0
13 104 1.0
201 152 1.0
57 93 1.0
24 47 1.0
256 105 1.0
4 177 1.0
120 57 1.0
243 178 1.0
217 17 1.0
86 208 1.0
20 187 1.0
140 94 1.0
247 180 1.0
165 115 1.0
255 81 1.0
4 221 1.0
241 28 1.0
82 33 1.0
120 130 1.0
167 244 1.0
162 197 1.0
224 209 1.0
38 154 1.0
108 76 1.0
95 121 1.0
84 65 1.0
163 40 1.0
112 72 1.0
191 89 1.0
35 15 1.0
251 18 1.0
188 207 1.0
91 162 1.0
230 202 1.0
43 191 1.0
218 142 1.0
164 228 1.0
82 110 1.0
152 231 1.0
86 126 1.0
52 82 1.0
150 74 1.0
29 230 1.0
74 163 1.0
209 128 1.0
109 241 1.0
183 13 1.0
98 4 1.0
248 92 1.0
192 66 1.0
175 223 1.0
124 134 1.0
56 6 1.0
126 101 1.0
25 240 1.0
143 172 1.0
145 67 1.0
161 220 1.0
227 232 1.0
91 159 1.0
10 70 1.0
94 143 1.0
41 193 1.0
205 144 1.0
83 43 1.0
104 109 1.0
156 200 1.0
209 127 1.0
226 116 1.0
131 210 1.0
8 168 1.0
53 26 1.0
243 55 1.0
23 154 1.0
185 132 1.0
42 232 1.0
241 159 1.0
116 240 1.0
200 172 1.0
179 67 1.0
35 134 1.0
1 6 1.0
212 58 1.0
246 4 1.0
30 239 1.0
174 223 1.0
39 14 1.0
49 41 1.0
155 210 1.0
11 73 1.0
12 151 1.0
219 124 1.0
255 45 1.0
124 112 1.0
144 98 1.0
88 42 1.0
167 248 1.0
42 213 1.0
78 35 1.0
160 176 1.0
89 150 1.0
234 192 1.0
231 118 1.0
194 181 1.0
183 102 1.0
168 195 1.0
254 37 1.0
211 250 1.0
199 17 1.0
135 208 1.0
56 242 1.0
174 95 1.0
107 140 1.0
215 38 1.0
246 201 1.0
169 131 1.0
36 129 1.0
57 161 1.0
38 174 1.0
227 11 1.0
166 237 1.0
97 8 1.0
180 224 1.0
200 175 1.0
88 179 1.0
24 245 1.0
224 251 1.0
256 155 1.0
69 2 1.0
45 1 1.0
33 167 1.0
144 114 1.0
122 119 1.0
75 97 1.0
26 139 1.0
110 63 1.0
193 225 1.0
158 238 1.0
87 148 1.0
165 173 1.0
137 61 1.0
14 96 1.0
194 165 1.0
12 113 1.0
249 135 1.0
179 204 1.0
129 219 1.0
115 141 1.0
68 183 1.0
23 9 1.0
149 249 1.0
94 22 1.0
200 88 1.0
88 206 1.0
39 256 1.0
203 156 1.0
17 188 1.0
246 23 1.0
212 83 1.0
18 186 1.0
44 59 1.0
222 108 1.0
111 255 1.0
241 133 1.0
151 170 1.0
138 68 1.0
208 60 1.0
225 50 1.0
163 166 1.0
19 107 1.0
119 215 1.0
148 83 1.0
26 157 1.0
141 4 1.0
76 166 1.0
2 66 1.0
199 220 1.0
75 7 1.0
79 206 1.0
138 59 1.0
29 34 1.0
249 172 1.0
2 161 1.0
79 219 1.0
62 84 1.0
24 256 1.0
25 69 1.0
25 103 1.0
14 146 1.0
172 80 1.0
29 212 1.0
196 120 1.0
38 9 1.0
163 164 1.0
50 233 1.0
212 138 1.0
74 12 1.0
147 122 1.0
88 90 1.0
140 37 1.0
35 111 1.0
20 213 1.0
120 75 1.0
128 3 1.0
94 64 1.0
176 253 1.0
177 185 1.0
14 205 1.0
137 254 1.0
6 96 1.0
218 117 1.0
110 99 1.0
38 51 1.0
50 147 1.0
159 211 1.0
76 20 1.0
116 153 1.0
160 246 1.0
198 190 1.0
23 53 1.0
116 106 1.0
237 44 1.0
176 30 1.0
175 155 1.0
132 78 1.0
47 237 1.0
52 48 1.0
215 167 1.0
1 197 1.0
131 86 1.0
64 19 1.0
253 252 1.0
74 235 1.0
109 194 1.0
21 56 1.0
104 125 1.0
148 217 1.0
70 158 1.0
194 187 1.0
99 71 1.0
19 247 1.0
8 178 1.0
158 142 1.0
235 110 1.0
198 228 1.0
192 182 1.0
131 49 1.0
26 82 1.0
94 74 1.0
149 184 1.0
104 123 1.0
160 46 1.0
18 241 1.0
118 196 1.0
137 5 1.0
159 87 1.0
209 65 1.0
58 40 1.0
107 25 1.0
87 89 1.0
131 222 1.0
60 216 1.0
39 160 1.0
76 162 1.0
2 149 1.0
179 191 1.0
235 27 1.0
187 85 1.0
65 227 1.0
73 229 1.0
14 25 1.0
176 204 1.0
83 87 1.0
107 21 1.0
254 52 1.0
1 46 1.0
142 188 1.0
146 196 1.0
242 22 1.0
217 184 1.0
13 88 1.0
136 112 1.0
60 75 1.0
195 16 1.0
59 85 1.0
246 227 1.0
249 122 1.0
92 27 1.0
31 77 1.0
87 222 1.0
214 216 1.0
95 160 1.0
203 111 1.0
148 91 1.0
254 198 1.0
94 58 1.0
149 205 1.0
226 239 1.0
226 145 1.0
166 14 1.0
212 226 1.0
137 189 1.0
204 73 1.0
155 124 1.0
190 3 1.0
144 79 1.0
48 174 1.0
99 93 1.0
62 197 1.0
215 209 1.0
246 55 1.0
16 154 1.0
256 132 1.0
24 180 1.0
256 159 1.0
159 221 1.0
213 115 1.0
3 28 1.0
92 250 1.0
95 17 1.0
70 242 1.0
220 105 1.0
52 57 1.0
102 195 1.0
57 234 1.0
95 38 1.0
39 152 1.0
250 129 1.0
166 10 1.0
49 208 1.0
92 140 1.0
129 230 1.0
145 163 1.0
137 76 1.0
119 128 1.0
159 241 1.0
107 13 1.0
138 192 1.0
226 39 1.0
88 137 1.0
62 231 1.0
119 126 1.0
57 150 1.0
199 18 1.0
107 207 1.0
180 238 1.0
146 251 1.0
160 70 1.0
126 202 1.0
250 121 1.0
46 113 1.0
235 135 1.0
129 40 1.0
59 15 1.0
158 72 1.0
175 109 1.0
120 116 1.0
122 168 1.0
1 133 1.0
181 210 1.0
22 243 1.0
163 193 1.0
65 1 1.0
25 143 1.0
164 43 1.0
144 200 1.0
44 144 1.0
98 127 1.0
156 177 1.0
255 217 1.0
157 187 1.0
176 194 1.0
139 158 1.0
170 104 1.0
88 110 1.0
196 228 1.0
100 71 1.0
121 57 1.0
248 142 1.0
124 178 1.0
35 230 1.0
97 163 1.0
141 74 1.0
202 182 1.0
23 49 1.0
12 82 1.0
102 121 1.0
202 65 1.0
131 89 1.0
45 5 1.0
232 128 1.0
54 241 1.0
64 13 1.0
64 205 1.0
78 190 1.0
225 96 1.0
37 254 1.0
207 169 1.0
114 99 1.0
151 221 1.0
91 44 1.0
68 20 1.0
207 153 1.0
157 246 1.0
204 28 1.0
57 130 1.0
5 209 1.0
240 244 1.0
195 94 1.0
157 106 1.0
252 78 1.0
33 81 1.0
77 235 1.0
180 152 1.0
48 47 1.0
248 33 1.0
150 19 1.0
117 197 1.0
116 204 1.0
163 256 1.0
31 103 1.0
151 141 1.0
25 9 1.0
118 219 1.0
162 249 1.0
10 183 1.0
74 146 1.0
25 212 1.0
217 136 1.0
252 80 1.0
153 111 1.0
198 122 1.0
27 214 1.0
64 77 1.0
219 233 1.0
186 12 1.0
80 185 1.0
190 64 1.0
239 75 1.0
31 253 1.0
154 24 1.0
210 51 1.0
156 3 1.0
105 193 1.0
157 1 1.0
244 114 1.0
207 179 1.0
135 200 1.0
56 144 1.0
175 127 1.0
227 116 1.0
71 168 1.0
230 50 1.0
95 133 1.0
30 29 1.0
15 60 1.0
145 215 1.0
68 166 1.0
26 107 1.0
207 83 1.0
94 59 1.0
185 157 1.0
212 34 1.0
125 255 1.0
235 206 1.0
1 22 1.0
98 156 1.0
186 7 1.0
235 170 1.0
81 245 1.0
20 179 1.0
85 8 1.0
131 224 1.0
197 175 1.0
255 237 1.0
101 48 1.0
17 171 1.0
24 155 1.0
55 167 1.0
98 2 1.0
213 108 1.0
146 49 1.0
167 31 1.0
249 83 1.0
215 59 1.0
16 186 1.0
67 23 1.0
111 166 1.0
78 107 1.0
187 50 1.0
141 133 1.0
124 68 1.0
134 60 1.0
201 117 1.0
124 61 1.0
113 248 1.0
253 213 1.0
127 35 1.0
120 203 1.0
148 236 1.0
14 253 1.0
12 118 1.0
104 181 1.0
246 138 1.0
191 195 1.0
48 53 1.0
126 63 1.0
37 225 1.0
57 30 1.0
253 97 1.0
248 139 1.0
158 119 1.0
186 165 1.0
93 113 1.0
55 218 1.0
235 148 1.0
215 173 1.0
214 96 1.0
121 220 1.0
54 199 1.0
118 159 1.0
249 174 1.0
197 26 1.0
209 103 1.0
74 84 1.0
224 134 1.0
235 6 1.0
56 67 1.0
93 240 1.0
99 232 1.0
148 172 1.0
183 95 1.0
191 17 1.0
189 32 1.0
210 54 1.0
230 37 1.0
10 62 1.0
64 161 1.0
223 131 1.0
193 120 1.0
88 201 1.0
203 140 1.0
183 164 1.0
23 27 1.0
203 149 1.0
152 193 1.0
101 143 1.0
152 43 1.0
64 40 1.0
3 222 1.0
134 25 1.0
219 162 1.0
237 18 1.0
86 207 1.0
2 191 1.0
54 92 1.0
161 210 1.0
253 223 1.0
55 4 1.0
229 101 1.0
121 66 1.0
232 200 1.0
17 144 1.0
249 45 1.0
55 109 1.0
18 116 1.0
14 168 1.0
139 237 1.0
218 224 1.0
73 171 1.0
7 48 1.0
176 155 1.0
118 167 1.0
200 194 1.0
105 68 1.0
40 56 1.0
26 235 1.0
130 86 1.0
33 252 1.0
106 153 1.0
32 211 1.0
173 20 1.0
186 148 1.0
137 246 1.0
117 190 1.0
241 53 1.0
42 78 1.0
198 30 1.0
254 147 1.0
256 106 1.0
52 225 1.0
134 236 1.0
79 75 1.0
153 253 1.0
197 203 1.0
41 233 1.0
9 12 1.0
182 185 1.0
237 254 1.0
255 117 1.0
233 61 1.0
250 96 1.0
111 213 1.0
232 51 1.0
32 120 1.0
164 95 1.0
33 212 1.0
87 9 1.0
8 219 1.0
208 164 1.0
105 54 1.0
183 138 1.0
99 37 1.0
5 90 1.0
18 80 1.0
134 62 1.0
215 240 1.0
18 157 1.0
83 220 1.0
70 34 1.0
56 172 1.0
173 206 1.0
176 69 1.0
223 199 1.0
21 161 1.0
155 256 1.0
55 103 1.0
126 84 1.0
223 109 1.0
76 200 1.0
213 144 1.0
59 127 1.0
112 116 1.0
76 168 1.0
56 4 1.0
60 92 1.0
199 210 1.0
231 243 1.0
136 215 1.0
197 6 1.0
45 101 1.0
94 66 1.0
156 15 1.0
172 207 1.0
94 72 1.0
86 251 1.0
244 18 1.0
243 191 1.0
220 70 1.0
189 143 1.0
235 202 1.0
64 193 1.0
184 1 1.0
154 43 1.0
166 137 1.0
61 231 1.0
190 163 1.0
180 150 1.0
110 128 1.0
172 230 1.0
19 241 1.0
151 76 1.0
82 65 1.0
195 13 1.0
238 40 1.0
110 121 1.0
134 89 1.0
141 70 1.0
159 143 1.0
20 202 1.0
229 251 1.0
246 63 1.0
148 238 1.0
16 15 1.0
87 225 1.0
231 139 1.0
222 119 1.0
196 121 1.0
157 135 1.0
20 76 1.0
11 128 1.0
109 113 1.0
218 13 1.0
165 42 1.0
116 61 1.0
200 248 1.0
92 213 1.0
53 35 1.0
124 150 1.0
220 192 1.0
247 176 1.0
118 39 1.0
17 181 1.0
9 102 1.0
188 195 1.0
15 250 1.0
65 234 1.0
85 242 1.0
168 10 1.0
66 17 1.0
114 208 1.0
131 38 1.0
99 140 1.0
37 129 1.0
127 79 1.0
135 152 1.0
60 93 1.0
226 174 1.0
219 55 1.0
68 11 1.0
142 132 1.0
147 26 1.0
47 154 1.0
152 240 1.0
45 180 1.0
203 115 1.0
161 159 1.0
186 91 1.0
238 205 1.0
65 58 1.0
190 239 1.0
88 198 1.0
146 67 1.0
93 73 1.0
70 41 1.0
241 124 1.0
234 14 1.0
157 189 1.0
88 145 1.0
21 112 1.0
160 85 1.0
32 227 1.0
240 151 1.0
222 98 1.0
222 45 1.0
226 162 1.0
168 216 1.0
24 160 1.0
146 191 1.0
116 27 1.0
73 149 1.0
30 229 1.0
19 87 1.0
216 65 1.0
81 52 1.0
162 222 1.0
132 25 1.0
64 184 1.0
252 188 1.0
132 123 1.0
8 5 1.0
244 46 1.0
99 196 1.0
247 110 1.0
112 228 1.0
27 74 1.0
17 182 1.0
210 49 1.0
135 31 1.0
119 125 1.0
194 217 1.0
98 100 1.0
221 71 1.0
137 142 1.0
79 247 1.0
36 107 1.0
11 41 1.0
240 210 1.0
187 124 1.0
70 4 1.0
46 92 1.0
57 223 1.0
198 134 1.0
69 6 1.0
130 101 1.0
105 239 1.0
119 240 1.0
131 67 1.0
129 132 1.0
221 232 1.0
165 172 1.0
2 159 1.0
255 26 1.0
247 199 1.0
209 161 1.0
158 174 1.0
105 55 1.0
57 84 1.0
207 201 1.0
29 131 1.0
240 164 1.0
63 120 1.0
152 95 1.0
141 140 1.0
84 17 1.0
152 32 1.0
82 242 1.0
229 181 1.0
48 54 1.0
11 102 1.0
17 37 1.0
141 195 1.0
194 118 1.0
67 192 1.0
242 35 1.0
124 176 1.0
58 203 1.0
112 213 1.0
197 42 1.0
210 248 1.0
213 173 1.0
189 61 1.0
63 96 1.0
10 148 1.0
112 165 1.0
158 113 1.0
110 33 1.0
196 86 1.0
66 19 1.0
107 252 1.0
256 130 1.0
246 244 1.0
174 197 1.0
188 194 1.0
251 217 1.0
183 158 1.0
251 187 1.0
208 235 1.0
252 56 1.0
225 71 1.0
98 142 1.0
16 228 1.0
30 125 1.0
212 247 1.0
99 178 1.0
225 74 1.0
31 123 1.0
226 82 1.0
16 110 1.0
137 182 1.0
107 49 1.0
160 5 1.0
143 65 1.0
232 13 1.0
88 46 1.0
197 184 1.0
9 241 1.0
239 222 1.0
187 160 1.0
199 25 1.0
230 40 1.0
89 87 1.0
193 89 1.0
62 27 1.0
216 143 1.0
185 149 1.0
32 162 1.0
247 18 1.0
115 191 1.0
41 109 1.0
218 151 1.0
157 45 1.0
71 112 1.0
111 98 1.0
28 227 1.0
56 75 1.0
101 16 1.0
24 3 1.0
136 73 1.0
166 226 1.0
36 51 1.0
2 36 1.0
252 214 1.0
80 77 1.0
89 64 1.0
26 85 1.0
52 185 1.0
249 153 1.0
119 221 1.0
66 28 1.0
237 180 1.0
53 115 1.0
123 81 1.0
172 205 1.0
133 14 1.0
46 189 1.0
200 145 1.0
30 20 1.0
95 58 1.0
86 239 1.0
112 79 1.0
56 152 1.0
221 93 1.0
14 38 1.0
89 104 1.0
145 47 1.0
227 94 1.0
65 209 1.0
244 154 1.0
93 130 1.0
20 244 1.0
88 197 1.0
27 105 1.0
107 57 1.0
217 195 1.0
91 228 1.0
217 192 1.0
26 126 1.0
63 10 1.0
58 17 1.0
184 208 1.0
123 177 1.0
215 178 1.0
133 242 1.0
18 48 1.0
14 155 1.0
53 167 1.0
37 251 1.0
59 2 1.0
114 238 1.0
132 97 1.0
213 63 1.0
143 225 1.0
73 119 1.0
32 139 1.0
101 218 1.0
199 50 1.0
160 133 1.0
239 107 1.0
123 60 1.0
117 170 1.0
188 68 1.0
253 245 1.0
141 179 1.0
5 8 1.0
160 175 1.0
59 237 1.0
35 224 1.0
139 114 1.0
174 184 1.0
34 188 1.0
101 88 1.0
65 22 1.0
79 108 1.0
84 206 1.0
245 59 1.0
89 255 1.0
22 186 1.0
240 23 1.0
242 83 1.0
228 166 1.0
171 122 1.0
13 136 1.0
57 160 1.0
51 111 1.0
186 146 1.0
48 25 1.0
3 183 1.0
121 87 1.0
90 21 1.0
197 249 1.0
153 204 1.0
150 256 1.0
114 141 1.0
152 27 1.0
142 85 1.0
142 112 1.0
19 16 1.0
10 227 1.0
195 73 1.0
46 151 1.0
28 3 1.0
191 226 1.0
149 189 1.0
116 124 1.0
100 204 1.0
123 21 1.0
161 196 1.0
199 229 1.0
80 87 1.0
152 25 1.0
156 52 1.0
237 222 1.0
50 160 1.0
35 162 1.0
210 216 1.0
57 149 1.0
46 191 1.0
105 209 1.0
168 154 1.0
123 79 1.0
214 174 1.0
49 55 1.0
119 11 1.0
96 152 1.0
16 93 1.0
119 129 1.0
220 38 1.0
250 10 1.0
156 140 1.0
245 205 1.0
112 14 1.0
38 145 1.0
61 91 1.0
183 198 1.0
207 58 1.0
208 239 1.0
175 221 1.0
36 28 1.0
41 132 1.0
61 180 1.0
65 115 1.0
209 159 1.0
249 63 1.0
139 225 1.0
116 30 1.0
186 119 1.0
239 97 1.0
84 139 1.0
154 237 1.0
192 48 1.0
178 167 1.0
180 171 1.0
247 53 1.0
12 155 1.0
231 78 1.0
50 117 1.0
163 248 1.0
245 213 1.0
232 75 1.0
170 253 1.0
131 203 1.0
45 165 1.0
141 113 1.0
172 218 1.0
68 148 1.0
209 254 1.0
134 61 1.0
209 96 1.0
17 110 1.0
104 108 1.0
153 49 1.0
52 23 1.0
254 142 1.0
84 186 1.0
222 46 1.0
194 184 1.0
212 188 1.0
159 22 1.0
175 88 1.0
56 31 1.0
128 235 1.0
100 170 1.0
203 245 1.0
80 8 1.0
77 224 1.0
90 252 1.0
35 125 1.0
9 247 1.0
223 107 1.0
35 217 1.0
203 68 1.0
119 100 1.0
237 122 1.0
197 90 1.0
224 80 1.0
97 111 1.0
179 233 1.0
71 138 1.0
16 12 1.0
30 37 1.0
27 183 1.0
208 9 1.0
122 219 1.0
174 249 1.0
42 146 1.0
253 212 1.0
11 69 1.0
114 103 1.0
224 7 1.0
200 204 1.0
98 256 1.0
47 84 1.0
10 59 1.0
69 255 1.0
195 157 1.0
82 220 1.0
49 34 1.0
148 206 1.0
19 106 1.0
12 44 1.0
66 30 1.0
169 94 1.0
169 209 1.0
51 78 1.0
153 20 1.0
78 246 1.0
98 190 1.0
4 153 1.0
6 147 1.0
91 211 1.0
121 169 1.0
6 51 1.0
42 205 1.0
179 254 1.0
148 99 1.0
244 96 1.0
73 64 1.0
109 185 1.0
46 24 1.0
115 75 1.0
239 253 1.0
106 3 1.0
180 119 1.0
37 72 1.0
158 135 1.0
241 76 1.0
195 121 1.0
10 113 1.0
126 128 1.0
180 61 1.0
56 13 1.0
187 137 1.0
92 42 1.0
233 163 1.0
86 35 1.0
114 126 1.0
153 150 1.0
161 192 1.0
50 195 1.0
88 39 1.0
154 105 1.0
217 102 1.0
76 234 1.0
102 250 1.0
79 17 1.0
78 208 1.0
222 242 1.0
178 215 1.0
137 83 1.0
22 166 1.0
30 4 1.0
11 66 1.0
56 243 1.0
8 133 1.0
158 116 1.0
15 29 1.0
192 179 1.0
81 200 1.0
56 168 1.0
65 127 1.0
141 193 1.0
126 144 1.0
77 1 1.0
224 70 1.0
141 143 1.0
59 114 1.0
237 251 1.0
149 202 1.0
101 238 1.0
122 15 1.0
52 18 1.0
47 207 1.0
193 119 1.0
230 165 1.0
153 113 1.0
81 135 1.0
174 97 1.0
58 139 1.0
210 42 1.0
235 248 1.0
8 148 1.0
152 173 1.0
74 61 1.0
46 96 1.0
17 237 1.0
13 1 1.0
36 143 1.0
172 114 1.0
165 8 1.0
71 144 1.0
35 175 1.0
225 251 1.0
95 63 1.0
59 225 1.0
29 238 1.0
218 70 1.0
133 2 1.0
77 38 1.0
8 201 1.0
13 129 1.0
62 10 1.0
100 208 1.0
21 140 1.0
109 174 1.0
79 26 1.0
157 55 1.0
246 161 1.0
230 131 1.0
202 11 1.0
219 192 1.0
218 39 1.0
138 213 1.0
16 35 1.0
119 176 1.0
197 150 1.0
19 250 1.0
2 17 1.0
168 242 1.0
41 181 1.0
41 102 1.0
202 195 1.0
134 234 1.0
194 36 1.0
80 214 1.0
8 85 1.0
88 122 1.0
120 77 1.0
99 111 1.0
210 146 1.0
160 136 1.0
174 160 1.0
210 183 1.0
135 9 1.0
223 212 1.0
255 249 1.0
109 205 1.0
186 254 1.0
43 96 1.0
191 169 1.0
45 99 1.0
82 51 1.0
186 24 1.0
234 75 1.0
112 3 1.0
168 64 1.0
14 16 1.0
149 185 1.0
71 215 1.0
245 83 1.0
130 186 1.0
120 50 1.0
149 166 1.0
73 107 1.0
198 133 1.0
23 29 1.0
109 60 1.0
65 179 1.0
249 116 1.0
69 245 1.0
5 204 1.0
45 219 1.0
56 256 1.0
100 156 1.0
173 188 1.0
179 141 1.0
69 22 1.0
129 7 1.0
160 206 1.0
225 59 1.0
155 108 1.0
114 255 1.0
89 71 1.0
125 57 1.0
196 178 1.0
196 110 1.0
150 142 1.0
238 228 1.0
186 182 1.0
232 126 1.0
56 82 1.0
111 74 1.0
169 230 1.0
162 163 1.0
58 128 1.0
73 241 1.0
250 13 1.0
48 76 1.0
184 121 1.0
43 65 1.0
242 89 1.0
29 40 1.0
128 72 1.0
136 15 1.0
54 18 1.0
244 207 1.0
186 191 1.0
25 20 1.0
118 153 1.0
3 246 1.0
43 190 1.0
27 221 1.0
85 28 1.0
163 94 1.0
174 180 1.0
152 115 1.0
109 81 1.0
126 209 1.0
119 244 1.0
74 154 1.0
186 33 1.0
213 130 1.0
193 197 1.0
139 235 1.0
200 152 1.0
152 93 1.0
34 47 1.0
25 194 1.0
212 104 1.0
169 177 1.0
133 17 1.0
46 208 1.0
191 187 1.0
90 69 1.0
33 103 1.0
207 199 1.0
59 220 1.0
140 232 1.0
135 159 1.0
205 120 1.0
3 201 1.0
244 164 1.0
225 161 1.0
105 174 1.0
233 131 1.0
183 84 1.0
253 54 1.0
117 90 1.0
191 62 1.0
208 95 1.0
77 32 1.0
231 212 1.0
208 236 1.0
13 118 1.0
138 233 1.0
10 138 1.0
82 195 1.0
251 37 1.0
221 143 1.0
116 43 1.0
89 162 1.0
151 70 1.0
8 202 1.0
168 109 1.0
180 168 1.0
254 127 1.0
155 193 1.0
58 200 1.0
161 144 1.0
160 4 1.0
240 66 1.0
30 223 1.0
80 92 1.0
169 116 1.0
16 210 1.0
140 240 1.0
179 172 1.0
43 67 1.0
88 134 1.0
245 6 1.0
115 101 1.0
94 137 1.0
96 231 1.0
73 126 1.0
151 150 1.0
124 230 1.0
139 241 1.0
56 163 1.0
59 105 1.0
30 57 1.0
35 195 1.0
166 234 1.0
9 192 1.0
87 39 1.0
246 10 1.0
189 208 1.0
181 104 1.0
13 177 1.0
117 17 1.0
9 242 1.0
55 79 1.0
24 93 1.0
157 197 1.0
27 38 1.0
228 152 1.0
170 129 1.0
52 94 1.0
49 154 1.0
181 81 1.0
206 130 1.0
45 209 1.0
254 55 1.0
42 91 1.0
215 153 1.0
84 28 1.0
7 221 1.0
250 180 1.0
137 115 1.0
87 14 1.0
162 226 1.0
138 189 1.0
69 145 1.0
37 205 1.0
250 58 1.0
58 239 1.0
174 112 1.0
114 75 1.0
4 16 1.0
131 3 1.0
166 73 1.0
8 124 1.0
66 120 1.0
109 212 1.0
144 164 1.0
202 161 1.0
237 9 1.0
64 219 1.0
162 256 1.0
124 103 1.0
123 84 1.0
131 220 1.0
7 69 1.0
133 7 1.0
75 59 1.0
42 34 1.0
175 172 1.0
41 206 1.0
156 83 1.0
166 157 1.0
183 215 1.0
228 4 1.0
27 166 1.0
188 66 1.0
105 92 1.0
39 210 1.0
201 243 1.0
60 109 1.0
22 116 1.0
125 168 1.0
119 200 1.0
189 144 1.0
115 127 1.0
160 193 1.0
229 1 1.0
219 143 1.0
56 43 1.0
143 70 1.0
44 202 1.0
95 251 1.0
93 18 1.0
65 207 1.0
133 238 1.0
222 15 1.0
142 72 1.0
47 40 1.0
161 121 1.0
134 65 1.0
26 135 1.0
69 76 1.0
74 128 1.0
219 13 1.0
132 235 1.0
222 86 1.0
101 19 1.0
229 252 1.0
70 194 1.0
176 56 1.0
56 125 1.0
161 217 1.0
63 158 1.0
42 187 1.0
122 71 1.0
103 247 1.0
34 178 1.0
102 147 1.0
174 44 1.0
111 211 1.0
124 53 1.0
169 106 1.0
207 30 1.0
227 155 1.0
30 167 1.0
236 78 1.0
223 237 1.0
191 48 1.0
163 171 1.0
164 213 1.0
137 75 1.0
135 203 1.0
227 117 1.0
58 99 1.0
213 51 1.0
62 148 1.0
22 254 1.0
119 190 1.0
24 96 1.0
116 20 1.0
166 153 1.0
61 246 1.0
1 146 1.0
208 90 1.0
120 80 1.0
155 122 1.0
202 37 1.0
106 111 1.0
205 233 1.0
234 138 1.0
193 12 1.0
79 64 1.0
61 253 1.0
193 185 1.0
14 134 1.0
141 198 1.0
51 58 1.0
74 67 1.0
217 4 1.0
228 239 1.0
56 145 1.0
202 132 1.0
136 232 1.0
20 154 1.0
38 159 1.0
27 240 1.0
174 172 1.0
154 112 1.0
94 151 1.0
183 98 1.0
66 85 1.0
172 227 1.0
186 14 1.0
54 41 1.0
242 189 1.0
212 73 1.0
44 124 1.0
103 45 1.0
152 40 1.0
253 222 1.0
255 25 1.0
248 87 1.0
102 65 1.0
233 52 1.0
95 162 1.0
137 27 1.0
98 149 1.0
145 216 1.0
140 160 1.0
213 191 1.0
26 182 1.0
144 49 1.0
27 82 1.0
198 142 1.0
73 110 1.0
22 228 1.0
146 5 1.0
208 46 1.0
133 241 1.0
154 196 1.0
112 74 1.0
53 184 1.0
207 123 1.0
41 183 1.0
5 146 1.0
65 212 1.0
199 9 1.0
2 219 1.0
5 249 1.0
230 204 1.0
77 256 1.0
242 103 1.0
34 141 1.0
170 156 1.0
199 7 1.0
49 64 1.0
113 75 1.0
11 253 1.0
102 3 1.0
67 12 1.0
158 185 1.0
224 233 1.0
38 122 1.0
151 214 1.0
201 77 1.0
52 90 1.0
168 80 1.0
119 111 1.0
241 20 1.0
22 153 1.0
42 28 1.0
146 205 1.0
212 246 1.0
37 190 1.0
126 254 1.0
124 99 1.0
158 96 1.0
250 24 1.0
97 169 1.0
244 51 1.0
176 33 1.0
28 19 1.0
214 197 1.0
121 130 1.0
112 209 1.0
69 244 1.0
213 94 1.0
100 78 1.0
108 81 1.0
168 147 1.0
72 106 1.0
135 44 1.0
26 177 1.0
208 217 1.0
51 178 1.0
7 187 1.0
118 71 1.0
231 57 1.0
88 142 1.0
107 235 1.0
174 152 1.0
45 252 1.0
80 194 1.0
190 158 1.0
101 104 1.0
14 230 1.0
194 241 1.0
230 163 1.0
203 5 1.0
216 128 1.0
192 13 1.0
219 110 1.0
91 49 1.0
37 228 1.0
39 74 1.0
21 182 1.0
24 82 1.0
176 162 1.0
41 18 1.0
14 207 1.0
149 191 1.0
252 27 1.0
30 149 1.0
170 40 1.0
165 121 1.0
234 65 1.0
179 89 1.0
228 222 1.0
141 25 1.0
213 109 1.0
20 41 1.0
173 168 1.0
161 4 1.0
125 92 1.0
193 210 1.0
251 223 1.0
8 193 1.0
108 143 1.0
218 227 1.0
23 151 1.0
48 144 1.0
206 45 1.0
204 6 1.0
49 240 1.0
248 67 1.0
158 134 1.0
50 101 1.0
201 66 1.0
152 220 1.0
21 26 1.0
250 199 1.0
119 232 1.0
161 172 1.0
28 159 1.0
240 161 1.0
154 201 1.0
115 131 1.0
196 174 1.0
63 103 1.0
250 84 1.0
54 95 1.0
62 17 1.0
110 32 1.0
226 120 1.0
206 140 1.0
38 164 1.0
85 181 1.0
108 138 1.0
243 195 1.0
83 118 1.0
85 54 1.0
232 37 1.0
169 62 1.0
132 213 1.0
82 35 1.0
176 248 1.0
240 203 1.0
194 236 1.0
23 176 1.0
240 148 1.0
253 113 1.0
165 96 1.0
91 173 1.0
105 42 1.0
113 61 1.0
189 97 1.0
107 225 1.0
98 139 1.0
244 119 1.0
172 165 1.0
33 218 1.0
227 251 1.0
12 63 1.0
247 30 1.0
161 155 1.0
85 167 1.0
244 2 1.0
183 237 1.0
86 48 1.0
14 171 1.0
31 179 1.0
119 8 1.0
142 224 1.0
77 175 1.0
122 170 1.0
62 245 1.0
211 50 1.0
107 133 1.0
202 68 1.0
135 60 1.0
78 23 1.0
252 83 1.0
196 166 1.0
2 107 1.0
150 59 1.0
210 186 1.0
118 22 1.0
122 108 1.0
42 49 1.0
195 31 1.0
133 184 1.0
61 88 1.0
160 204 1.0
175 256 1.0
177 188 1.0
231 196 1.0
94 87 1.0
179 21 1.0
82 249 1.0
232 229 1.0
256 222 1.0
173 25 1.0
14 216 1.0
184 160 1.0
96 111 1.0
164 122 1.0
128 27 1.0
60 77 1.0
127 36 1.0
95 85 1.0
75 227 1.0
126 69 1.0
13 199 1.0
4 220 1.0
243 232 1.0
32 172 1.0
174 206 1.0
157 240 1.0
62 67 1.0
159 134 1.0
186 6 1.0
168 101 1.0
161 66 1.0
178 4 1.0
185 92 1.0
135 223 1.0
222 116 1.0
202 210 1.0
41 168 1.0
43 109 1.0
42 200 1.0
156 127 1.0
147 193 1.0
220 144 1.0
142 43 1.0
196 213 1.0
61 117 1.0
47 248 1.0
193 75 1.0
40 253 1.0
56 203 1.0
150 236 1.0
86 12 1.0
128 185 1.0
169 233 1.0
162 138 1.0
22 37 1.0
168 54 1.0
59 90 1.0
90 80 1.0
3 62 1.0
40 120 1.0
31 95 1.0
226 212 1.0
254 9 1.0
136 219 1.0
158 164 1.0
224 161 1.0
14 256 1.0
183 103 1.0
255 84 1.0
124 237 1.0
249 224 1.0
86 235 1.0
47 8 1.0
214 56 1.0
222 252 1.0
24 53 1.0
155 78 1.0
112 30 1.0
103 48 1.0
126 155 1.0
28 167 1.0
247 171 1.0
164 119 1.0
58 211 1.0
242 218 1.0
206 97 1.0
48 106 1.0
242 225 1.0
221 254 1.0
181 61 1.0
204 96 1.0
163 148 1.0
252 165 1.0
156 190 1.0
182 5 1.0
143 46 1.0
109 196 1.0
13 229 1.0
255 87 1.0
159 21 1.0
197 52 1.0
201 74 1.0
252 108 1.0
249 31 1.0
59 184 1.0
223 188 1.0
117 123 1.0
117 71 1.0
122 142 1.0
15 247 1.0
34 110 1.0
103 49 1.0
151 228 1.0
130 194 1.0
247 217 1.0
91 68 1.0
205 125 1.0
134 107 1.0
80 100 1.0
136 41 1.0
198 124 1.0
188 73 1.0
155 151 1.0
121 98 1.0
146 45 1.0
104 91 1.0
98 58 1.0
65 239 1.0
25 205 1.0
131 14 1.0
67 189 1.0
61 145 1.0
121 162 1.0
176 216 1.0
74 160 1.0
70 191 1.0
177 222 1.0
112 25 1.0
55 112 1.0
61 227 1.0
226 27 1.0
208 85 1.0
97 149 1.0
115 38 1.0
38 140 1.0
140 79 1.0
191 152 1.0
211 93 1.0
255 129 1.0
27 250 1.0
136 102 1.0
99 234 1.0
107 10 1.0
119 17 1.0
211 208 1.0
54 242 1.0
212 180 1.0
62 115 1.0
236 159 1.0
2 198 1.0
128 240 1.0
95 67 1.0
169 174 1.0
19 55 1.0
241 11 1.0
229 132 1.0
146 26 1.0
45 154 1.0
171 76 1.0
24 113 1.0
159 13 1.0
166 119 1.0
66 121 1.0
211 135 1.0
80 15 1.0
201 225 1.0
130 139 1.0
120 251 1.0
218 18 1.0
116 238 1.0
203 105 1.0
143 195 1.0
211 39 1.0
54 192 1.0
250 35 1.0
101 176 1.0
47 137 1.0
231 248 1.0
65 150 1.0
51 128 1.0
232 42 1.0
166 61 1.0
46 50 1.0
102 133 1.0
17 60 1.0
196 215 1.0
32 83 1.0
210 166 1.0
8 107 1.0
177 59 1.0
115 157 1.0
52 220 1.0
123 34 1.0
148 255 1.0
162 206 1.0
118 70 1.0
111 143 1.0
243 202 1.0
175 193 1.0
25 1 1.0
224 144 1.0
74 114 1.0
210 179 1.0
52 200 1.0
168 127 1.0
163 116 1.0
238 29 1.0
157 168 1.0
