*Vertices 128
1 "V0"
2 "V100"
3 "V11"
4 "V89"
5 "V15"
6 "V85"
7 "V119"
8 "V104"
9 "V45"
10 "V30"
11 "V34"
12 "V64"
13 "V123"
14 "V121"
15 "V125"
16 "V9"
17 "V68"
18 "V66"
19 "V70"
20 "V13"
21 "V17"
22 "V87"
23 "V28"
24 "V102"
25 "V117"
26 "V32"
27 "V106"
28 "V51"
29 "V49"
30 "V47"
31 "V53"
32 "V81"
33 "V83"
34 "V22"
35 "V26"
36 "V96"
37 "V37"
38 "V111"
39 "V126"
40 "V41"
41 "V115"
42 "V60"
43 "V58"
44 "V56"
45 "V62"
46 "V7"
47 "V5"
48 "V3"
49 "V1"
50 "V90"
51 "V92"
52 "V109"
53 "V98"
54 "V20"
55 "V24"
56 "V94"
57 "V113"
58 "V54"
59 "V43"
60 "V39"
61 "V73"
62 "V18"
63 "V77"
64 "V75"
65 "V79"
66 "V63"
67 "V122"
68 "V52"
69 "V48"
70 "V118"
71 "V107"
72 "V29"
73 "V103"
74 "V33"
75 "V27"
76 "V86"
77 "V84"
78 "V88"
79 "V82"
80 "V120"
81 "V50"
82 "V124"
83 "V31"
84 "V35"
85 "V105"
86 "V46"
87 "V14"
88 "V10"
89 "V16"
90 "V12"
91 "V101"
92 "V99"
93 "V65"
94 "V71"
95 "V67"
96 "V69"
97 "V59"
98 "V40"
99 "V44"
100 "V114"
101 "V55"
102 "V25"
103 "V19"
104 "V21"
105 "V110"
106 "V108"
107 "V23"
108 "V76"
109 "V74"
110 "V80"
111 "V78"
112 "V72"
113 "V61"
114 "V57"
115 "V127"
116 "V38"
117 "V116"
118 "V112"
119 "V42"
120 "V36"
121 "V95"
122 "V93"
123 "V97"
124 "V91"
125 "V8"
126 "V6"
127 "V4"
128 "V2"
*Arcs
2 53 1.0
75 37 1.0
47 1 1.0
44 20 1.0
2 64 1.0
39 105 1.0
100 28 1.0
117 75 1.0
109 50 1.0
9 82 1.0
110 18 1.0
8 73 1.0
75 119 1.0
50 127 1.0
71 110 1.0
34 117 1.0
93 62 1.0
106 114 1.0
1 121 1.0
8 74 1.0
16 112 1.0
117 71 1.0
83 88 1.0
128 69 1.0
49 22 1.0
71 80 1.0
11 55 1.0
80 2 1.0
109 49 1.0
7 45 1.0
83 60 1.0
13 63 1.0
34 57 1.0
17 5 1.0
39 15 1.0
102 10 1.0
19 58 1.0
30 51 1.0
115 59 1.0
116 85 1.0
1 46 1.0
123 17 1.0
128 42 1.0
88 70 1.0
52 54 1.0
55 33 1.0
1 90 1.0
93 109 1.0
93 123 1.0
123 84 1.0
81 35 1.0
86 4 1.0
91 52 1.0
128 81 1.0
41 24 1.0
68 40 1.0
52 67 1.0
81 48 1.0
3 93 1.0
3 41 1.0
35 44 1.0
9 21 1.0
67 65 1.0
20 94 1.0
112 26 1.0
49 56 1.0
25 7 1.0
29 107 1.0
61 113 1.0
28 92 1.0
79 1 1.0
80 27 1.0
14 86 1.0
49 16 1.0
58 6 1.0
10 124 1.0
70 82 1.0
52 23 1.0
58 95 1.0
121 37 1.0
94 108 1.0
14 38 1.0
72 87 1.0
13 68 1.0
57 117 1.0
31 103 1.0
62 36 1.0
100 43 1.0
86 8 1.0
94 47 1.0
46 59 1.0
38 32 1.0
65 69 1.0
31 14 1.0
10 102 1.0
61 22 1.0
28 11 1.0
59 106 1.0
115 88 1.0
3 61 1.0
60 101 1.0
78 57 1.0
116 89 1.0
76 111 1.0
78 91 1.0
70 60 1.0
28 128 1.0
79 66 1.0
67 104 1.0
52 33 1.0
123 85 1.0
15 99 1.0
4 46 1.0
66 96 1.0
96 39 1.0
21 83 1.0
125 122 1.0
28 105 1.0
82 90 1.0
49 28 1.0
120 64 1.0
119 53 1.0
110 120 1.0
76 70 1.0
121 42 1.0
66 110 1.0
31 73 1.0
38 40 1.0
104 127 1.0
85 13 1.0
46 18 1.0
9 75 1.0
47 50 1.0
8 30 1.0
86 76 1.0
17 80 1.0
36 107 1.0
128 2 1.0
23 49 1.0
95 45 1.0
66 116 1.0
105 41 1.0
35 62 1.0
119 114 1.0
36 56 1.0
31 74 1.0
85 94 1.0
112 71 1.0
2 16 1.0
92 59 1.0
17 25 1.0
49 54 1.0
76 79 1.0
11 97 1.0
73 36 1.0
31 84 1.0
41 118 1.0
23 5 1.0
59 63 1.0
4 31 1.0
114 15 1.0
65 72 1.0
36 124 1.0
49 85 1.0
69 126 1.0
59 17 1.0
57 89 1.0
4 65 1.0
81 24 1.0
109 98 1.0
90 48 1.0
15 83 1.0
93 122 1.0
58 100 1.0
71 101 1.0
84 52 1.0
111 29 1.0
4 3 1.0
52 61 1.0
45 67 1.0
122 12 1.0
100 102 1.0
39 78 1.0
69 37 1.0
3 108 1.0
13 53 1.0
26 1 1.0
45 68 1.0
106 50 1.0
40 38 1.0
4 20 1.0
96 27 1.0
120 86 1.0
28 125 1.0
61 115 1.0
37 19 1.0
99 7 1.0
70 34 1.0
84 113 1.0
111 77 1.0
21 106 1.0
113 88 1.0
101 112 1.0
11 69 1.0
62 121 1.0
74 43 1.0
49 11 1.0
77 119 1.0
35 32 1.0
42 117 1.0
1 103 1.0
33 82 1.0
104 23 1.0
14 73 1.0
3 47 1.0
15 18 1.0
107 39 1.0
120 46 1.0
49 96 1.0
113 85 1.0
102 99 1.0
28 57 1.0
105 58 1.0
64 10 1.0
79 51 1.0
114 91 1.0
12 60 1.0
71 5 1.0
116 111 1.0
103 14 1.0
44 55 1.0
119 22 1.0
91 49 1.0
120 66 1.0
128 73 1.0
22 48 1.0
20 13 1.0
38 35 1.0
32 93 1.0
94 4 1.0
48 105 1.0
86 90 1.0
107 81 1.0
91 109 1.0
53 123 1.0
21 120 1.0
86 70 1.0
34 42 1.0
66 104 1.0
101 33 1.0
22 92 1.0
80 1 1.0
71 113 1.0
120 80 1.0
61 107 1.0
37 30 1.0
73 6 1.0
83 71 1.0
26 16 1.0
70 26 1.0
9 94 1.0
119 56 1.0
44 41 1.0
52 21 1.0
101 44 1.0
96 40 1.0
89 110 1.0
34 3 1.0
69 61 1.0
69 36 1.0
91 11 1.0
64 102 1.0
103 78 1.0
79 106 1.0
104 29 1.0
13 91 1.0
104 98 1.0
65 128 1.0
52 14 1.0
9 12 1.0
91 57 1.0
64 89 1.0
28 101 1.0
7 111 1.0
99 118 1.0
61 87 1.0
76 108 1.0
41 37 1.0
75 15 1.0
16 72 1.0
69 124 1.0
34 31 1.0
63 8 1.0
11 59 1.0
8 47 1.0
53 95 1.0
128 25 1.0
48 97 1.0
109 103 1.0
116 79 1.0
110 28 1.0
12 50 1.0
37 82 1.0
51 75 1.0
32 73 1.0
119 127 1.0
64 18 1.0
20 119 1.0
88 117 1.0
69 62 1.0
92 110 1.0
96 114 1.0
67 56 1.0
51 74 1.0
2 71 1.0
49 88 1.0
1 112 1.0
59 122 1.0
82 39 1.0
97 83 1.0
73 96 1.0
47 27 1.0
101 9 1.0
128 125 1.0
90 77 1.0
117 70 1.0
10 34 1.0
27 42 1.0
64 53 1.0
14 120 1.0
124 64 1.0
109 105 1.0
62 20 1.0
81 123 1.0
124 84 1.0
70 25 1.0
96 97 1.0
77 54 1.0
13 79 1.0
102 85 1.0
57 59 1.0
117 126 1.0
91 67 1.0
23 35 1.0
1 93 1.0
11 4 1.0
97 52 1.0
41 3 1.0
57 29 1.0
116 109 1.0
108 2 1.0
49 60 1.0
42 49 1.0
100 45 1.0
123 80 1.0
16 55 1.0
41 76 1.0
70 30 1.0
105 15 1.0
79 17 1.0
48 10 1.0
21 51 1.0
125 57 1.0
23 58 1.0
86 5 1.0
123 63 1.0
121 38 1.0
103 87 1.0
98 108 1.0
78 68 1.0
34 92 1.0
94 1 1.0
44 113 1.0
50 37 1.0
116 8 1.0
39 119 1.0
37 103 1.0
77 32 1.0
91 82 1.0
112 23 1.0
89 124 1.0
9 47 1.0
99 95 1.0
85 100 1.0
20 21 1.0
46 44 1.0
8 122 1.0
124 24 1.0
9 48 1.0
16 40 1.0
57 65 1.0
64 86 1.0
34 6 1.0
36 7 1.0
26 107 1.0
68 26 1.0
76 27 1.0
70 125 1.0
100 19 1.0
113 70 1.0
85 104 1.0
8 99 1.0
53 33 1.0
42 120 1.0
48 64 1.0
102 53 1.0
19 42 1.0
13 51 1.0
79 57 1.0
1 89 1.0
120 101 1.0
50 85 1.0
95 46 1.0
68 39 1.0
70 10 1.0
69 96 1.0
9 14 1.0
31 66 1.0
14 55 1.0
12 22 1.0
112 111 1.0
108 91 1.0
78 60 1.0
107 128 1.0
57 121 1.0
83 11 1.0
51 117 1.0
22 43 1.0
98 106 1.0
93 69 1.0
36 88 1.0
25 112 1.0
13 92 1.0
55 116 1.0
57 87 1.0
116 63 1.0
53 118 1.0
65 31 1.0
114 72 1.0
65 124 1.0
44 16 1.0
17 94 1.0
113 71 1.0
63 30 1.0
79 107 1.0
120 76 1.0
29 80 1.0
87 49 1.0
29 45 1.0
73 40 1.0
124 41 1.0
48 62 1.0
81 110 1.0
15 44 1.0
34 74 1.0
95 56 1.0
84 105 1.0
85 90 1.0
110 81 1.0
105 4 1.0
68 13 1.0
72 75 1.0
72 73 1.0
39 48 1.0
41 93 1.0
107 86 1.0
58 27 1.0
40 125 1.0
67 96 1.0
28 115 1.0
121 83 1.0
56 101 1.0
113 122 1.0
5 100 1.0
50 89 1.0
99 98 1.0
26 65 1.0
11 24 1.0
100 128 1.0
119 67 1.0
36 102 1.0
111 12 1.0
18 78 1.0
127 52 1.0
63 3 1.0
69 29 1.0
102 84 1.0
79 61 1.0
77 36 1.0
35 25 1.0
8 103 1.0
107 97 1.0
113 79 1.0
67 8 1.0
79 59 1.0
89 126 1.0
37 15 1.0
16 17 1.0
126 14 1.0
90 66 1.0
60 91 1.0
28 60 1.0
79 49 1.0
48 106 1.0
9 88 1.0
34 69 1.0
119 55 1.0
46 22 1.0
88 121 1.0
117 74 1.0
104 112 1.0
6 62 1.0
47 32 1.0
74 117 1.0
38 114 1.0
106 127 1.0
36 18 1.0
106 73 1.0
81 119 1.0
3 68 1.0
113 82 1.0
88 23 1.0
56 50 1.0
38 53 1.0
74 37 1.0
103 38 1.0
110 20 1.0
80 64 1.0
102 7 1.0
6 34 1.0
93 77 1.0
87 1 1.0
72 113 1.0
44 107 1.0
51 6 1.0
3 71 1.0
88 30 1.0
46 16 1.0
103 94 1.0
92 26 1.0
55 56 1.0
62 118 1.0
88 31 1.0
9 87 1.0
32 108 1.0
45 92 1.0
2 37 1.0
92 1 1.0
103 80 1.0
111 113 1.0
13 32 1.0
28 8 1.0
90 59 1.0
79 47 1.0
5 15 1.0
63 95 1.0
25 23 1.0
119 124 1.0
58 106 1.0
125 3 1.0
94 11 1.0
35 61 1.0
23 36 1.0
67 117 1.0
113 103 1.0
7 43 1.0
61 51 1.0
126 39 1.0
113 10 1.0
100 17 1.0
47 111 1.0
120 57 1.0
65 5 1.0
22 58 1.0
87 70 1.0
70 54 1.0
19 123 1.0
20 42 1.0
86 85 1.0
88 46 1.0
5 99 1.0
84 33 1.0
87 81 1.0
114 4 1.0
82 67 1.0
12 35 1.0
117 84 1.0
117 52 1.0
84 90 1.0
64 109 1.0
104 41 1.0
66 21 1.0
127 110 1.0
116 44 1.0
7 24 1.0
43 48 1.0
9 93 1.0
114 40 1.0
11 62 1.0
95 110 1.0
18 73 1.0
15 40 1.0
65 74 1.0
27 56 1.0
25 41 1.0
58 114 1.0
65 71 1.0
80 16 1.0
71 30 1.0
105 94 1.0
76 80 1.0
73 107 1.0
32 45 1.0
93 76 1.0
50 116 1.0
18 63 1.0
89 2 1.0
60 49 1.0
49 51 1.0
67 118 1.0
84 5 1.0
7 31 1.0
47 85 1.0
61 126 1.0
95 15 1.0
53 72 1.0
44 17 1.0
33 25 1.0
107 54 1.0
27 59 1.0
2 79 1.0
73 69 1.0
106 22 1.0
50 14 1.0
84 102 1.0
85 91 1.0
42 128 1.0
2 66 1.0
49 98 1.0
56 111 1.0
56 57 1.0
30 89 1.0
86 101 1.0
75 122 1.0
27 39 1.0
40 83 1.0
106 85 1.0
2 46 1.0
64 96 1.0
72 9 1.0
53 70 1.0
115 104 1.0
7 33 1.0
92 42 1.0
29 53 1.0
73 120 1.0
128 20 1.0
31 64 1.0
44 105 1.0
10 28 1.0
95 75 1.0
35 50 1.0
55 82 1.0
75 127 1.0
44 18 1.0
107 11 1.0
79 112 1.0
96 121 1.0
109 117 1.0
16 103 1.0
101 43 1.0
18 32 1.0
3 8 1.0
124 119 1.0
87 47 1.0
56 82 1.0
75 95 1.0
114 23 1.0
16 124 1.0
113 38 1.0
67 20 1.0
61 68 1.0
119 39 1.0
50 10 1.0
56 51 1.0
48 101 1.0
101 57 1.0
7 5 1.0
86 111 1.0
61 60 1.0
42 91 1.0
7 49 1.0
9 66 1.0
26 14 1.0
45 55 1.0
98 69 1.0
58 22 1.0
34 106 1.0
63 88 1.0
94 24 1.0
22 98 1.0
108 100 1.0
48 21 1.0
36 65 1.0
93 67 1.0
49 35 1.0
21 4 1.0
84 48 1.0
123 12 1.0
86 52 1.0
121 3 1.0
15 61 1.0
124 29 1.0
3 123 1.0
119 97 1.0
93 84 1.0
46 92 1.0
96 37 1.0
60 1 1.0
54 108 1.0
126 107 1.0
36 77 1.0
95 7 1.0
30 113 1.0
8 125 1.0
97 19 1.0
32 27 1.0
59 86 1.0
15 101 1.0
64 115 1.0
88 26 1.0
79 122 1.0
74 15 1.0
89 72 1.0
109 31 1.0
66 124 1.0
101 59 1.0
119 79 1.0
123 8 1.0
7 47 1.0
118 95 1.0
56 92 1.0
13 1 1.0
59 80 1.0
108 107 1.0
39 113 1.0
31 118 1.0
122 87 1.0
82 37 1.0
24 108 1.0
39 14 1.0
111 102 1.0
72 78 1.0
72 29 1.0
21 24 1.0
26 98 1.0
50 128 1.0
113 12 1.0
12 36 1.0
5 97 1.0
90 25 1.0
4 103 1.0
71 106 1.0
83 3 1.0
113 61 1.0
7 11 1.0
14 123 1.0
11 120 1.0
101 90 1.0
105 109 1.0
83 105 1.0
98 81 1.0
16 75 1.0
110 4 1.0
19 85 1.0
86 46 1.0
87 96 1.0
37 99 1.0
31 70 1.0
109 104 1.0
66 33 1.0
40 42 1.0
15 26 1.0
28 56 1.0
81 94 1.0
119 71 1.0
40 16 1.0
81 30 1.0
117 6 1.0
55 13 1.0
121 93 1.0
5 73 1.0
111 40 1.0
71 48 1.0
57 21 1.0
37 110 1.0
97 41 1.0
111 44 1.0
37 85 1.0
15 59 1.0
121 54 1.0
107 33 1.0
80 15 1.0
21 10 1.0
11 51 1.0
82 126 1.0
122 17 1.0
13 3 1.0
42 109 1.0
51 52 1.0
67 29 1.0
16 70 1.0
82 97 1.0
45 123 1.0
56 84 1.0
15 30 1.0
15 76 1.0
73 80 1.0
102 55 1.0
24 74 1.0
125 112 1.0
41 71 1.0
125 88 1.0
104 57 1.0
97 5 1.0
80 63 1.0
66 58 1.0
52 2 1.0
94 49 1.0
117 45 1.0
34 60 1.0
59 82 1.0
73 75 1.0
111 18 1.0
112 50 1.0
100 105 1.0
99 20 1.0
106 28 1.0
92 64 1.0
39 56 1.0
90 117 1.0
12 62 1.0
121 114 1.0
35 119 1.0
27 110 1.0
121 73 1.0
79 127 1.0
89 115 1.0
34 125 1.0
57 96 1.0
108 83 1.0
81 122 1.0
100 57 1.0
95 101 1.0
79 89 1.0
39 111 1.0
33 53 1.0
107 37 1.0
13 70 1.0
54 113 1.0
96 34 1.0
120 77 1.0
75 27 1.0
85 9 1.0
79 91 1.0
25 60 1.0
87 89 1.0
79 111 1.0
22 57 1.0
116 101 1.0
87 83 1.0
127 122 1.0
18 39 1.0
101 96 1.0
121 85 1.0
13 99 1.0
6 46 1.0
7 104 1.0
27 33 1.0
64 70 1.0
76 42 1.0
47 59 1.0
92 117 1.0
81 103 1.0
24 32 1.0
118 43 1.0
21 36 1.0
9 11 1.0
119 106 1.0
82 88 1.0
127 61 1.0
111 69 1.0
68 14 1.0
62 102 1.0
18 22 1.0
11 128 1.0
43 66 1.0
27 7 1.0
59 107 1.0
112 113 1.0
30 6 1.0
51 37 1.0
42 108 1.0
69 92 1.0
110 1 1.0
73 68 1.0
35 124 1.0
71 38 1.0
35 87 1.0
99 8 1.0
18 47 1.0
81 95 1.0
57 82 1.0
124 23 1.0
106 67 1.0
126 93 1.0
86 35 1.0
98 4 1.0
14 65 1.0
105 24 1.0
28 40 1.0
69 48 1.0
39 122 1.0
125 41 1.0
98 21 1.0
20 44 1.0
117 27 1.0
73 86 1.0
82 125 1.0
42 26 1.0
115 19 1.0
12 122 1.0
97 115 1.0
2 83 1.0
120 19 1.0
32 65 1.0
86 100 1.0
71 89 1.0
53 101 1.0
44 67 1.0
76 12 1.0
30 24 1.0
45 98 1.0
16 48 1.0
10 52 1.0
17 29 1.0
24 102 1.0
57 78 1.0
24 36 1.0
119 84 1.0
6 3 1.0
53 61 1.0
82 103 1.0
64 79 1.0
81 25 1.0
10 97 1.0
116 126 1.0
23 17 1.0
82 8 1.0
122 59 1.0
22 31 1.0
44 15 1.0
108 72 1.0
51 124 1.0
71 118 1.0
128 5 1.0
119 63 1.0
69 116 1.0
115 92 1.0
54 49 1.0
43 45 1.0
43 80 1.0
50 107 1.0
76 30 1.0
40 76 1.0
19 71 1.0
56 16 1.0
65 94 1.0
99 74 1.0
26 114 1.0
124 56 1.0
8 41 1.0
107 62 1.0
52 40 1.0
45 110 1.0
28 73 1.0
125 127 1.0
24 13 1.0
119 75 1.0
82 93 1.0
128 50 1.0
30 105 1.0
106 90 1.0
92 81 1.0
23 64 1.0
116 53 1.0
17 120 1.0
93 4 1.0
88 13 1.0
79 35 1.0
61 93 1.0
49 73 1.0
76 48 1.0
95 40 1.0
16 110 1.0
98 70 1.0
115 54 1.0
104 42 1.0
79 123 1.0
20 120 1.0
79 109 1.0
49 105 1.0
9 90 1.0
34 81 1.0
109 10 1.0
32 51 1.0
5 39 1.0
14 17 1.0
101 85 1.0
54 99 1.0
26 46 1.0
30 33 1.0
20 14 1.0
2 49 1.0
84 66 1.0
40 91 1.0
101 60 1.0
8 5 1.0
11 111 1.0
30 57 1.0
73 58 1.0
68 88 1.0
81 112 1.0
90 121 1.0
14 74 1.0
68 55 1.0
104 22 1.0
20 106 1.0
35 69 1.0
79 119 1.0
25 73 1.0
115 127 1.0
14 18 1.0
46 43 1.0
81 117 1.0
57 62 1.0
5 32 1.0
37 38 1.0
76 20 1.0
30 37 1.0
15 64 1.0
94 82 1.0
87 23 1.0
37 68 1.0
2 50 1.0
23 86 1.0
109 77 1.0
95 27 1.0
86 125 1.0
7 53 1.0
54 1 1.0
26 113 1.0
37 7 1.0
105 34 1.0
39 16 1.0
25 94 1.0
124 71 1.0
25 30 1.0
113 114 1.0
41 56 1.0
76 74 1.0
90 119 1.0
126 117 1.0
120 62 1.0
77 110 1.0
120 82 1.0
6 75 1.0
65 73 1.0
11 127 1.0
113 18 1.0
92 15 1.0
108 17 1.0
125 85 1.0
38 59 1.0
91 126 1.0
46 57 1.0
88 58 1.0
15 72 1.0
47 51 1.0
64 2 1.0
82 116 1.0
114 49 1.0
99 5 1.0
122 63 1.0
25 107 1.0
52 76 1.0
36 80 1.0
2 45 1.0
33 24 1.0
99 48 1.0
15 12 1.0
124 67 1.0
107 35 1.0
2 29 1.0
35 4 1.0
101 52 1.0
57 3 1.0
79 84 1.0
62 109 1.0
35 123 1.0
41 25 1.0
29 54 1.0
17 97 1.0
41 79 1.0
42 1 1.0
28 113 1.0
76 7 1.0
10 107 1.0
39 77 1.0
17 86 1.0
6 27 1.0
25 125 1.0
36 19 1.0
121 115 1.0
98 26 1.0
48 44 1.0
73 122 1.0
123 100 1.0
46 21 1.0
105 98 1.0
105 65 1.0
102 30 1.0
74 80 1.0
43 107 1.0
121 6 1.0
52 1 1.0
2 113 1.0
109 92 1.0
38 37 1.0
99 41 1.0
27 21 1.0
86 44 1.0
74 56 1.0
27 26 1.0
20 71 1.0
5 16 1.0
83 94 1.0
94 8 1.0
74 59 1.0
96 103 1.0
84 79 1.0
15 117 1.0
49 97 1.0
98 36 1.0
50 11 1.0
120 118 1.0
94 87 1.0
77 108 1.0
54 31 1.0
55 15 1.0
126 72 1.0
9 124 1.0
51 47 1.0
123 95 1.0
117 111 1.0
80 91 1.0
3 98 1.0
94 128 1.0
11 122 1.0
92 57 1.0
12 89 1.0
69 101 1.0
93 106 1.0
89 3 1.0
89 29 1.0
59 61 1.0
8 14 1.0
103 12 1.0
61 102 1.0
128 78 1.0
106 120 1.0
66 53 1.0
24 42 1.0
112 28 1.0
86 50 1.0
61 105 1.0
88 20 1.0
76 64 1.0
128 27 1.0
82 46 1.0
118 39 1.0
44 83 1.0
65 96 1.0
52 70 1.0
75 34 1.0
31 9 1.0
127 77 1.0
69 80 1.0
75 45 1.0
24 92 1.0
21 116 1.0
125 49 1.0
44 71 1.0
58 30 1.0
32 107 1.0
84 76 1.0
64 124 1.0
120 15 1.0
44 72 1.0
128 17 1.0
21 63 1.0
22 118 1.0
105 87 1.0
111 31 1.0
104 25 1.0
56 103 1.0
54 97 1.0
33 36 1.0
7 8 1.0
112 59 1.0
67 47 1.0
58 79 1.0
98 29 1.0
9 78 1.0
102 67 1.0
56 102 1.0
20 84 1.0
108 61 1.0
57 106 1.0
114 3 1.0
50 101 1.0
47 100 1.0
76 89 1.0
21 65 1.0
37 98 1.0
26 24 1.0
57 128 1.0
109 12 1.0
20 7 1.0
32 34 1.0
119 77 1.0
38 9 1.0
86 27 1.0
60 125 1.0
117 96 1.0
35 115 1.0
77 83 1.0
42 122 1.0
127 38 1.0
13 28 1.0
114 20 1.0
27 64 1.0
106 53 1.0
26 37 1.0
3 1 1.0
107 113 1.0
18 62 1.0
128 32 1.0
71 73 1.0
116 119 1.0
92 127 1.0
44 82 1.0
33 18 1.0
39 75 1.0
78 50 1.0
20 92 1.0
4 37 1.0
21 87 1.0
83 108 1.0
109 38 1.0
22 68 1.0
66 23 1.0
20 124 1.0
123 82 1.0
72 47 1.0
83 95 1.0
72 8 1.0
13 119 1.0
11 103 1.0
64 32 1.0
6 117 1.0
77 43 1.0
73 121 1.0
10 11 1.0
117 112 1.0
37 106 1.0
6 88 1.0
97 69 1.0
42 22 1.0
116 14 1.0
24 55 1.0
28 66 1.0
61 91 1.0
89 128 1.0
76 60 1.0
94 111 1.0
109 57 1.0
82 5 1.0
46 101 1.0
28 39 1.0
41 10 1.0
9 96 1.0
14 51 1.0
56 99 1.0
36 33 1.0
6 85 1.0
43 46 1.0
90 53 1.0
68 42 1.0
114 70 1.0
51 104 1.0
11 105 1.0
19 90 1.0
67 109 1.0
114 120 1.0
28 13 1.0
90 75 1.0
36 4 1.0
93 81 1.0
75 73 1.0
122 40 1.0
117 48 1.0
52 93 1.0
106 44 1.0
22 41 1.0
1 62 1.0
99 110 1.0
29 16 1.0
93 94 1.0
49 74 1.0
18 56 1.0
8 85 1.0
1 9 1.0
92 46 1.0
61 96 1.0
110 39 1.0
116 83 1.0
62 122 1.0
9 101 1.0
4 57 1.0
98 89 1.0
124 111 1.0
67 60 1.0
36 91 1.0
44 128 1.0
51 66 1.0
95 14 1.0
26 102 1.0
32 69 1.0
24 22 1.0
30 106 1.0
128 3 1.0
18 11 1.0
103 61 1.0
107 36 1.0
41 117 1.0
97 103 1.0
25 43 1.0
88 59 1.0
80 32 1.0
30 8 1.0
61 47 1.0
16 15 1.0
41 23 1.0
96 95 1.0
77 80 1.0
91 107 1.0
94 45 1.0
88 2 1.0
116 49 1.0
64 71 1.0
118 16 1.0
27 30 1.0
31 76 1.0
53 56 1.0
109 74 1.0
27 94 1.0
18 110 1.0
38 41 1.0
75 62 1.0
59 114 1.0
21 82 1.0
120 18 1.0
42 73 1.0
67 40 1.0
34 127 1.0
101 105 1.0
128 28 1.0
113 75 1.0
103 50 1.0
59 53 1.0
76 120 1.0
15 90 1.0
28 64 1.0
13 104 1.0
105 33 1.0
50 70 1.0
36 42 1.0
90 70 1.0
57 54 1.0
3 99 1.0
102 33 1.0
52 84 1.0
18 123 1.0
48 42 1.0
61 58 1.0
66 51 1.0
11 57 1.0
94 5 1.0
99 85 1.0
126 46 1.0
27 17 1.0
1 39 1.0
98 10 1.0
52 80 1.0
120 55 1.0
126 66 1.0
48 22 1.0
86 60 1.0
48 111 1.0
26 91 1.0
111 49 1.0
49 121 1.0
38 74 1.0
10 117 1.0
52 114 1.0
25 71 1.0
120 88 1.0
89 69 1.0
21 112 1.0
114 92 1.0
36 37 1.0
50 1 1.0
64 108 1.0
126 118 1.0
83 87 1.0
125 31 1.0
40 124 1.0
48 16 1.0
89 94 1.0
1 71 1.0
49 30 1.0
101 107 1.0
22 6 1.0
90 80 1.0
63 113 1.0
25 24 1.0
101 40 1.0
42 21 1.0
39 65 1.0
20 41 1.0
83 44 1.0
36 26 1.0
20 56 1.0
38 52 1.0
72 90 1.0
17 109 1.0
90 81 1.0
41 67 1.0
31 35 1.0
44 4 1.0
28 48 1.0
26 93 1.0
92 123 1.0
104 120 1.0
29 70 1.0
55 42 1.0
94 104 1.0
43 33 1.0
18 85 1.0
72 99 1.0
89 13 1.0
6 93 1.0
125 75 1.0
112 4 1.0
104 105 1.0
35 81 1.0
30 90 1.0
8 109 1.0
96 60 1.0
43 91 1.0
71 49 1.0
98 66 1.0
34 14 1.0
43 55 1.0
37 69 1.0
99 22 1.0
59 46 1.0
3 96 1.0
37 39 1.0
78 10 1.0
77 51 1.0
1 101 1.0
31 57 1.0
100 5 1.0
59 111 1.0
68 118 1.0
78 87 1.0
116 31 1.0
101 124 1.0
122 92 1.0
14 1 1.0
100 113 1.0
7 37 1.0
56 108 1.0
37 59 1.0
127 25 1.0
32 103 1.0
98 79 1.0
26 15 1.0
5 72 1.0
77 8 1.0
70 47 1.0
73 95 1.0
114 41 1.0
118 21 1.0
95 44 1.0
29 56 1.0
20 73 1.0
19 40 1.0
27 48 1.0
107 110 1.0
9 30 1.0
38 6 1.0
98 80 1.0
109 107 1.0
80 26 1.0
86 94 1.0
40 71 1.0
84 16 1.0
9 52 1.0
56 3 1.0
25 61 1.0
25 36 1.0
97 84 1.0
12 67 1.0
25 102 1.0
47 4 1.0
22 29 1.0
31 24 1.0
79 98 1.0
83 48 1.0
56 12 1.0
61 100 1.0
7 101 1.0
82 89 1.0
124 65 1.0
7 118 1.0
26 5 1.0
77 116 1.0
43 63 1.0
97 15 1.0
6 72 1.0
56 31 1.0
8 124 1.0
8 59 1.0
48 85 1.0
43 126 1.0
86 17 1.0
120 97 1.0
61 25 1.0
103 54 1.0
53 79 1.0
25 50 1.0
4 82 1.0
98 23 1.0
1 95 1.0
88 8 1.0
90 47 1.0
4 119 1.0
68 32 1.0
17 117 1.0
49 103 1.0
101 121 1.0
68 43 1.0
3 11 1.0
62 106 1.0
45 88 1.0
93 112 1.0
128 26 1.0
64 122 1.0
109 115 1.0
98 19 1.0
108 27 1.0
37 86 1.0
22 125 1.0
49 107 1.0
4 77 1.0
93 7 1.0
60 113 1.0
127 92 1.0
29 37 1.0
37 1 1.0
90 108 1.0
9 38 1.0
27 20 1.0
66 68 1.0
71 82 1.0
63 23 1.0
34 124 1.0
123 68 1.0
1 59 1.0
40 8 1.0
30 47 1.0
29 95 1.0
59 92 1.0
65 1 1.0
17 113 1.0
91 7 1.0
74 107 1.0
91 38 1.0
55 87 1.0
86 108 1.0
124 37 1.0
49 102 1.0
93 22 1.0
40 106 1.0
109 69 1.0
65 91 1.0
41 60 1.0
23 128 1.0
28 14 1.0
44 66 1.0
56 43 1.0
123 117 1.0
59 103 1.0
91 32 1.0
67 88 1.0
13 112 1.0
82 121 1.0
119 11 1.0
58 123 1.0
51 84 1.0
60 109 1.0
124 52 1.0
117 3 1.0
41 29 1.0
119 35 1.0
37 4 1.0
7 126 1.0
77 17 1.0
72 85 1.0
67 59 1.0
56 54 1.0
82 79 1.0
1 70 1.0
57 97 1.0
100 122 1.0
114 26 1.0
41 19 1.0
41 27 1.0
80 125 1.0
53 86 1.0
74 6 1.0
85 67 1.0
47 93 1.0
92 24 1.0
86 40 1.0
86 48 1.0
80 65 1.0
14 100 1.0
87 21 1.0
125 44 1.0
91 74 1.0
13 56 1.0
109 114 1.0
3 117 1.0
31 62 1.0
21 119 1.0
2 110 1.0
78 73 1.0
30 127 1.0
40 82 1.0
122 75 1.0
108 18 1.0
94 50 1.0
122 105 1.0
10 20 1.0
4 28 1.0
7 15 1.0
16 10 1.0
72 51 1.0
81 58 1.0
16 57 1.0
44 5 1.0
24 63 1.0
63 2 1.0
16 60 1.0
66 49 1.0
41 45 1.0
2 80 1.0
90 55 1.0
70 76 1.0
80 30 1.0
100 71 1.0
46 88 1.0
49 112 1.0
48 24 1.0
102 98 1.0
111 89 1.0
82 111 1.0
63 102 1.0
34 78 1.0
7 14 1.0
4 128 1.0
81 12 1.0
72 3 1.0
42 61 1.0
33 106 1.0
55 29 1.0
87 97 1.0
43 36 1.0
41 11 1.0
110 53 1.0
62 37 1.0
121 64 1.0
20 77 1.0
25 70 1.0
120 34 1.0
118 42 1.0
88 115 1.0
8 96 1.0
89 27 1.0
51 9 1.0
20 125 1.0
71 57 1.0
12 101 1.0
94 83 1.0
30 122 1.0
37 117 1.0
123 62 1.0
46 32 1.0
57 73 1.0
18 119 1.0
3 121 1.0
25 74 1.0
57 114 1.0
16 106 1.0
102 69 1.0
29 88 1.0
120 112 1.0
46 14 1.0
55 66 1.0
86 55 1.0
125 22 1.0
3 111 1.0
98 91 1.0
68 60 1.0
78 49 1.0
65 51 1.0
99 57 1.0
33 5 1.0
78 58 1.0
69 85 1.0
62 99 1.0
23 46 1.0
88 39 1.0
12 10 1.0
70 17 1.0
74 70 1.0
39 54 1.0
87 42 1.0
37 33 1.0
19 78 1.0
101 67 1.0
123 102 1.0
65 12 1.0
98 24 1.0
70 128 1.0
28 98 1.0
120 65 1.0
107 100 1.0
51 89 1.0
123 101 1.0
66 122 1.0
68 115 1.0
92 83 1.0
88 19 1.0
114 27 1.0
99 125 1.0
35 86 1.0
94 77 1.0
23 7 1.0
36 34 1.0
117 53 1.0
62 1 1.0
83 113 1.0
40 37 1.0
26 38 1.0
32 20 1.0
13 64 1.0
10 68 1.0
66 82 1.0
3 23 1.0
123 50 1.0
41 127 1.0
118 18 1.0
81 80 1.0
22 107 1.0
98 76 1.0
32 30 1.0
96 71 1.0
93 16 1.0
63 94 1.0
72 74 1.0
27 118 1.0
110 31 1.0
80 87 1.0
60 63 1.0
15 92 1.0
84 116 1.0
62 49 1.0
114 45 1.0
27 103 1.0
96 79 1.0
13 8 1.0
124 59 1.0
81 15 1.0
10 126 1.0
34 17 1.0
61 72 1.0
33 124 1.0
16 52 1.0
77 3 1.0
18 29 1.0
22 61 1.0
124 36 1.0
98 84 1.0
26 25 1.0
72 97 1.0
14 10 1.0
115 51 1.0
45 39 1.0
58 96 1.0
16 89 1.0
32 111 1.0
6 57 1.0
37 101 1.0
61 70 1.0
27 104 1.0
33 42 1.0
74 53 1.0
122 85 1.0
100 99 1.0
108 46 1.0
24 33 1.0
78 81 1.0
41 4 1.0
108 13 1.0
11 75 1.0
113 120 1.0
3 64 1.0
59 105 1.0
27 90 1.0
36 41 1.0
34 62 1.0
128 114 1.0
63 56 1.0
86 73 1.0
126 127 1.0
7 93 1.0
85 40 1.0
97 110 1.0
53 29 1.0
54 4 1.0
19 67 1.0
88 35 1.0
63 24 1.0
37 48 1.0
67 12 1.0
85 98 1.0
118 25 1.0
99 54 1.0
31 97 1.0
34 123 1.0
32 84 1.0
39 61 1.0
29 52 1.0
53 3 1.0
127 51 1.0
65 15 1.0
92 72 1.0
95 17 1.0
126 85 1.0
109 126 1.0
105 59 1.0
24 79 1.0
121 80 1.0
79 45 1.0
116 2 1.0
51 116 1.0
30 49 1.0
22 63 1.0
49 57 1.0
60 5 1.0
46 58 1.0
82 16 1.0
57 94 1.0
105 56 1.0
33 74 1.0
118 107 1.0
111 76 1.0
79 71 1.0
117 30 1.0
17 73 1.0
115 40 1.0
10 127 1.0
43 18 1.0
49 117 1.0
44 114 1.0
84 62 1.0
94 110 1.0
66 105 1.0
46 20 1.0
44 64 1.0
85 120 1.0
83 82 1.0
110 75 1.0
75 50 1.0
42 28 1.0
59 9 1.0
13 33 1.0
15 85 1.0
71 46 1.0
63 96 1.0
81 53 1.0
2 42 1.0
71 70 1.0
54 34 1.0
30 101 1.0
74 122 1.0
105 39 1.0
86 83 1.0
88 98 1.0
105 111 1.0
36 57 1.0
113 89 1.0
73 14 1.0
99 102 1.0
39 66 1.0
52 91 1.0
95 128 1.0
12 106 1.0
5 3 1.0
128 29 1.0
100 22 1.0
11 36 1.0
111 11 1.0
84 61 1.0
45 103 1.0
75 79 1.0
82 117 1.0
82 43 1.0
34 15 1.0
6 95 1.0
68 8 1.0
35 59 1.0
124 47 1.0
55 118 1.0
5 31 1.0
13 23 1.0
59 124 1.0
28 87 1.0
79 108 1.0
93 92 1.0
24 37 1.0
91 1 1.0
123 113 1.0
10 80 1.0
114 107 1.0
122 6 1.0
3 30 1.0
90 71 1.0
3 16 1.0
75 94 1.0
73 26 1.0
72 56 1.0
99 44 1.0
74 41 1.0
92 21 1.0
126 110 1.0
18 40 1.0
1 73 1.0
111 48 1.0
69 93 1.0
128 13 1.0
65 35 1.0
62 81 1.0
12 4 1.0
1 105 1.0
99 90 1.0
3 120 1.0
108 109 1.0
61 123 1.0
120 98 1.0
82 57 1.0
77 89 1.0
46 65 1.0
96 101 1.0
102 115 1.0
63 83 1.0
44 122 1.0
55 125 1.0
100 96 1.0
26 27 1.0
106 9 1.0
94 34 1.0
40 77 1.0
39 70 1.0
34 113 1.0
114 59 1.0
81 79 1.0
20 25 1.0
50 103 1.0
19 36 1.0
89 97 1.0
47 84 1.0
52 106 1.0
84 3 1.0
18 61 1.0
10 29 1.0
11 78 1.0
62 67 1.0
122 102 1.0
34 24 1.0
73 128 1.0
45 12 1.0
99 80 1.0
89 45 1.0
65 107 1.0
3 76 1.0
105 108 1.0
2 92 1.0
128 116 1.0
48 49 1.0
19 124 1.0
95 118 1.0
24 87 1.0
63 31 1.0
57 8 1.0
14 47 1.0
84 15 1.0
35 72 1.0
14 95 1.0
38 48 1.0
85 93 1.0
116 13 1.0
3 75 1.0
51 4 1.0
14 21 1.0
119 110 1.0
62 73 1.0
51 40 1.0
39 26 1.0
42 56 1.0
110 41 1.0
110 44 1.0
69 71 1.0
69 16 1.0
31 30 1.0
45 94 1.0
111 99 1.0
58 70 1.0
111 104 1.0
110 33 1.0
81 39 1.0
105 10 1.0
61 85 1.0
28 46 1.0
5 96 1.0
74 105 1.0
42 90 1.0
38 109 1.0
101 81 1.0
69 42 1.0
47 53 1.0
30 120 1.0
43 22 1.0
84 14 1.0
12 55 1.0
81 66 1.0
35 11 1.0
53 112 1.0
26 106 1.0
77 88 1.0
99 69 1.0
113 57 1.0
13 5 1.0
127 101 1.0
117 51 1.0
45 91 1.0
115 49 1.0
65 60 1.0
44 111 1.0
121 82 1.0
72 95 1.0
43 23 1.0
3 124 1.0
93 38 1.0
79 68 1.0
125 87 1.0
72 108 1.0
53 121 1.0
79 117 1.0
75 103 1.0
12 43 1.0
61 32 1.0
20 8 1.0
85 119 1.0
23 47 1.0
41 125 1.0
33 19 1.0
50 115 1.0
55 26 1.0
6 122 1.0
49 44 1.0
65 100 1.0
47 21 1.0
27 65 1.0
3 92 1.0
110 37 1.0
33 7 1.0
81 1 1.0
81 113 1.0
72 107 1.0
71 77 1.0
33 27 1.0
93 86 1.0
