*Vertices 64
1 "V0"
2 "V63"
3 "V52"
4 "V11"
5 "V15"
6 "V48"
7 "V45"
8 "V30"
9 "V29"
10 "V34"
11 "V33"
12 "V27"
13 "V9"
14 "V13"
15 "V17"
16 "V50"
17 "V28"
18 "V31"
19 "V35"
20 "V32"
21 "V46"
22 "V14"
23 "V51"
24 "V49"
25 "V16"
26 "V10"
27 "V53"
28 "V12"
29 "V47"
30 "V22"
31 "V26"
32 "V59"
33 "V37"
34 "V40"
35 "V44"
36 "V41"
37 "V55"
38 "V60"
39 "V58"
40 "V19"
41 "V25"
42 "V62"
43 "V56"
44 "V21"
45 "V23"
46 "V7"
47 "V5"
48 "V3"
49 "V1"
50 "V20"
51 "V61"
52 "V57"
53 "V24"
54 "V54"
55 "V38"
56 "V43"
57 "V42"
58 "V39"
59 "V36"
60 "V18"
61 "V6"
62 "V8"
63 "V4"
64 "V2"
*Arcs
62 1 1.0
17 18 1.0
4 32 1.0
42 26 1.0
4 57 1.0
29 30 1.0
49 27 1.0
24 63 1.0
30 19 1.0
36 42 1.0
40 5 1.0
8 21 1.0
45 12 1.0
20 43 1.0
19 62 1.0
8 58 1.0
49 16 1.0
35 49 1.0
58 40 1.0
61 51 1.0
59 11 1.0
6 56 1.0
52 4 1.0
62 54 1.0
35 53 1.0
1 33 1.0
26 61 1.0
38 29 1.0
35 25 1.0
17 9 1.0
13 26 1.0
50 39 1.0
32 23 1.0
6 48 1.0
23 34 1.0
45 44 1.0
33 7 1.0
6 10 1.0
47 42 1.0
32 14 1.0
23 55 1.0
23 46 1.0
20 31 1.0
34 37 1.0
7 1 1.0
31 20 1.0
31 60 1.0
25 24 1.0
14 45 1.0
34 57 1.0
1 38 1.0
40 4 1.0
21 5 1.0
24 2 1.0
42 19 1.0
58 27 1.0
50 47 1.0
14 13 1.0
1 52 1.0
14 17 1.0
61 29 1.0
31 64 1.0
21 16 1.0
13 50 1.0
48 34 1.0
28 41 1.0
33 54 1.0
55 61 1.0
24 33 1.0
52 11 1.0
60 51 1.0
62 14 1.0
40 35 1.0
6 39 1.0
34 26 1.0
33 36 1.0
44 30 1.0
14 15 1.0
5 6 1.0
9 8 1.0
32 7 1.0
8 22 1.0
26 43 1.0
42 31 1.0
9 63 1.0
35 3 1.0
11 42 1.0
28 19 1.0
32 20 1.0
58 49 1.0
20 56 1.0
52 38 1.0
21 4 1.0
28 58 1.0
14 62 1.0
54 24 1.0
62 40 1.0
35 29 1.0
54 59 1.0
14 25 1.0
32 27 1.0
7 47 1.0
62 53 1.0
62 10 1.0
3 51 1.0
47 44 1.0
11 23 1.0
25 48 1.0
8 34 1.0
64 9 1.0
32 52 1.0
33 13 1.0
29 15 1.0
15 55 1.0
36 46 1.0
12 37 1.0
48 31 1.0
21 35 1.0
56 14 1.0
32 63 1.0
64 45 1.0
47 27 1.0
44 57 1.0
48 4 1.0
40 32 1.0
46 20 1.0
55 6 1.0
41 1 1.0
8 16 1.0
3 40 1.0
21 11 1.0
37 49 1.0
30 28 1.0
14 51 1.0
1 41 1.0
54 56 1.0
54 42 1.0
17 19 1.0
58 21 1.0
53 5 1.0
36 43 1.0
1 17 1.0
57 58 1.0
16 62 1.0
25 36 1.0
17 44 1.0
22 3 1.0
46 63 1.0
54 10 1.0
14 22 1.0
41 42 1.0
56 7 1.0
12 54 1.0
18 61 1.0
50 33 1.0
32 25 1.0
48 6 1.0
34 9 1.0
12 39 1.0
45 26 1.0
27 57 1.0
17 4 1.0
46 38 1.0
58 20 1.0
43 2 1.0
26 59 1.0
9 47 1.0
57 27 1.0
16 45 1.0
48 58 1.0
52 37 1.0
27 46 1.0
36 31 1.0
32 1 1.0
10 24 1.0
24 60 1.0
41 51 1.0
25 14 1.0
49 48 1.0
37 16 1.0
38 11 1.0
35 54 1.0
52 61 1.0
41 35 1.0
60 41 1.0
23 17 1.0
41 52 1.0
54 5 1.0
40 29 1.0
34 50 1.0
9 13 1.0
5 34 1.0
60 21 1.0
55 42 1.0
60 5 1.0
26 12 1.0
23 3 1.0
10 30 1.0
44 19 1.0
58 63 1.0
42 39 1.0
61 18 1.0
27 36 1.0
52 26 1.0
19 15 1.0
3 33 1.0
53 6 1.0
39 59 1.0
58 25 1.0
37 29 1.0
21 56 1.0
58 53 1.0
61 54 1.0
46 61 1.0
51 24 1.0
56 49 1.0
44 11 1.0
37 4 1.0
63 51 1.0
30 43 1.0
10 62 1.0
41 58 1.0
45 40 1.0
36 55 1.0
29 46 1.0
19 37 1.0
30 31 1.0
62 7 1.0
43 14 1.0
63 42 1.0
17 10 1.0
9 48 1.0
35 23 1.0
50 44 1.0
57 34 1.0
62 26 1.0
47 39 1.0
44 9 1.0
3 43 1.0
61 13 1.0
35 21 1.0
46 17 1.0
36 2 1.0
35 5 1.0
13 47 1.0
34 19 1.0
13 45 1.0
19 27 1.0
61 4 1.0
33 57 1.0
40 20 1.0
27 32 1.0
49 60 1.0
10 1 1.0
13 24 1.0
58 44 1.0
9 36 1.0
35 39 1.0
11 26 1.0
41 22 1.0
18 42 1.0
13 63 1.0
48 19 1.0
10 3 1.0
4 62 1.0
48 43 1.0
27 31 1.0
54 7 1.0
41 49 1.0
59 24 1.0
61 40 1.0
62 58 1.0
56 16 1.0
40 64 1.0
3 58 1.0
47 50 1.0
5 35 1.0
23 11 1.0
15 51 1.0
47 14 1.0
10 61 1.0
8 33 1.0
61 41 1.0
59 54 1.0
22 8 1.0
61 15 1.0
14 6 1.0
28 48 1.0
53 23 1.0
55 51 1.0
63 10 1.0
56 35 1.0
11 14 1.0
26 37 1.0
10 41 1.0
26 55 1.0
10 46 1.0
19 6 1.0
55 15 1.0
59 18 1.0
60 1 1.0
50 57 1.0
2 26 1.0
60 32 1.0
21 20 1.0
35 38 1.0
55 4 1.0
53 56 1.0
38 45 1.0
54 27 1.0
20 47 1.0
56 59 1.0
26 25 1.0
11 29 1.0
1 9 1.0
16 52 1.0
11 13 1.0
30 34 1.0
49 44 1.0
7 25 1.0
15 33 1.0
25 61 1.0
22 54 1.0
54 53 1.0
3 56 1.0
32 4 1.0
62 51 1.0
26 3 1.0
1 63 1.0
12 44 1.0
28 36 1.0
44 26 1.0
44 39 1.0
18 9 1.0
51 29 1.0
59 21 1.0
31 19 1.0
50 5 1.0
24 42 1.0
64 27 1.0
16 63 1.0
3 30 1.0
54 49 1.0
33 11 1.0
7 40 1.0
60 16 1.0
20 58 1.0
36 12 1.0
19 43 1.0
57 62 1.0
22 29 1.0
49 52 1.0
10 17 1.0
17 47 1.0
34 27 1.0
29 5 1.0
3 2 1.0
47 59 1.0
32 11 1.0
10 64 1.0
53 35 1.0
40 51 1.0
22 14 1.0
26 34 1.0
50 13 1.0
54 16 1.0
60 50 1.0
59 31 1.0
23 37 1.0
3 46 1.0
1 58 1.0
23 10 1.0
44 42 1.0
63 22 1.0
36 7 1.0
49 38 1.0
50 4 1.0
7 57 1.0
22 45 1.0
9 60 1.0
18 24 1.0
37 1 1.0
33 20 1.0
39 38 1.0
6 4 1.0
34 49 1.0
37 24 1.0
62 11 1.0
49 54 1.0
16 47 1.0
57 56 1.0
9 53 1.0
64 12 1.0
14 43 1.0
2 22 1.0
15 21 1.0
5 40 1.0
50 62 1.0
53 58 1.0
23 36 1.0
16 26 1.0
16 39 1.0
47 18 1.0
59 42 1.0
60 19 1.0
10 63 1.0
16 3 1.0
53 30 1.0
23 33 1.0
56 54 1.0
3 61 1.0
5 41 1.0
30 6 1.0
53 15 1.0
12 57 1.0
62 45 1.0
14 27 1.0
64 47 1.0
8 19 1.0
12 5 1.0
55 2 1.0
56 21 1.0
17 37 1.0
21 46 1.0
40 55 1.0
38 15 1.0
46 24 1.0
18 1 1.0
26 20 1.0
41 32 1.0
63 4 1.0
58 23 1.0
26 44 1.0
14 10 1.0
12 48 1.0
37 35 1.0
3 14 1.0
2 51 1.0
61 31 1.0
52 59 1.0
54 29 1.0
50 25 1.0
2 52 1.0
13 9 1.0
33 34 1.0
61 26 1.0
1 43 1.0
51 46 1.0
27 7 1.0
6 31 1.0
12 42 1.0
60 22 1.0
62 63 1.0
64 19 1.0
19 44 1.0
8 3 1.0
12 26 1.0
44 36 1.0
2 9 1.0
33 39 1.0
2 25 1.0
62 6 1.0
30 33 1.0
11 54 1.0
11 61 1.0
47 41 1.0
14 35 1.0
19 28 1.0
22 51 1.0
24 11 1.0
52 49 1.0
34 16 1.0
52 40 1.0
7 58 1.0
42 62 1.0
24 43 1.0
64 17 1.0
63 55 1.0
33 15 1.0
31 6 1.0
9 35 1.0
8 41 1.0
29 54 1.0
39 61 1.0
43 16 1.0
64 48 1.0
42 11 1.0
45 14 1.0
59 51 1.0
18 13 1.0
8 52 1.0
50 34 1.0
7 50 1.0
20 29 1.0
52 2 1.0
61 25 1.0
3 17 1.0
24 27 1.0
27 45 1.0
28 59 1.0
8 47 1.0
12 38 1.0
35 20 1.0
64 56 1.0
9 4 1.0
38 60 1.0
63 58 1.0
15 49 1.0
19 24 1.0
