*Vertices 64
1 "V0"
2 "V63"
3 "V52"
4 "V11"
5 "V15"
6 "V48"
7 "V45"
8 "V30"
9 "V29"
10 "V34"
11 "V33"
12 "V27"
13 "V9"
14 "V13"
15 "V17"
16 "V50"
17 "V28"
18 "V31"
19 "V35"
20 "V32"
21 "V46"
22 "V14"
23 "V51"
24 "V49"
25 "V16"
26 "V10"
27 "V53"
28 "V12"
29 "V47"
30 "V22"
31 "V26"
32 "V59"
33 "V37"
34 "V40"
35 "V44"
36 "V41"
37 "V55"
38 "V60"
39 "V58"
40 "V19"
41 "V25"
42 "V62"
43 "V56"
44 "V21"
45 "V23"
46 "V7"
47 "V5"
48 "V3"
49 "V1"
50 "V20"
51 "V61"
52 "V57"
53 "V24"
54 "V54"
55 "V38"
56 "V43"
57 "V42"
58 "V39"
59 "V36"
60 "V18"
61 "V6"
62 "V8"
63 "V4"
64 "V2"
*Arcs
1 21 1.0
30 46 1.0
11 17 1.0
16 56 1.0
47 55 1.0
23 2 1.0
63 24 1.0
4 28 1.0
30 13 1.0
8 39 1.0
58 4 1.0
10 55 1.0
34 10 1.0
1 29 1.0
17 6 1.0
4 64 1.0
39 25 1.0
52 13 1.0
9 55 1.0
13 32 1.0
1 6 1.0
15 2 1.0
29 27 1.0
21 39 1.0
14 8 1.0
15 22 1.0
60 47 1.0
6 12 1.0
59 17 1.0
40 29 1.0
54 11 1.0
37 27 1.0
46 60 1.0
33 18 1.0
62 45 1.0
41 17 1.0
56 25 1.0
23 3 1.0
35 34 1.0
29 59 1.0
51 49 1.0
31 64 1.0
22 55 1.0
20 11 1.0
11 47 1.0
5 47 1.0
48 8 1.0
51 14 1.0
30 11 1.0
31 41 1.0
16 44 1.0
55 64 1.0
44 4 1.0
43 61 1.0
43 28 1.0
13 26 1.0
58 5 1.0
12 31 1.0
26 53 1.0
7 20 1.0
7 22 1.0
38 45 1.0
43 50 1.0
42 25 1.0
17 31 1.0
25 31 1.0
10 47 1.0
47 30 1.0
10 64 1.0
49 29 1.0
23 14 1.0
15 29 1.0
47 24 1.0
2 8 1.0
45 47 1.0
19 20 1.0
61 28 1.0
3 11 1.0
27 33 1.0
61 21 1.0
28 64 1.0
53 26 1.0
36 8 1.0
56 6 1.0
57 12 1.0
58 32 1.0
49 60 1.0
8 60 1.0
14 7 1.0
38 31 1.0
18 8 1.0
32 49 1.0
60 50 1.0
64 51 1.0
40 15 1.0
24 8 1.0
6 1 1.0
50 49 1.0
31 33 1.0
22 31 1.0
56 46 1.0
3 46 1.0
35 12 1.0
6 31 1.0
33 45 1.0
41 28 1.0
54 60 1.0
62 48 1.0
46 50 1.0
37 21 1.0
12 27 1.0
63 32 1.0
44 14 1.0
23 26 1.0
16 24 1.0
30 52 1.0
48 55 1.0
5 15 1.0
42 21 1.0
20 21 1.0
51 31 1.0
11 55 1.0
39 16 1.0
52 27 1.0
4 20 1.0
34 50 1.0
9 2 1.0
28 8 1.0
18 46 1.0
19 58 1.0
45 64 1.0
34 20 1.0
19 7 1.0
22 25 1.0
59 46 1.0
26 36 1.0
60 39 1.0
27 1 1.0
46 27 1.0
21 25 1.0
29 52 1.0
1 55 1.0
9 64 1.0
49 12 1.0
60 57 1.0
38 57 1.0
32 41 1.0
57 61 1.0
14 55 1.0
8 40 1.0
34 30 1.0
35 44 1.0
14 50 1.0
36 6 1.0
53 60 1.0
33 63 1.0
55 14 1.0
40 37 1.0
50 13 1.0
37 22 1.0
45 61 1.0
62 28 1.0
6 7 1.0
24 64 1.0
64 35 1.0
18 5 1.0
64 9 1.0
40 62 1.0
17 16 1.0
25 32 1.0
7 45 1.0
51 8 1.0
52 29 1.0
21 27 1.0
58 49 1.0
12 61 1.0
43 64 1.0
26 25 1.0
13 22 1.0
52 22 1.0
59 24 1.0
61 29 1.0
45 40 1.0
3 55 1.0
3 64 1.0
53 4 1.0
47 64 1.0
15 58 1.0
2 41 1.0
10 20 1.0
61 46 1.0
2 6 1.0
19 22 1.0
64 30 1.0
40 39 1.0
46 40 1.0
4 16 1.0
59 9 1.0
59 26 1.0
5 53 1.0
62 21 1.0
7 25 1.0
41 5 1.0
27 41 1.0
41 1 1.0
54 34 1.0
9 6 1.0
36 10 1.0
39 62 1.0
4 21 1.0
39 50 1.0
28 31 1.0
60 46 1.0
8 47 1.0
29 28 1.0
1 32 1.0
49 53 1.0
29 1 1.0
16 18 1.0
23 48 1.0
63 16 1.0
44 9 1.0
11 32 1.0
17 9 1.0
34 46 1.0
58 17 1.0
20 55 1.0
26 9 1.0
52 15 1.0
30 25 1.0
35 57 1.0
24 28 1.0
27 40 1.0
56 17 1.0
31 59 1.0
22 48 1.0
51 47 1.0
42 4 1.0
20 39 1.0
5 1 1.0
48 53 1.0
3 29 1.0
27 58 1.0
61 47 1.0
45 18 1.0
19 55 1.0
33 64 1.0
57 64 1.0
36 53 1.0
36 51 1.0
28 13 1.0
32 61 1.0
53 17 1.0
21 55 1.0
39 6 1.0
42 23 1.0
7 44 1.0
17 33 1.0
25 8 1.0
46 54 1.0
2 63 1.0
48 52 1.0
10 18 1.0
15 55 1.0
47 46 1.0
50 23 1.0
13 21 1.0
50 61 1.0
55 8 1.0
33 22 1.0
53 55 1.0
43 13 1.0
13 9 1.0
54 21 1.0
12 14 1.0
37 24 1.0
31 14 1.0
18 28 1.0
57 54 1.0
38 51 1.0
14 23 1.0
32 5 1.0
22 28 1.0
50 16 1.0
18 12 1.0
24 55 1.0
64 1 1.0
6 9 1.0
48 45 1.0
39 34 1.0
2 15 1.0
4 53 1.0
52 31 1.0
9 50 1.0
17 26 1.0
26 55 1.0
30 58 1.0
34 17 1.0
9 17 1.0
11 28 1.0
58 55 1.0
44 47 1.0
11 24 1.0
23 18 1.0
63 2 1.0
16 4 1.0
63 49 1.0
20 61 1.0
5 55 1.0
35 39 1.0
5 39 1.0
42 41 1.0
51 27 1.0
56 8 1.0
56 48 1.0
16 35 1.0
22 47 1.0
38 32 1.0
31 5 1.0
54 52 1.0
54 56 1.0
41 62 1.0
62 53 1.0
21 44 1.0
33 17 1.0
25 24 1.0
28 33 1.0
59 20 1.0
40 46 1.0
46 49 1.0
6 55 1.0
49 20 1.0
1 57 1.0
29 22 1.0
8 23 1.0
60 49 1.0
35 14 1.0
7 50 1.0
25 47 1.0
32 62 1.0
42 6 1.0
37 20 1.0
12 52 1.0
43 59 1.0
12 55 1.0
26 39 1.0
37 60 1.0
55 60 1.0
41 29 1.0
44 17 1.0
55 26 1.0
44 49 1.0
13 57 1.0
24 51 1.0
64 31 1.0
24 47 1.0
48 62 1.0
20 60 1.0
50 56 1.0
38 36 1.0
49 58 1.0
14 47 1.0
32 46 1.0
18 60 1.0
8 61 1.0
28 17 1.0
53 18 1.0
57 26 1.0
55 20 1.0
36 34 1.0
57 17 1.0
45 46 1.0
19 48 1.0
27 49 1.0
47 31 1.0
3 24 1.0
61 63 1.0
10 11 1.0
15 36 1.0
21 64 1.0
62 47 1.0
25 39 1.0
63 7 1.0
2 9 1.0
