*Vertices 16
1 "V0"
2 "V13"
3 "V11"
4 "V15"
5 "V14"
6 "V10"
7 "V12"
8 "V7"
9 "V9"
10 "V5"
11 "V3"
12 "V1"
13 "V6"
14 "V8"
15 "V4"
16 "V2"
*Arcs
1 3 1.0
9 7 1.0
8 15 1.0
3 12 1.0
5 1 1.0
4 11 1.0
13 11 1.0
2 11 1.0
10 5 1.0
16 1 1.0
16 10 1.0
11 8 1.0
11 2 1.0
9 2 1.0
16 2 1.0
5 15 1.0
2 7 1.0
5 11 1.0
9 5 1.0
2 12 1.0
6 13 1.0
6 1 1.0
6 12 1.0
2 10 1.0
1 8 1.0
5 14 1.0
13 5 1.0
16 12 1.0
11 1 1.0
11 16 1.0
11 12 1.0
13 1 1.0
5 6 1.0
8 11 1.0
13 7 1.0
1 16 1.0
6 10 1.0
8 14 1.0
7 8 1.0
13 12 1.0
3 1 1.0
9 12 1.0
6 7 1.0
2 1 1.0
2 8 1.0
6 8 1.0
12 1 1.0
16 15 1.0
14 7 1.0
15 12 1.0
15 7 1.0
10 1 1.0
10 11 1.0
8 1 1.0
14 3 1.0
14 13 1.0
1 13 1.0
12 2 1.0
9 6 1.0
14 11 1.0
12 8 1.0
12 6 1.0
7 3 1.0
8 9 1.0
10 13 1.0
7 9 1.0
3 13 1.0
11 9 1.0
12 7 1.0
5 13 1.0
4 10 1.0
7 6 1.0
3 15 1.0
1 7 1.0
9 10 1.0
14 15 1.0
4 13 1.0
12 3 1.0
8 12 1.0
15 2 1.0
10 15 1.0
10 12 1.0
15 11 1.0
3 8 1.0
15 14 1.0
4 7 1.0
4 9 1.0
4 1 1.0
1 12 1.0
7 1 1.0
3 9 1.0
13 9 1.0
14 8 1.0
7 14 1.0
15 5 1.0
16 7 1.0
