*Vertices 64
1 "V0"
2 "V63"
3 "V52"
4 "V11"
5 "V15"
6 "V48"
7 "V45"
8 "V30"
9 "V29"
10 "V34"
11 "V33"
12 "V27"
13 "V9"
14 "V13"
15 "V17"
16 "V50"
17 "V28"
18 "V31"
19 "V35"
20 "V32"
21 "V46"
22 "V14"
23 "V51"
24 "V49"
25 "V16"
26 "V10"
27 "V53"
28 "V12"
29 "V47"
30 "V22"
31 "V26"
32 "V59"
33 "V37"
34 "V40"
35 "V44"
36 "V41"
37 "V55"
38 "V60"
39 "V58"
40 "V19"
41 "V25"
42 "V62"
43 "V56"
44 "V21"
45 "V23"
46 "V7"
47 "V5"
48 "V3"
49 "V1"
50 "V20"
51 "V61"
52 "V57"
53 "V24"
54 "V54"
55 "V38"
56 "V43"
57 "V42"
58 "V39"
59 "V36"
60 "V18"
61 "V6"
62 "V8"
63 "V4"
64 "V2"
*Arcs
1 21 1.0
30 46 1.0
11 58 1.0
16 17 1.0
47 11 1.0
23 17 1.0
63 24 1.0
4 57 1.0
30 15 1.0
8 63 1.0
58 61 1.0
10 44 1.0
34 53 1.0
1 22 1.0
17 44 1.0
4 2 1.0
39 64 1.0
52 30 1.0
9 44 1.0
13 52 1.0
1 2 1.0
15 24 1.0
29 8 1.0
21 51 1.0
14 44 1.0
15 8 1.0
60 40 1.0
6 11 1.0
59 42 1.0
40 19 1.0
54 1 1.0
37 64 1.0
46 8 1.0
33 23 1.0
62 21 1.0
41 48 1.0
56 1 1.0
23 14 1.0
35 48 1.0
29 46 1.0
51 40 1.0
31 26 1.0
22 64 1.0
20 61 1.0
11 61 1.0
5 10 1.0
48 10 1.0
51 34 1.0
30 33 1.0
31 64 1.0
16 11 1.0
55 64 1.0
44 28 1.0
43 13 1.0
43 45 1.0
13 12 1.0
58 64 1.0
12 11 1.0
26 8 1.0
7 19 1.0
7 44 1.0
38 13 1.0
43 63 1.0
42 41 1.0
17 46 1.0
25 1 1.0
10 64 1.0
47 29 1.0
10 41 1.0
49 61 1.0
23 58 1.0
15 61 1.0
47 1 1.0
2 52 1.0
45 44 1.0
19 13 1.0
61 46 1.0
3 52 1.0
27 23 1.0
61 12 1.0
28 16 1.0
53 40 1.0
36 29 1.0
56 44 1.0
57 30 1.0
58 23 1.0
49 48 1.0
8 61 1.0
14 1 1.0
38 18 1.0
18 46 1.0
32 64 1.0
60 48 1.0
64 41 1.0
40 48 1.0
24 6 1.0
6 23 1.0
50 63 1.0
31 63 1.0
22 63 1.0
56 9 1.0
3 21 1.0
35 20 1.0
6 13 1.0
33 63 1.0
41 61 1.0
54 61 1.0
62 1 1.0
46 21 1.0
37 1 1.0
12 2 1.0
63 10 1.0
44 23 1.0
23 16 1.0
16 28 1.0
30 63 1.0
48 46 1.0
5 31 1.0
42 37 1.0
20 60 1.0
51 11 1.0
11 15 1.0
39 11 1.0
52 41 1.0
4 64 1.0
34 48 1.0
9 64 1.0
28 9 1.0
18 23 1.0
19 52 1.0
45 58 1.0
34 35 1.0
19 63 1.0
22 23 1.0
59 41 1.0
26 58 1.0
60 16 1.0
27 1 1.0
46 11 1.0
21 63 1.0
29 17 1.0
1 11 1.0
9 63 1.0
49 24 1.0
60 17 1.0
38 44 1.0
32 12 1.0
57 41 1.0
14 63 1.0
8 12 1.0
34 64 1.0
35 57 1.0
14 20 1.0
36 8 1.0
53 24 1.0
33 64 1.0
55 1 1.0
40 24 1.0
50 5 1.0
37 46 1.0
45 12 1.0
62 46 1.0
6 28 1.0
24 60 1.0
64 51 1.0
18 4 1.0
64 1 1.0
40 28 1.0
17 51 1.0
25 51 1.0
7 55 1.0
51 46 1.0
52 6 1.0
21 5 1.0
58 9 1.0
12 33 1.0
43 54 1.0
26 23 1.0
13 49 1.0
52 9 1.0
59 2 1.0
61 35 1.0
45 63 1.0
3 5 1.0
3 55 1.0
53 18 1.0
47 63 1.0
15 1 1.0
2 31 1.0
10 33 1.0
61 29 1.0
2 64 1.0
19 61 1.0
64 39 1.0
40 46 1.0
46 64 1.0
4 10 1.0
59 49 1.0
59 23 1.0
5 27 1.0
62 8 1.0
7 22 1.0
41 46 1.0
27 15 1.0
41 24 1.0
54 10 1.0
9 50 1.0
36 48 1.0
39 2 1.0
4 48 1.0
39 44 1.0
28 40 1.0
60 28 1.0
8 44 1.0
29 40 1.0
1 63 1.0
49 64 1.0
29 28 1.0
16 53 1.0
23 64 1.0
63 12 1.0
44 46 1.0
11 64 1.0
17 1 1.0
34 51 1.0
58 2 1.0
20 51 1.0
26 2 1.0
52 44 1.0
30 1 1.0
35 17 1.0
24 1 1.0
27 55 1.0
56 8 1.0
31 18 1.0
22 46 1.0
51 7 1.0
42 31 1.0
20 26 1.0
5 57 1.0
48 49 1.0
3 6 1.0
27 59 1.0
61 10 1.0
45 53 1.0
19 12 1.0
33 14 1.0
57 37 1.0
36 31 1.0
36 39 1.0
28 13 1.0
32 5 1.0
53 64 1.0
21 40 1.0
39 35 1.0
42 10 1.0
7 31 1.0
17 61 1.0
25 47 1.0
46 18 1.0
2 51 1.0
48 13 1.0
10 11 1.0
15 38 1.0
47 28 1.0
50 28 1.0
13 2 1.0
50 29 1.0
55 6 1.0
33 15 1.0
53 1 1.0
43 19 1.0
13 63 1.0
54 17 1.0
12 41 1.0
37 51 1.0
31 49 1.0
18 10 1.0
57 46 1.0
38 14 1.0
14 43 1.0
32 13 1.0
22 34 1.0
50 20 1.0
18 29 1.0
24 10 1.0
64 18 1.0
6 9 1.0
48 53 1.0
39 25 1.0
2 43 1.0
4 17 1.0
52 11 1.0
9 1 1.0
17 2 1.0
26 9 1.0
30 64 1.0
34 18 1.0
9 12 1.0
11 44 1.0
58 10 1.0
44 55 1.0
11 5 1.0
23 24 1.0
63 64 1.0
16 2 1.0
63 37 1.0
20 1 1.0
5 40 1.0
35 44 1.0
5 49 1.0
42 56 1.0
51 10 1.0
56 51 1.0
56 12 1.0
16 15 1.0
22 24 1.0
38 31 1.0
31 40 1.0
54 2 1.0
54 64 1.0
41 1 1.0
62 24 1.0
21 25 1.0
33 60 1.0
25 14 1.0
28 24 1.0
59 10 1.0
40 17 1.0
46 29 1.0
6 22 1.0
49 14 1.0
1 19 1.0
29 13 1.0
8 10 1.0
60 13 1.0
35 47 1.0
7 58 1.0
25 23 1.0
32 61 1.0
42 9 1.0
37 15 1.0
12 40 1.0
43 17 1.0
12 5 1.0
26 1 1.0
37 63 1.0
55 59 1.0
41 4 1.0
44 2 1.0
55 18 1.0
44 49 1.0
13 64 1.0
24 51 1.0
64 24 1.0
24 45 1.0
48 6 1.0
20 48 1.0
50 13 1.0
38 23 1.0
49 34 1.0
14 17 1.0
32 25 1.0
18 49 1.0
8 40 1.0
28 46 1.0
53 23 1.0
57 59 1.0
55 38 1.0
36 46 1.0
57 34 1.0
45 50 1.0
19 23 1.0
27 63 1.0
47 23 1.0
3 17 1.0
61 24 1.0
10 30 1.0
15 21 1.0
21 11 1.0
62 34 1.0
25 64 1.0
63 57 1.0
2 56 1.0
