*Vertices 64
1 "V0"
2 "V63"
3 "V52"
4 "V11"
5 "V15"
6 "V48"
7 "V45"
8 "V30"
9 "V29"
10 "V34"
11 "V33"
12 "V27"
13 "V9"
14 "V13"
15 "V17"
16 "V50"
17 "V28"
18 "V31"
19 "V35"
20 "V32"
21 "V46"
22 "V14"
23 "V51"
24 "V49"
25 "V16"
26 "V10"
27 "V53"
28 "V12"
29 "V47"
30 "V22"
31 "V26"
32 "V59"
33 "V37"
34 "V40"
35 "V44"
36 "V41"
37 "V55"
38 "V60"
39 "V58"
40 "V19"
41 "V25"
42 "V62"
43 "V56"
44 "V21"
45 "V23"
46 "V7"
47 "V5"
48 "V3"
49 "V1"
50 "V20"
51 "V61"
52 "V57"
53 "V24"
54 "V54"
55 "V38"
56 "V43"
57 "V42"
58 "V39"
59 "V36"
60 "V18"
61 "V6"
62 "V8"
63 "V4"
64 "V2"
*Arcs
1 21 1.0
30 2 1.0
11 52 1.0
16 49 1.0
47 33 1.0
23 30 1.0
63 31 1.0
4 52 1.0
30 61 1.0
8 48 1.0
58 53 1.0
10 58 1.0
34 5 1.0
1 9 1.0
17 5 1.0
4 24 1.0
39 43 1.0
52 41 1.0
9 64 1.0
13 63 1.0
1 30 1.0
15 52 1.0
29 63 1.0
21 49 1.0
14 28 1.0
15 41 1.0
60 25 1.0
6 9 1.0
59 23 1.0
40 49 1.0
54 52 1.0
37 33 1.0
46 51 1.0
33 1 1.0
62 45 1.0
41 49 1.0
56 25 1.0
23 42 1.0
35 28 1.0
29 45 1.0
51 36 1.0
31 49 1.0
22 1 1.0
20 62 1.0
11 25 1.0
5 13 1.0
48 2 1.0
51 40 1.0
30 22 1.0
31 52 1.0
16 57 1.0
55 30 1.0
44 49 1.0
43 62 1.0
43 5 1.0
13 33 1.0
58 8 1.0
12 21 1.0
26 49 1.0
7 9 1.0
7 44 1.0
38 3 1.0
43 41 1.0
42 22 1.0
17 26 1.0
25 46 1.0
10 48 1.0
47 50 1.0
10 26 1.0
49 18 1.0
23 3 1.0
15 5 1.0
47 54 1.0
2 28 1.0
45 13 1.0
19 21 1.0
61 55 1.0
3 24 1.0
27 47 1.0
61 34 1.0
28 2 1.0
53 64 1.0
36 37 1.0
56 27 1.0
57 60 1.0
58 5 1.0
49 31 1.0
8 28 1.0
14 49 1.0
38 13 1.0
18 10 1.0
32 6 1.0
60 64 1.0
64 1 1.0
40 32 1.0
24 57 1.0
6 57 1.0
50 24 1.0
31 7 1.0
22 25 1.0
56 28 1.0
3 40 1.0
35 25 1.0
6 49 1.0
33 10 1.0
41 32 1.0
54 56 1.0
62 41 1.0
46 1 1.0
37 64 1.0
12 37 1.0
63 49 1.0
44 46 1.0
23 48 1.0
16 19 1.0
30 5 1.0
48 14 1.0
5 35 1.0
42 8 1.0
20 45 1.0
51 28 1.0
11 51 1.0
39 31 1.0
52 16 1.0
4 5 1.0
34 14 1.0
9 44 1.0
28 52 1.0
18 43 1.0
19 64 1.0
45 22 1.0
34 44 1.0
19 2 1.0
22 38 1.0
59 47 1.0
26 52 1.0
60 62 1.0
27 11 1.0
46 20 1.0
21 30 1.0
29 61 1.0
1 41 1.0
9 25 1.0
49 64 1.0
60 47 1.0
38 30 1.0
32 49 1.0
57 62 1.0
14 5 1.0
8 64 1.0
34 25 1.0
35 56 1.0
14 37 1.0
36 3 1.0
53 30 1.0
33 47 1.0
55 44 1.0
40 3 1.0
50 56 1.0
37 47 1.0
45 10 1.0
62 12 1.0
6 20 1.0
24 14 1.0
64 25 1.0
18 28 1.0
64 2 1.0
40 41 1.0
17 63 1.0
25 1 1.0
7 63 1.0
51 39 1.0
52 5 1.0
21 14 1.0
58 48 1.0
12 64 1.0
43 63 1.0
26 29 1.0
13 49 1.0
52 25 1.0
59 13 1.0
61 49 1.0
45 46 1.0
3 28 1.0
3 7 1.0
53 49 1.0
47 3 1.0
15 27 1.0
2 1 1.0
10 52 1.0
61 33 1.0
2 49 1.0
19 14 1.0
64 50 1.0
40 35 1.0
46 41 1.0
4 7 1.0
59 46 1.0
59 62 1.0
5 50 1.0
62 40 1.0
7 12 1.0
41 61 1.0
27 36 1.0
41 7 1.0
54 18 1.0
9 11 1.0
36 51 1.0
39 52 1.0
4 62 1.0
39 3 1.0
28 61 1.0
60 3 1.0
8 46 1.0
29 62 1.0
1 26 1.0
49 32 1.0
29 44 1.0
16 44 1.0
23 27 1.0
63 2 1.0
44 37 1.0
11 45 1.0
17 37 1.0
34 61 1.0
58 14 1.0
20 35 1.0
26 46 1.0
52 18 1.0
30 48 1.0
35 44 1.0
24 15 1.0
27 23 1.0
56 49 1.0
31 47 1.0
22 64 1.0
51 15 1.0
42 52 1.0
20 1 1.0
5 18 1.0
48 3 1.0
3 14 1.0
27 55 1.0
61 14 1.0
45 44 1.0
19 30 1.0
33 63 1.0
57 35 1.0
36 2 1.0
36 14 1.0
28 44 1.0
32 64 1.0
53 39 1.0
21 18 1.0
39 62 1.0
42 35 1.0
7 5 1.0
17 51 1.0
25 22 1.0
46 2 1.0
2 56 1.0
48 23 1.0
10 18 1.0
15 25 1.0
47 30 1.0
50 27 1.0
13 46 1.0
50 30 1.0
55 64 1.0
33 4 1.0
53 5 1.0
43 3 1.0
13 64 1.0
54 30 1.0
12 46 1.0
37 25 1.0
31 51 1.0
18 63 1.0
57 12 1.0
38 61 1.0
14 29 1.0
32 43 1.0
22 28 1.0
50 41 1.0
18 46 1.0
24 60 1.0
64 28 1.0
6 7 1.0
48 64 1.0
39 21 1.0
2 25 1.0
4 64 1.0
52 36 1.0
9 49 1.0
17 22 1.0
26 48 1.0
30 26 1.0
34 49 1.0
9 51 1.0
11 34 1.0
58 46 1.0
44 48 1.0
11 15 1.0
23 53 1.0
63 41 1.0
16 61 1.0
63 52 1.0
20 63 1.0
5 28 1.0
35 49 1.0
5 60 1.0
42 45 1.0
51 46 1.0
56 7 1.0
56 59 1.0
16 37 1.0
22 41 1.0
38 35 1.0
31 39 1.0
54 59 1.0
54 37 1.0
41 37 1.0
62 22 1.0
21 9 1.0
33 53 1.0
25 61 1.0
28 1 1.0
59 18 1.0
40 50 1.0
46 34 1.0
6 60 1.0
49 24 1.0
1 12 1.0
29 20 1.0
8 5 1.0
60 28 1.0
35 14 1.0
7 28 1.0
25 28 1.0
32 12 1.0
42 51 1.0
37 46 1.0
12 62 1.0
43 8 1.0
12 32 1.0
26 7 1.0
37 51 1.0
55 50 1.0
41 62 1.0
44 24 1.0
55 13 1.0
44 62 1.0
13 37 1.0
24 13 1.0
64 52 1.0
24 63 1.0
48 52 1.0
20 52 1.0
50 19 1.0
38 14 1.0
49 14 1.0
14 62 1.0
32 52 1.0
18 13 1.0
8 35 1.0
28 49 1.0
53 18 1.0
57 11 1.0
55 51 1.0
36 28 1.0
57 3 1.0
45 25 1.0
19 45 1.0
27 62 1.0
47 49 1.0
3 17 1.0
61 18 1.0
10 61 1.0
15 46 1.0
21 17 1.0
62 23 1.0
25 14 1.0
63 28 1.0
2 24 1.0
