*Vertices 16
1 "V0"
2 "V13"
3 "V11"
4 "V15"
5 "V14"
6 "V10"
7 "V12"
8 "V7"
9 "V9"
10 "V5"
11 "V3"
12 "V1"
13 "V6"
14 "V8"
15 "V4"
16 "V2"
*Arcs
1 3 1.0
9 13 1.0
8 5 1.0
3 9 1.0
5 6 1.0
4 10 1.0
13 2 1.0
2 10 1.0
10 6 1.0
16 14 1.0
16 10 1.0
11 5 1.0
11 9 1.0
9 15 1.0
16 12 1.0
5 9 1.0
2 3 1.0
5 2 1.0
9 4 1.0
2 14 1.0
6 3 1.0
6 5 1.0
6 16 1.0
2 6 1.0
1 2 1.0
5 10 1.0
13 8 1.0
16 15 1.0
11 1 1.0
11 16 1.0
11 15 1.0
13 3 1.0
5 14 1.0
8 1 1.0
13 11 1.0
1 16 1.0
6 13 1.0
8 12 1.0
7 12 1.0
13 15 1.0
3 12 1.0
9 11 1.0
6 2 1.0
2 8 1.0
2 16 1.0
6 8 1.0
12 11 1.0
16 1 1.0
14 16 1.0
15 16 1.0
15 10 1.0
10 1 1.0
10 16 1.0
8 16 1.0
14 3 1.0
14 9 1.0
1 11 1.0
12 15 1.0
9 3 1.0
14 2 1.0
12 5 1.0
12 9 1.0
7 13 1.0
8 15 1.0
10 9 1.0
7 3 1.0
3 8 1.0
11 12 1.0
12 1 1.0
5 12 1.0
4 13 1.0
7 1 1.0
3 15 1.0
1 15 1.0
9 16 1.0
14 5 1.0
4 2 1.0
12 3 1.0
8 9 1.0
15 8 1.0
10 5 1.0
10 12 1.0
15 12 1.0
3 11 1.0
15 9 1.0
4 7 1.0
4 5 1.0
4 9 1.0
1 9 1.0
7 8 1.0
3 14 1.0
13 10 1.0
14 13 1.0
7 5 1.0
15 1 1.0
16 6 1.0
