*Vertices 64
1 "V0"
2 "V63"
3 "V52"
4 "V11"
5 "V15"
6 "V48"
7 "V45"
8 "V30"
9 "V29"
10 "V34"
11 "V33"
12 "V27"
13 "V9"
14 "V13"
15 "V17"
16 "V50"
17 "V28"
18 "V31"
19 "V35"
20 "V32"
21 "V46"
22 "V14"
23 "V51"
24 "V49"
25 "V16"
26 "V10"
27 "V53"
28 "V12"
29 "V47"
30 "V22"
31 "V26"
32 "V59"
33 "V37"
34 "V40"
35 "V44"
36 "V41"
37 "V55"
38 "V60"
39 "V58"
40 "V19"
41 "V25"
42 "V62"
43 "V56"
44 "V21"
45 "V23"
46 "V7"
47 "V5"
48 "V3"
49 "V1"
50 "V20"
51 "V61"
52 "V57"
53 "V24"
54 "V54"
55 "V38"
56 "V43"
57 "V42"
58 "V39"
59 "V36"
60 "V18"
61 "V6"
62 "V8"
63 "V4"
64 "V2"
*Arcs
33 48 1.0
38 36 1.0
41 6 1.0
60 53 1.0
43 31 1.0
19 42 1.0
38 51 1.0
4 2 1.0
56 43 1.0
4 32 1.0
28 3 1.0
12 52 1.0
3 6 1.0
52 35 1.0
4 58 1.0
59 36 1.0
39 57 1.0
36 44 1.0
5 15 1.0
34 14 1.0
2 28 1.0
1 61 1.0
57 53 1.0
6 10 1.0
8 58 1.0
45 56 1.0
3 43 1.0
38 16 1.0
53 32 1.0
26 42 1.0
5 52 1.0
35 2 1.0
28 42 1.0
44 31 1.0
50 38 1.0
38 44 1.0
62 20 1.0
34 53 1.0
41 55 1.0
59 50 1.0
30 5 1.0
53 14 1.0
3 62 1.0
