*Vertices 32
1 "V0"
2 "V22"
3 "V26"
4 "V11"
5 "V15"
6 "V30"
7 "V29"
8 "V27"
9 "V25"
10 "V19"
11 "V21"
12 "V23"
13 "V9"
14 "V7"
15 "V5"
16 "V3"
17 "V1"
18 "V13"
19 "V17"
20 "V20"
21 "V24"
22 "V31"
23 "V28"
24 "V14"
25 "V10"
26 "V16"
27 "V12"
28 "V18"
29 "V8"
30 "V6"
31 "V4"
32 "V2"
*Arcs
16 1 1.0
2 6 1.0
10 20 1.0
27 32 1.0
5 19 1.0
14 16 1.0
20 26 1.0
16 21 1.0
8 11 1.0
17 29 1.0
26 15 1.0
2 30 1.0
2 27 1.0
26 21 1.0
14 21 1.0
12 21 1.0
22 17 1.0
1 6 1.0
9 7 1.0
20 18 1.0
1 18 1.0
9 18 1.0
3 32 1.0
29 6 1.0
4 16 1.0
9 26 1.0
17 22 1.0
24 15 1.0
1 11 1.0
17 21 1.0
9 15 1.0
32 2 1.0
31 25 1.0
23 13 1.0
18 13 1.0
24 25 1.0
26 3 1.0
9 3 1.0
15 8 1.0
12 8 1.0
9 5 1.0
29 26 1.0
1 31 1.0
11 31 1.0
21 10 1.0
16 14 1.0
3 2 1.0
23 21 1.0
19 14 1.0
24 12 1.0
15 27 1.0
31 4 1.0
6 25 1.0
26 27 1.0
25 23 1.0
24 23 1.0
28 17 1.0
26 17 1.0
1 17 1.0
24 1 1.0
20 7 1.0
29 7 1.0
21 19 1.0
8 28 1.0
10 2 1.0
29 20 1.0
12 16 1.0
18 31 1.0
29 10 1.0
25 9 1.0
1 12 1.0
28 25 1.0
23 14 1.0
18 14 1.0
31 24 1.0
11 9 1.0
24 9 1.0
6 9 1.0
26 16 1.0
28 22 1.0
14 22 1.0
27 5 1.0
7 24 1.0
9 22 1.0
11 5 1.0
21 3 1.0
20 27 1.0
13 21 1.0
18 25 1.0
26 13 1.0
32 21 1.0
29 2 1.0
5 15 1.0
28 11 1.0
8 15 1.0
1 15 1.0
11 26 1.0
19 26 1.0
3 26 1.0
22 8 1.0
14 26 1.0
24 8 1.0
7 3 1.0
31 21 1.0
16 3 1.0
1 25 1.0
28 21 1.0
10 15 1.0
3 30 1.0
6 11 1.0
15 13 1.0
23 32 1.0
30 32 1.0
13 16 1.0
2 32 1.0
20 6 1.0
8 6 1.0
2 20 1.0
27 20 1.0
7 27 1.0
22 18 1.0
32 18 1.0
32 6 1.0
3 7 1.0
2 18 1.0
31 23 1.0
20 4 1.0
21 9 1.0
24 14 1.0
7 14 1.0
27 9 1.0
30 12 1.0
11 25 1.0
10 31 1.0
19 16 1.0
8 16 1.0
23 22 1.0
12 2 1.0
18 2 1.0
4 31 1.0
22 24 1.0
28 24 1.0
21 5 1.0
2 22 1.0
25 22 1.0
18 5 1.0
18 23 1.0
32 24 1.0
26 9 1.0
13 27 1.0
32 4 1.0
32 9 1.0
13 14 1.0
10 12 1.0
23 2 1.0
8 14 1.0
6 30 1.0
11 10 1.0
14 10 1.0
31 20 1.0
12 7 1.0
12 28 1.0
4 7 1.0
14 7 1.0
3 17 1.0
19 17 1.0
16 17 1.0
6 1 1.0
