*Vertices 64
1 "V0"
2 "V63"
3 "V52"
4 "V11"
5 "V15"
6 "V48"
7 "V45"
8 "V30"
9 "V29"
10 "V34"
11 "V33"
12 "V27"
13 "V9"
14 "V13"
15 "V17"
16 "V50"
17 "V28"
18 "V31"
19 "V35"
20 "V32"
21 "V46"
22 "V14"
23 "V51"
24 "V49"
25 "V16"
26 "V10"
27 "V53"
28 "V12"
29 "V47"
30 "V22"
31 "V26"
32 "V59"
33 "V37"
34 "V40"
35 "V44"
36 "V41"
37 "V55"
38 "V60"
39 "V58"
40 "V19"
41 "V25"
42 "V62"
43 "V56"
44 "V21"
45 "V23"
46 "V7"
47 "V5"
48 "V3"
49 "V1"
50 "V20"
51 "V61"
52 "V57"
53 "V24"
54 "V54"
55 "V38"
56 "V43"
57 "V42"
58 "V39"
59 "V36"
60 "V18"
61 "V6"
62 "V8"
63 "V4"
64 "V2"
*Arcs
1 21 1.0
30 13 1.0
11 13 1.0
16 58 1.0
47 40 1.0
23 43 1.0
63 57 1.0
4 61 1.0
30 40 1.0
8 21 1.0
58 53 1.0
10 42 1.0
34 52 1.0
1 39 1.0
17 8 1.0
4 37 1.0
39 52 1.0
52 53 1.0
9 12 1.0
13 37 1.0
1 37 1.0
15 38 1.0
29 57 1.0
21 62 1.0
14 38 1.0
15 2 1.0
60 54 1.0
6 14 1.0
59 4 1.0
40 14 1.0
54 1 1.0
37 15 1.0
46 64 1.0
33 4 1.0
62 53 1.0
41 37 1.0
56 19 1.0
23 2 1.0
35 36 1.0
29 10 1.0
51 33 1.0
31 19 1.0
22 61 1.0
20 36 1.0
11 53 1.0
5 26 1.0
48 30 1.0
51 62 1.0
30 1 1.0
31 60 1.0
16 13 1.0
55 10 1.0
44 17 1.0
43 1 1.0
43 37 1.0
13 49 1.0
58 44 1.0
12 36 1.0
26 30 1.0
7 30 1.0
7 19 1.0
38 50 1.0
43 52 1.0
42 15 1.0
17 24 1.0
25 49 1.0
10 24 1.0
47 52 1.0
10 13 1.0
49 17 1.0
23 24 1.0
15 54 1.0
47 41 1.0
2 4 1.0
45 50 1.0
19 62 1.0
61 63 1.0
3 63 1.0
27 1 1.0
61 35 1.0
28 22 1.0
53 45 1.0
36 41 1.0
56 47 1.0
57 64 1.0
58 51 1.0
49 35 1.0
8 17 1.0
14 56 1.0
38 13 1.0
18 44 1.0
32 28 1.0
60 20 1.0
64 1 1.0
40 6 1.0
24 48 1.0
6 34 1.0
50 1 1.0
31 44 1.0
22 49 1.0
56 6 1.0
3 33 1.0
35 62 1.0
6 62 1.0
33 19 1.0
41 30 1.0
54 20 1.0
62 40 1.0
46 37 1.0
37 60 1.0
12 52 1.0
63 4 1.0
44 1 1.0
23 13 1.0
16 57 1.0
30 19 1.0
48 24 1.0
5 37 1.0
42 14 1.0
20 1 1.0
51 6 1.0
11 8 1.0
39 12 1.0
52 18 1.0
4 54 1.0
34 37 1.0
9 10 1.0
28 54 1.0
18 19 1.0
19 23 1.0
45 20 1.0
34 11 1.0
19 17 1.0
22 17 1.0
59 11 1.0
26 42 1.0
60 6 1.0
27 49 1.0
46 30 1.0
21 24 1.0
29 50 1.0
1 28 1.0
9 52 1.0
49 48 1.0
60 48 1.0
38 37 1.0
32 10 1.0
57 54 1.0
14 60 1.0
8 28 1.0
34 36 1.0
35 25 1.0
14 62 1.0
36 53 1.0
53 13 1.0
33 11 1.0
55 13 1.0
40 13 1.0
50 52 1.0
37 58 1.0
45 37 1.0
62 28 1.0
6 13 1.0
24 58 1.0
64 49 1.0
18 4 1.0
64 60 1.0
40 63 1.0
17 30 1.0
25 58 1.0
7 26 1.0
51 28 1.0
52 1 1.0
21 37 1.0
58 33 1.0
12 40 1.0
43 48 1.0
26 64 1.0
13 44 1.0
52 44 1.0
59 1 1.0
61 30 1.0
45 42 1.0
3 4 1.0
3 17 1.0
53 36 1.0
47 19 1.0
15 6 1.0
2 30 1.0
10 52 1.0
61 41 1.0
2 13 1.0
19 37 1.0
64 48 1.0
40 30 1.0
46 5 1.0
4 63 1.0
59 20 1.0
59 5 1.0
5 50 1.0
62 3 1.0
7 17 1.0
41 63 1.0
27 62 1.0
41 42 1.0
54 46 1.0
9 13 1.0
36 42 1.0
39 49 1.0
4 13 1.0
39 44 1.0
28 48 1.0
60 47 1.0
8 10 1.0
29 44 1.0
1 6 1.0
49 24 1.0
29 48 1.0
16 6 1.0
23 18 1.0
63 17 1.0
44 51 1.0
11 24 1.0
17 57 1.0
34 47 1.0
58 19 1.0
20 45 1.0
26 49 1.0
52 6 1.0
30 44 1.0
35 49 1.0
24 44 1.0
27 3 1.0
56 61 1.0
31 24 1.0
22 54 1.0
51 29 1.0
42 52 1.0
20 13 1.0
5 11 1.0
48 14 1.0
3 1 1.0
27 44 1.0
61 52 1.0
45 64 1.0
19 29 1.0
33 63 1.0
57 12 1.0
36 51 1.0
36 14 1.0
28 13 1.0
32 48 1.0
53 37 1.0
21 15 1.0
39 30 1.0
42 54 1.0
7 33 1.0
17 44 1.0
25 24 1.0
46 6 1.0
2 63 1.0
48 21 1.0
10 53 1.0
15 24 1.0
47 21 1.0
50 13 1.0
13 54 1.0
50 58 1.0
55 27 1.0
33 17 1.0
53 24 1.0
43 42 1.0
13 52 1.0
54 29 1.0
12 14 1.0
37 56 1.0
31 33 1.0
18 54 1.0
57 48 1.0
38 48 1.0
14 1 1.0
32 22 1.0
22 26 1.0
50 60 1.0
18 41 1.0
24 13 1.0
64 13 1.0
6 50 1.0
48 38 1.0
39 4 1.0
2 12 1.0
4 30 1.0
52 33 1.0
9 63 1.0
17 21 1.0
26 33 1.0
30 36 1.0
34 27 1.0
9 45 1.0
11 6 1.0
58 49 1.0
44 28 1.0
11 4 1.0
23 30 1.0
63 37 1.0
16 64 1.0
63 38 1.0
20 11 1.0
5 42 1.0
35 40 1.0
5 14 1.0
42 4 1.0
51 7 1.0
56 64 1.0
56 53 1.0
16 34 1.0
22 13 1.0
38 54 1.0
31 64 1.0
54 11 1.0
54 17 1.0
41 61 1.0
62 38 1.0
21 4 1.0
33 36 1.0
25 10 1.0
28 40 1.0
59 53 1.0
40 5 1.0
46 54 1.0
6 47 1.0
49 63 1.0
1 36 1.0
29 13 1.0
8 30 1.0
60 13 1.0
35 60 1.0
7 23 1.0
25 6 1.0
32 49 1.0
42 23 1.0
37 28 1.0
12 49 1.0
43 40 1.0
12 4 1.0
26 36 1.0
37 6 1.0
55 50 1.0
41 38 1.0
44 46 1.0
55 59 1.0
44 52 1.0
13 14 1.0
24 61 1.0
64 45 1.0
24 39 1.0
48 40 1.0
20 6 1.0
50 24 1.0
38 11 1.0
49 33 1.0
14 13 1.0
32 62 1.0
18 52 1.0
8 33 1.0
28 62 1.0
53 6 1.0
57 45 1.0
55 11 1.0
36 33 1.0
57 30 1.0
45 32 1.0
19 64 1.0
27 4 1.0
47 37 1.0
3 42 1.0
61 40 1.0
10 30 1.0
15 64 1.0
21 61 1.0
62 43 1.0
25 1 1.0
63 31 1.0
2 44 1.0
