*Vertices 32
1 "V0"
2 "V22"
3 "V26"
4 "V11"
5 "V15"
6 "V30"
7 "V29"
8 "V27"
9 "V25"
10 "V19"
11 "V21"
12 "V23"
13 "V9"
14 "V7"
15 "V5"
16 "V3"
17 "V1"
18 "V13"
19 "V17"
20 "V20"
21 "V24"
22 "V31"
23 "V28"
24 "V14"
25 "V10"
26 "V16"
27 "V12"
28 "V18"
29 "V8"
30 "V6"
31 "V4"
32 "V2"
*Arcs
23 31 1.0
1 12 1.0
9 32 1.0
18 23 1.0
4 11 1.0
4 17 1.0
5 10 1.0
25 16 1.0
19 26 1.0
24 6 1.0
7 32 1.0
32 30 1.0
6 9 1.0
1 4 1.0
22 15 1.0
30 11 1.0
28 32 1.0
19 5 1.0
28 26 1.0
13 7 1.0
21 29 1.0
21 24 1.0
14 1 1.0
30 31 1.0
14 32 1.0
18 27 1.0
9 18 1.0
19 4 1.0
23 19 1.0
4 14 1.0
9 23 1.0
23 14 1.0
24 29 1.0
19 13 1.0
1 18 1.0
22 17 1.0
23 17 1.0
24 7 1.0
16 10 1.0
16 32 1.0
16 18 1.0
31 16 1.0
20 32 1.0
11 18 1.0
11 9 1.0
2 10 1.0
13 16 1.0
25 19 1.0
2 19 1.0
3 30 1.0
27 16 1.0
7 27 1.0
8 9 1.0
17 25 1.0
5 19 1.0
28 18 1.0
17 9 1.0
6 25 1.0
26 10 1.0
15 10 1.0
15 2 1.0
31 7 1.0
30 32 1.0
2 30 1.0
12 32 1.0
14 11 1.0
15 17 1.0
16 1 1.0
17 18 1.0
12 25 1.0
12 7 1.0
4 1 1.0
27 25 1.0
6 4 1.0
8 22 1.0
5 27 1.0
18 17 1.0
20 7 1.0
21 13 1.0
27 20 1.0
10 23 1.0
22 20 1.0
26 21 1.0
31 13 1.0
32 2 1.0
17 27 1.0
29 15 1.0
20 2 1.0
10 32 1.0
20 28 1.0
28 15 1.0
3 2 1.0
3 10 1.0
13 29 1.0
29 17 1.0
3 19 1.0
13 31 1.0
11 30 1.0
30 10 1.0
28 19 1.0
31 29 1.0
16 19 1.0
19 30 1.0
7 21 1.0
5 4 1.0
7 5 1.0
24 16 1.0
1 2 1.0
23 15 1.0
8 18 1.0
8 4 1.0
25 29 1.0
25 15 1.0
23 11 1.0
4 25 1.0
2 3 1.0
25 17 1.0
11 6 1.0
11 32 1.0
19 29 1.0
20 30 1.0
16 9 1.0
28 22 1.0
22 29 1.0
1 10 1.0
22 25 1.0
24 31 1.0
7 19 1.0
32 29 1.0
24 19 1.0
25 31 1.0
26 22 1.0
27 15 1.0
9 29 1.0
9 7 1.0
18 29 1.0
18 4 1.0
30 15 1.0
14 8 1.0
14 19 1.0
21 16 1.0
21 10 1.0
14 31 1.0
2 14 1.0
15 29 1.0
20 18 1.0
17 5 1.0
32 25 1.0
10 13 1.0
26 17 1.0
22 10 1.0
31 2 1.0
9 6 1.0
10 25 1.0
11 2 1.0
8 17 1.0
8 15 1.0
5 9 1.0
5 17 1.0
12 29 1.0
29 2 1.0
29 32 1.0
13 20 1.0
3 7 1.0
3 18 1.0
13 9 1.0
2 1 1.0
29 16 1.0
10 14 1.0
15 9 1.0
15 3 1.0
10 24 1.0
6 20 1.0
17 15 1.0
26 31 1.0
26 32 1.0
32 4 1.0
6 18 1.0
1 11 1.0
7 20 1.0
27 4 1.0
27 29 1.0
6 5 1.0
18 21 1.0
21 4 1.0
4 6 1.0
12 4 1.0
12 30 1.0
29 4 1.0
30 18 1.0
31 30 1.0
32 20 1.0
