*Vertices 32
1 "V0"
2 "V22"
3 "V26"
4 "V11"
5 "V15"
6 "V30"
7 "V29"
8 "V27"
9 "V25"
10 "V19"
11 "V21"
12 "V23"
13 "V9"
14 "V7"
15 "V5"
16 "V3"
17 "V1"
18 "V13"
19 "V17"
20 "V20"
21 "V24"
22 "V31"
23 "V28"
24 "V14"
25 "V10"
26 "V16"
27 "V12"
28 "V18"
29 "V8"
30 "V6"
31 "V4"
32 "V2"
*Arcs
23 31 1.0
1 12 1.0
9 19 1.0
18 25 1.0
4 18 1.0
4 32 1.0
5 29 1.0
25 16 1.0
19 13 1.0
24 27 1.0
7 11 1.0
32 29 1.0
6 8 1.0
1 23 1.0
22 11 1.0
30 29 1.0
28 8 1.0
19 1 1.0
28 29 1.0
13 1 1.0
21 14 1.0
21 24 1.0
14 8 1.0
30 7 1.0
14 17 1.0
18 9 1.0
9 25 1.0
19 28 1.0
23 28 1.0
4 27 1.0
9 4 1.0
23 1 1.0
24 1 1.0
19 30 1.0
1 8 1.0
22 10 1.0
23 21 1.0
24 30 1.0
16 13 1.0
16 11 1.0
16 32 1.0
31 16 1.0
20 26 1.0
11 20 1.0
11 29 1.0
2 25 1.0
13 23 1.0
25 13 1.0
2 13 1.0
3 7 1.0
27 30 1.0
7 2 1.0
8 14 1.0
17 12 1.0
5 11 1.0
28 27 1.0
17 8 1.0
6 12 1.0
26 25 1.0
15 1 1.0
15 17 1.0
31 12 1.0
30 9 1.0
2 16 1.0
12 29 1.0
14 12 1.0
15 23 1.0
16 29 1.0
17 4 1.0
12 13 1.0
12 9 1.0
4 8 1.0
27 17 1.0
6 17 1.0
8 1 1.0
5 15 1.0
18 29 1.0
20 32 1.0
21 11 1.0
27 12 1.0
10 26 1.0
22 15 1.0
26 1 1.0
31 20 1.0
32 17 1.0
17 23 1.0
29 11 1.0
20 25 1.0
10 32 1.0
20 16 1.0
28 6 1.0
3 12 1.0
3 32 1.0
13 15 1.0
29 13 1.0
3 28 1.0
13 27 1.0
11 31 1.0
30 1 1.0
28 14 1.0
31 29 1.0
16 14 1.0
19 11 1.0
7 30 1.0
5 4 1.0
7 1 1.0
24 14 1.0
1 13 1.0
23 12 1.0
8 10 1.0
8 25 1.0
25 11 1.0
25 8 1.0
23 11 1.0
4 15 1.0
2 26 1.0
25 29 1.0
11 30 1.0
11 16 1.0
19 18 1.0
20 18 1.0
16 27 1.0
28 5 1.0
22 2 1.0
1 32 1.0
22 24 1.0
24 18 1.0
7 4 1.0
32 4 1.0
24 8 1.0
25 30 1.0
26 11 1.0
27 20 1.0
9 20 1.0
9 17 1.0
18 11 1.0
18 1 1.0
30 15 1.0
14 4 1.0
14 31 1.0
21 29 1.0
21 32 1.0
14 2 1.0
2 14 1.0
15 30 1.0
20 30 1.0
17 28 1.0
32 13 1.0
10 24 1.0
26 13 1.0
22 13 1.0
31 1 1.0
9 13 1.0
10 1 1.0
11 4 1.0
8 29 1.0
8 22 1.0
5 14 1.0
5 1 1.0
12 32 1.0
29 32 1.0
29 30 1.0
13 31 1.0
3 27 1.0
3 18 1.0
13 16 1.0
2 19 1.0
29 16 1.0
10 20 1.0
15 18 1.0
15 22 1.0
10 29 1.0
6 5 1.0
17 10 1.0
26 14 1.0
26 30 1.0
32 16 1.0
6 13 1.0
1 4 1.0
7 31 1.0
27 14 1.0
27 1 1.0
6 9 1.0
18 16 1.0
21 18 1.0
4 9 1.0
12 31 1.0
12 28 1.0
29 12 1.0
30 19 1.0
31 13 1.0
32 6 1.0
