*Vertices 64
1 "V0"
2 "V63"
3 "V52"
4 "V11"
5 "V15"
6 "V48"
7 "V45"
8 "V30"
9 "V29"
10 "V34"
11 "V33"
12 "V27"
13 "V9"
14 "V13"
15 "V17"
16 "V50"
17 "V28"
18 "V31"
19 "V35"
20 "V32"
21 "V46"
22 "V14"
23 "V51"
24 "V49"
25 "V16"
26 "V10"
27 "V53"
28 "V12"
29 "V47"
30 "V22"
31 "V26"
32 "V59"
33 "V37"
34 "V40"
35 "V44"
36 "V41"
37 "V55"
38 "V60"
39 "V58"
40 "V19"
41 "V25"
42 "V62"
43 "V56"
44 "V21"
45 "V23"
46 "V7"
47 "V5"
48 "V3"
49 "V1"
50 "V20"
51 "V61"
52 "V57"
53 "V24"
54 "V54"
55 "V38"
56 "V43"
57 "V42"
58 "V39"
59 "V36"
60 "V18"
61 "V6"
62 "V8"
63 "V4"
64 "V2"
*Arcs
1 21 1.0
30 37 1.0
11 21 1.0
16 1 1.0
47 3 1.0
23 31 1.0
63 60 1.0
4 14 1.0
30 28 1.0
8 18 1.0
58 55 1.0
10 18 1.0
34 45 1.0
1 3 1.0
17 61 1.0
4 64 1.0
39 59 1.0
52 49 1.0
9 25 1.0
13 39 1.0
1 42 1.0
15 60 1.0
29 63 1.0
21 22 1.0
14 32 1.0
15 3 1.0
60 59 1.0
6 59 1.0
59 25 1.0
40 54 1.0
54 36 1.0
37 18 1.0
46 47 1.0
33 8 1.0
62 28 1.0
41 31 1.0
56 64 1.0
23 33 1.0
35 45 1.0
29 56 1.0
51 6 1.0
31 9 1.0
22 54 1.0
20 41 1.0
11 46 1.0
5 13 1.0
48 17 1.0
51 36 1.0
30 40 1.0
31 24 1.0
16 62 1.0
55 31 1.0
44 2 1.0
43 29 1.0
43 10 1.0
13 51 1.0
58 43 1.0
12 36 1.0
26 46 1.0
7 33 1.0
7 17 1.0
38 6 1.0
43 61 1.0
42 3 1.0
17 48 1.0
25 41 1.0
10 24 1.0
47 45 1.0
10 43 1.0
49 25 1.0
23 63 1.0
15 63 1.0
47 49 1.0
2 51 1.0
45 30 1.0
19 49 1.0
61 31 1.0
3 57 1.0
27 18 1.0
61 3 1.0
28 31 1.0
53 48 1.0
36 45 1.0
56 57 1.0
57 14 1.0
58 63 1.0
49 54 1.0
8 48 1.0
14 22 1.0
38 9 1.0
18 5 1.0
32 26 1.0
60 14 1.0
64 18 1.0
40 47 1.0
24 1 1.0
6 61 1.0
50 30 1.0
31 14 1.0
22 64 1.0
56 28 1.0
3 48 1.0
35 22 1.0
6 28 1.0
33 9 1.0
41 46 1.0
54 21 1.0
62 2 1.0
46 18 1.0
37 20 1.0
12 16 1.0
63 59 1.0
44 28 1.0
23 18 1.0
16 10 1.0
30 21 1.0
48 43 1.0
5 64 1.0
42 25 1.0
20 15 1.0
51 20 1.0
11 26 1.0
39 17 1.0
52 26 1.0
4 7 1.0
34 9 1.0
9 5 1.0
28 17 1.0
18 25 1.0
19 21 1.0
45 39 1.0
34 26 1.0
19 5 1.0
22 51 1.0
59 22 1.0
26 1 1.0
60 15 1.0
27 26 1.0
46 49 1.0
21 43 1.0
29 31 1.0
1 33 1.0
9 30 1.0
49 62 1.0
60 3 1.0
38 53 1.0
32 48 1.0
57 41 1.0
14 57 1.0
8 3 1.0
34 15 1.0
35 57 1.0
14 18 1.0
36 54 1.0
53 49 1.0
33 60 1.0
55 25 1.0
40 51 1.0
50 47 1.0
37 64 1.0
45 8 1.0
62 24 1.0
6 17 1.0
24 17 1.0
64 61 1.0
18 59 1.0
64 20 1.0
40 13 1.0
17 26 1.0
25 6 1.0
7 39 1.0
51 48 1.0
52 6 1.0
21 33 1.0
58 1 1.0
12 61 1.0
43 6 1.0
26 37 1.0
13 62 1.0
52 21 1.0
59 56 1.0
61 47 1.0
45 61 1.0
3 64 1.0
3 8 1.0
53 39 1.0
47 12 1.0
15 21 1.0
2 18 1.0
10 26 1.0
61 54 1.0
2 37 1.0
19 28 1.0
64 48 1.0
40 4 1.0
46 64 1.0
4 17 1.0
59 43 1.0
59 9 1.0
5 23 1.0
62 57 1.0
7 9 1.0
41 21 1.0
27 19 1.0
41 54 1.0
54 41 1.0
9 63 1.0
36 7 1.0
39 16 1.0
4 18 1.0
39 60 1.0
28 60 1.0
60 51 1.0
8 59 1.0
29 64 1.0
1 37 1.0
49 20 1.0
29 22 1.0
16 45 1.0
23 57 1.0
63 25 1.0
44 9 1.0
11 33 1.0
17 3 1.0
34 59 1.0
58 26 1.0
20 6 1.0
26 18 1.0
52 19 1.0
30 6 1.0
35 19 1.0
24 37 1.0
27 21 1.0
56 24 1.0
31 10 1.0
22 61 1.0
51 18 1.0
42 17 1.0
20 25 1.0
5 54 1.0
48 16 1.0
3 29 1.0
27 62 1.0
61 13 1.0
45 54 1.0
19 22 1.0
33 1 1.0
57 7 1.0
36 61 1.0
36 44 1.0
28 6 1.0
32 8 1.0
53 13 1.0
21 30 1.0
39 22 1.0
42 21 1.0
7 30 1.0
17 30 1.0
25 28 1.0
46 7 1.0
2 5 1.0
48 5 1.0
10 48 1.0
15 39 1.0
47 39 1.0
50 22 1.0
13 61 1.0
50 14 1.0
55 5 1.0
33 22 1.0
53 57 1.0
43 13 1.0
13 16 1.0
54 18 1.0
12 51 1.0
37 25 1.0
31 22 1.0
18 30 1.0
57 48 1.0
38 3 1.0
14 1 1.0
32 57 1.0
22 29 1.0
50 45 1.0
18 3 1.0
24 55 1.0
64 17 1.0
6 53 1.0
48 42 1.0
39 58 1.0
2 49 1.0
4 22 1.0
52 20 1.0
9 45 1.0
17 60 1.0
26 3 1.0
30 14 1.0
34 6 1.0
9 54 1.0
11 22 1.0
58 48 1.0
44 19 1.0
11 2 1.0
23 59 1.0
63 43 1.0
16 46 1.0
63 5 1.0
20 64 1.0
5 3 1.0
35 55 1.0
5 39 1.0
42 58 1.0
51 12 1.0
56 60 1.0
56 3 1.0
16 15 1.0
22 1 1.0
38 47 1.0
31 30 1.0
54 25 1.0
54 19 1.0
41 30 1.0
62 6 1.0
21 48 1.0
33 17 1.0
25 12 1.0
28 64 1.0
59 48 1.0
40 39 1.0
46 1 1.0
6 31 1.0
49 39 1.0
1 12 1.0
29 18 1.0
8 21 1.0
60 6 1.0
35 18 1.0
7 22 1.0
25 59 1.0
32 39 1.0
42 33 1.0
37 27 1.0
12 6 1.0
43 27 1.0
12 22 1.0
26 47 1.0
37 34 1.0
55 15 1.0
41 25 1.0
44 41 1.0
55 22 1.0
44 17 1.0
13 1 1.0
24 12 1.0
64 11 1.0
24 47 1.0
48 62 1.0
20 57 1.0
50 41 1.0
38 22 1.0
49 1 1.0
14 64 1.0
32 44 1.0
18 22 1.0
8 61 1.0
28 22 1.0
53 30 1.0
57 44 1.0
55 21 1.0
36 13 1.0
57 9 1.0
45 3 1.0
19 17 1.0
27 60 1.0
47 43 1.0
3 43 1.0
61 64 1.0
10 3 1.0
15 5 1.0
21 18 1.0
62 60 1.0
25 26 1.0
63 3 1.0
2 60 1.0
