*Vertices 32
1 "V0"
2 "V22"
3 "V26"
4 "V11"
5 "V15"
6 "V30"
7 "V29"
8 "V27"
9 "V25"
10 "V19"
11 "V21"
12 "V23"
13 "V9"
14 "V7"
15 "V5"
16 "V3"
17 "V1"
18 "V13"
19 "V17"
20 "V20"
21 "V24"
22 "V31"
23 "V28"
24 "V14"
25 "V10"
26 "V16"
27 "V12"
28 "V18"
29 "V8"
30 "V6"
31 "V4"
32 "V2"
*Arcs
23 16 1.0
1 12 1.0
9 2 1.0
18 31 1.0
4 2 1.0
4 31 1.0
5 4 1.0
25 14 1.0
19 30 1.0
24 4 1.0
7 12 1.0
32 23 1.0
6 9 1.0
1 6 1.0
22 15 1.0
30 1 1.0
28 32 1.0
19 29 1.0
28 4 1.0
13 6 1.0
21 13 1.0
21 29 1.0
14 23 1.0
30 15 1.0
14 11 1.0
18 17 1.0
9 4 1.0
19 5 1.0
23 17 1.0
4 3 1.0
9 15 1.0
23 3 1.0
24 32 1.0
19 31 1.0
1 32 1.0
22 29 1.0
23 1 1.0
24 27 1.0
16 1 1.0
16 10 1.0
16 17 1.0
31 5 1.0
20 28 1.0
11 5 1.0
11 25 1.0
2 4 1.0
13 8 1.0
25 15 1.0
2 31 1.0
3 10 1.0
27 6 1.0
7 28 1.0
8 28 1.0
17 31 1.0
5 14 1.0
28 1 1.0
17 3 1.0
6 7 1.0
26 31 1.0
15 28 1.0
15 9 1.0
31 1 1.0
30 10 1.0
2 28 1.0
12 16 1.0
14 32 1.0
15 22 1.0
16 22 1.0
17 23 1.0
12 9 1.0
12 17 1.0
4 15 1.0
27 17 1.0
6 17 1.0
8 17 1.0
5 30 1.0
18 1 1.0
20 8 1.0
21 14 1.0
27 15 1.0
10 19 1.0
22 8 1.0
26 12 1.0
31 25 1.0
32 14 1.0
17 24 1.0
29 1 1.0
20 32 1.0
10 25 1.0
20 31 1.0
28 17 1.0
3 23 1.0
3 22 1.0
13 4 1.0
29 32 1.0
3 16 1.0
13 3 1.0
11 17 1.0
30 4 1.0
28 31 1.0
31 24 1.0
16 5 1.0
19 1 1.0
7 27 1.0
5 2 1.0
7 2 1.0
24 31 1.0
1 17 1.0
23 22 1.0
8 14 1.0
8 29 1.0
25 10 1.0
25 30 1.0
23 14 1.0
4 8 1.0
2 1 1.0
25 8 1.0
11 32 1.0
11 28 1.0
19 17 1.0
20 5 1.0
16 24 1.0
28 25 1.0
22 16 1.0
1 14 1.0
22 17 1.0
24 14 1.0
7 31 1.0
32 13 1.0
24 18 1.0
25 1 1.0
26 22 1.0
27 8 1.0
9 1 1.0
9 29 1.0
18 25 1.0
18 22 1.0
30 6 1.0
14 9 1.0
14 5 1.0
21 23 1.0
21 30 1.0
14 31 1.0
2 25 1.0
15 31 1.0
20 4 1.0
17 15 1.0
32 12 1.0
10 31 1.0
26 16 1.0
22 30 1.0
31 23 1.0
9 10 1.0
10 28 1.0
11 14 1.0
8 12 1.0
8 25 1.0
5 24 1.0
5 29 1.0
12 6 1.0
29 17 1.0
29 5 1.0
13 29 1.0
3 24 1.0
3 26 1.0
13 30 1.0
2 8 1.0
29 25 1.0
10 29 1.0
15 2 1.0
15 14 1.0
10 27 1.0
6 3 1.0
17 1 1.0
26 30 1.0
26 5 1.0
32 9 1.0
6 30 1.0
1 10 1.0
7 9 1.0
27 22 1.0
27 31 1.0
6 32 1.0
18 4 1.0
21 1 1.0
4 5 1.0
12 4 1.0
12 29 1.0
29 12 1.0
30 14 1.0
31 8 1.0
32 5 1.0
