*Vertices 16
1 "V0"
2 "V13"
3 "V11"
4 "V15"
5 "V14"
6 "V10"
7 "V12"
8 "V7"
9 "V9"
10 "V5"
11 "V3"
12 "V1"
13 "V6"
14 "V8"
15 "V4"
16 "V2"
*Arcs
1 3 1.0
9 16 1.0
8 2 1.0
3 1 1.0
5 10 1.0
4 13 1.0
13 1 1.0
2 16 1.0
10 3 1.0
16 11 1.0
16 7 1.0
11 1 1.0
11 6 1.0
9 10 1.0
16 13 1.0
5 15 1.0
2 15 1.0
5 9 1.0
9 1 1.0
2 11 1.0
6 15 1.0
6 3 1.0
6 1 1.0
2 4 1.0
1 11 1.0
5 2 1.0
13 7 1.0
16 3 1.0
11 15 1.0
11 12 1.0
11 9 1.0
13 16 1.0
5 7 1.0
8 13 1.0
13 6 1.0
1 2 1.0
6 8 1.0
8 4 1.0
7 5 1.0
13 2 1.0
3 13 1.0
9 2 1.0
6 2 1.0
2 7 1.0
2 1 1.0
6 7 1.0
12 3 1.0
16 12 1.0
14 10 1.0
15 16 1.0
15 3 1.0
10 1 1.0
10 7 1.0
8 10 1.0
14 13 1.0
14 12 1.0
1 13 1.0
12 7 1.0
9 4 1.0
14 2 1.0
12 13 1.0
12 16 1.0
7 11 1.0
8 15 1.0
10 2 1.0
7 15 1.0
3 11 1.0
11 2 1.0
12 15 1.0
5 3 1.0
4 12 1.0
7 6 1.0
3 2 1.0
1 15 1.0
9 13 1.0
14 1 1.0
4 14 1.0
12 2 1.0
8 12 1.0
15 13 1.0
10 13 1.0
10 15 1.0
15 1 1.0
3 7 1.0
15 2 1.0
4 6 1.0
4 7 1.0
4 9 1.0
1 4 1.0
7 14 1.0
3 16 1.0
13 3 1.0
14 5 1.0
7 3 1.0
15 10 1.0
16 1 1.0
