*Vertices 128
1 "V0"
2 "V100"
3 "V11"
4 "V89"
5 "V15"
6 "V85"
7 "V119"
8 "V104"
9 "V45"
10 "V30"
11 "V34"
12 "V64"
13 "V123"
14 "V121"
15 "V125"
16 "V9"
17 "V68"
18 "V66"
19 "V70"
20 "V13"
21 "V17"
22 "V87"
23 "V28"
24 "V102"
25 "V117"
26 "V32"
27 "V106"
28 "V51"
29 "V49"
30 "V47"
31 "V53"
32 "V81"
33 "V83"
34 "V22"
35 "V26"
36 "V96"
37 "V37"
38 "V111"
39 "V126"
40 "V41"
41 "V115"
42 "V60"
43 "V58"
44 "V56"
45 "V62"
46 "V7"
47 "V5"
48 "V3"
49 "V1"
50 "V90"
51 "V92"
52 "V109"
53 "V98"
54 "V20"
55 "V24"
56 "V94"
57 "V113"
58 "V54"
59 "V43"
60 "V39"
61 "V73"
62 "V18"
63 "V77"
64 "V75"
65 "V79"
66 "V63"
67 "V122"
68 "V52"
69 "V48"
70 "V118"
71 "V107"
72 "V29"
73 "V103"
74 "V33"
75 "V27"
76 "V86"
77 "V84"
78 "V88"
79 "V82"
80 "V120"
81 "V50"
82 "V124"
83 "V31"
84 "V35"
85 "V105"
86 "V46"
87 "V14"
88 "V10"
89 "V16"
90 "V12"
91 "V101"
92 "V99"
93 "V65"
94 "V71"
95 "V67"
96 "V69"
97 "V59"
98 "V40"
99 "V44"
100 "V114"
101 "V55"
102 "V25"
103 "V19"
104 "V21"
105 "V110"
106 "V108"
107 "V23"
108 "V76"
109 "V74"
110 "V80"
111 "V78"
112 "V72"
113 "V61"
114 "V57"
115 "V127"
116 "V38"
117 "V116"
118 "V112"
119 "V42"
120 "V36"
121 "V95"
122 "V93"
123 "V97"
124 "V91"
125 "V8"
126 "V6"
127 "V4"
128 "V2"
*Arcs
36 104 1.0
1 122 1.0
104 115 1.0
95 38 1.0
100 61 1.0
4 26 1.0
116 89 1.0
6 35 1.0
88 78 1.0
44 28 1.0
11 36 1.0
73 31 1.0
75 26 1.0
109 94 1.0
14 65 1.0
13 117 1.0
9 20 1.0
89 70 1.0
51 76 1.0
66 16 1.0
105 6 1.0
17 50 1.0
11 127 1.0
32 90 1.0
68 99 1.0
20 17 1.0
115 94 1.0
47 70 1.0
19 26 1.0
92 61 1.0
107 71 1.0
40 119 1.0
24 49 1.0
117 48 1.0
97 104 1.0
78 46 1.0
90 51 1.0
10 102 1.0
85 94 1.0
30 74 1.0
69 126 1.0
13 116 1.0
49 3 1.0
63 74 1.0
103 65 1.0
56 49 1.0
118 76 1.0
32 62 1.0
18 89 1.0
101 21 1.0
35 31 1.0
91 14 1.0
37 83 1.0
33 90 1.0
125 122 1.0
7 6 1.0
99 73 1.0
50 94 1.0
35 39 1.0
112 116 1.0
41 97 1.0
74 104 1.0
106 4 1.0
42 73 1.0
65 58 1.0
5 65 1.0
113 45 1.0
123 81 1.0
47 101 1.0
34 78 1.0
39 42 1.0
127 23 1.0
81 83 1.0
3 48 1.0
76 29 1.0
41 96 1.0
60 9 1.0
17 18 1.0
56 126 1.0
1 92 1.0
67 36 1.0
64 9 1.0
8 92 1.0
23 126 1.0
114 23 1.0
60 55 1.0
61 76 1.0
12 128 1.0
21 54 1.0
122 93 1.0
86 102 1.0
62 40 1.0
31 32 1.0
126 1 1.0
79 81 1.0
84 55 1.0
38 118 1.0
20 33 1.0
4 38 1.0
42 71 1.0
27 30 1.0
68 128 1.0
83 35 1.0
55 62 1.0
2 109 1.0
94 113 1.0
25 113 1.0
71 24 1.0
119 51 1.0
95 127 1.0
76 57 1.0
57 51 1.0
116 107 1.0
77 70 1.0
16 47 1.0
111 35 1.0
82 11 1.0
128 67 1.0
29 1 1.0
121 81 1.0
54 58 1.0
124 5 1.0
9 26 1.0
80 32 1.0
80 19 1.0
45 36 1.0
89 48 1.0
24 118 1.0
83 2 1.0
44 5 1.0
61 49 1.0
75 118 1.0
107 88 1.0
88 77 1.0
53 30 1.0
117 81 1.0
98 47 1.0
96 97 1.0
92 94 1.0
11 21 1.0
93 51 1.0
52 104 1.0
115 85 1.0
28 65 1.0
110 37 1.0
47 71 1.0
30 23 1.0
13 22 1.0
56 58 1.0
72 104 1.0
49 99 1.0
108 86 1.0
43 104 1.0
85 70 1.0
99 43 1.0
22 19 1.0
90 19 1.0
91 46 1.0
102 110 1.0
112 74 1.0
46 81 1.0
58 117 1.0
107 116 1.0
118 103 1.0
120 81 1.0
33 83 1.0
62 78 1.0
93 55 1.0
111 70 1.0
15 23 1.0
48 61 1.0
65 63 1.0
26 108 1.0
71 91 1.0
114 26 1.0
113 55 1.0
87 101 1.0
50 55 1.0
59 13 1.0
70 8 1.0
118 65 1.0
73 12 1.0
120 110 1.0
88 123 1.0
114 28 1.0
6 92 1.0
60 76 1.0
124 16 1.0
100 8 1.0
17 30 1.0
36 18 1.0
104 128 1.0
81 46 1.0
128 110 1.0
68 24 1.0
126 10 1.0
32 66 1.0
55 75 1.0
92 70 1.0
5 115 1.0
25 35 1.0
8 15 1.0
19 9 1.0
20 73 1.0
78 10 1.0
40 54 1.0
109 58 1.0
23 20 1.0
86 54 1.0
15 87 1.0
14 21 1.0
66 36 1.0
51 101 1.0
21 25 1.0
84 16 1.0
19 103 1.0
105 94 1.0
37 65 1.0
57 74 1.0
77 43 1.0
125 126 1.0
101 40 1.0
24 78 1.0
23 7 1.0
35 63 1.0
25 39 1.0
61 83 1.0
99 76 1.0
7 116 1.0
97 124 1.0
29 9 1.0
27 38 1.0
10 13 1.0
63 23 1.0
128 124 1.0
82 73 1.0
69 89 1.0
121 44 1.0
103 55 1.0
18 97 1.0
33 85 1.0
76 23 1.0
98 29 1.0
41 28 1.0
36 54 1.0
96 49 1.0
34 118 1.0
64 53 1.0
72 21 1.0
8 47 1.0
40 19 1.0
43 74 1.0
3 16 1.0
106 92 1.0
74 15 1.0
45 40 1.0
45 117 1.0
5 107 1.0
124 100 1.0
123 35 1.0
46 9 1.0
28 44 1.0
127 118 1.0
39 22 1.0
110 90 1.0
94 119 1.0
70 11 1.0
52 54 1.0
54 124 1.0
31 113 1.0
102 34 1.0
2 55 1.0
42 36 1.0
71 55 1.0
58 38 1.0
119 123 1.0
87 9 1.0
4 40 1.0
122 33 1.0
62 34 1.0
12 63 1.0
1 44 1.0
67 113 1.0
30 83 1.0
79 104 1.0
46 102 1.0
38 102 1.0
64 78 1.0
120 101 1.0
80 61 1.0
9 60 1.0
109 61 1.0
67 65 1.0
89 42 1.0
51 89 1.0
44 97 1.0
6 49 1.0
16 14 1.0
75 108 1.0
74 97 1.0
73 122 1.0
95 84 1.0
54 111 1.0
116 105 1.0
100 35 1.0
78 2 1.0
48 126 1.0
111 75 1.0
83 124 1.0
36 16 1.0
29 71 1.0
15 89 1.0
85 104 1.0
10 100 1.0
108 28 1.0
13 17 1.0
49 122 1.0
69 102 1.0
117 6 1.0
40 62 1.0
22 107 1.0
90 125 1.0
97 39 1.0
86 68 1.0
68 77 1.0
53 76 1.0
90 28 1.0
107 125 1.0
91 1 1.0
19 31 1.0
66 126 1.0
52 96 1.0
95 54 1.0
11 50 1.0
115 40 1.0
47 36 1.0
32 54 1.0
65 71 1.0
26 67 1.0
106 74 1.0
97 72 1.0
113 8 1.0
50 63 1.0
5 84 1.0
59 44 1.0
100 31 1.0
7 48 1.0
112 31 1.0
35 32 1.0
91 40 1.0
102 75 1.0
58 21 1.0
125 81 1.0
33 67 1.0
37 16 1.0
118 113 1.0
110 119 1.0
93 123 1.0
103 90 1.0
56 96 1.0
12 53 1.0
112 11 1.0
105 19 1.0
86 23 1.0
122 92 1.0
21 28 1.0
64 97 1.0
14 18 1.0
115 46 1.0
116 86 1.0
8 16 1.0
23 46 1.0
88 112 1.0
76 110 1.0
114 76 1.0
41 118 1.0
122 83 1.0
60 84 1.0
104 8 1.0
123 117 1.0
17 97 1.0
39 119 1.0
127 10 1.0
127 47 1.0
81 34 1.0
16 10 1.0
77 55 1.0
57 34 1.0
116 23 1.0
18 46 1.0
6 97 1.0
80 125 1.0
7 13 1.0
61 127 1.0
24 90 1.0
10 67 1.0
75 126 1.0
101 126 1.0
12 101 1.0
45 37 1.0
89 23 1.0
124 116 1.0
99 3 1.0
16 89 1.0
28 89 1.0
115 47 1.0
47 117 1.0
110 40 1.0
74 46 1.0
52 72 1.0
31 118 1.0
21 107 1.0
92 99 1.0
84 102 1.0
79 107 1.0
126 75 1.0
25 97 1.0
119 40 1.0
78 61 1.0
55 26 1.0
94 23 1.0
27 45 1.0
27 83 1.0
28 77 1.0
83 81 1.0
20 19 1.0
42 69 1.0
121 128 1.0
54 37 1.0
128 65 1.0
63 114 1.0
29 73 1.0
82 7 1.0
2 51 1.0
34 74 1.0
58 19 1.0
112 82 1.0
102 120 1.0
59 40 1.0
70 101 1.0
38 88 1.0
113 90 1.0
4 55 1.0
87 37 1.0
26 36 1.0
71 61 1.0
44 68 1.0
81 11 1.0
15 73 1.0
48 38 1.0
111 66 1.0
104 1 1.0
36 89 1.0
49 58 1.0
60 92 1.0
100 28 1.0
50 102 1.0
95 24 1.0
53 21 1.0
34 70 1.0
96 37 1.0
53 81 1.0
117 123 1.0
98 127 1.0
22 119 1.0
3 40 1.0
43 16 1.0
59 71 1.0
85 6 1.0
72 34 1.0
108 10 1.0
67 6 1.0
1 124 1.0
30 103 1.0
62 67 1.0
56 113 1.0
93 16 1.0
38 119 1.0
63 21 1.0
120 16 1.0
46 68 1.0
33 113 1.0
13 111 1.0
49 115 1.0
63 51 1.0
10 37 1.0
27 23 1.0
69 104 1.0
97 55 1.0
90 128 1.0
78 76 1.0
40 35 1.0
25 111 1.0
73 68 1.0
19 5 1.0
101 37 1.0
75 10 1.0
125 26 1.0
77 109 1.0
37 88 1.0
118 72 1.0
79 90 1.0
18 120 1.0
121 78 1.0
103 74 1.0
69 125 1.0
9 87 1.0
14 59 1.0
51 40 1.0
23 76 1.0
82 123 1.0
109 36 1.0
44 39 1.0
73 55 1.0
84 29 1.0
6 75 1.0
88 43 1.0
92 104 1.0
87 63 1.0
107 76 1.0
126 76 1.0
68 36 1.0
105 32 1.0
11 92 1.0
32 64 1.0
21 1 1.0
66 125 1.0
96 92 1.0
122 23 1.0
86 117 1.0
67 109 1.0
12 15 1.0
62 49 1.0
8 102 1.0
98 44 1.0
114 116 1.0
1 75 1.0
64 40 1.0
72 100 1.0
55 58 1.0
103 25 1.0
2 128 1.0
70 29 1.0
119 128 1.0
94 82 1.0
106 110 1.0
84 107 1.0
38 28 1.0
109 126 1.0
31 107 1.0
79 23 1.0
46 47 1.0
5 108 1.0
50 16 1.0
45 51 1.0
106 31 1.0
113 67 1.0
74 75 1.0
35 73 1.0
91 65 1.0
61 14 1.0
7 72 1.0
117 55 1.0
99 74 1.0
17 57 1.0
121 98 1.0
41 69 1.0
98 48 1.0
76 113 1.0
3 115 1.0
65 96 1.0
39 72 1.0
127 94 1.0
28 97 1.0
123 125 1.0
126 6 1.0
34 76 1.0
96 65 1.0
117 90 1.0
2 90 1.0
3 34 1.0
68 10 1.0
107 46 1.0
53 23 1.0
43 11 1.0
85 38 1.0
9 92 1.0
40 89 1.0
90 16 1.0
22 55 1.0
124 87 1.0
89 92 1.0
66 21 1.0
14 125 1.0
80 73 1.0
9 71 1.0
110 5 1.0
47 39 1.0
115 72 1.0
52 83 1.0
18 118 1.0
11 45 1.0
6 111 1.0
116 128 1.0
57 108 1.0
22 23 1.0
95 125 1.0
54 122 1.0
109 124 1.0
75 36 1.0
24 110 1.0
26 11 1.0
44 40 1.0
16 67 1.0
71 37 1.0
83 19 1.0
42 125 1.0
31 54 1.0
20 93 1.0
4 34 1.0
36 43 1.0
29 78 1.0
82 55 1.0
128 28 1.0
111 115 1.0
60 26 1.0
100 109 1.0
76 99 1.0
88 13 1.0
114 121 1.0
73 97 1.0
37 122 1.0
23 127 1.0
14 17 1.0
39 57 1.0
64 3 1.0
86 70 1.0
113 28 1.0
43 31 1.0
106 21 1.0
26 59 1.0
65 83 1.0
48 56 1.0
15 117 1.0
81 10 1.0
48 55 1.0
123 28 1.0
104 89 1.0
17 119 1.0
51 124 1.0
58 118 1.0
125 96 1.0
33 76 1.0
102 125 1.0
91 107 1.0
55 67 1.0
59 39 1.0
7 99 1.0
57 14 1.0
112 37 1.0
87 83 1.0
50 5 1.0
108 45 1.0
10 46 1.0
30 126 1.0
13 120 1.0
49 76 1.0
93 29 1.0
56 77 1.0
103 81 1.0
120 23 1.0
65 35 1.0
118 67 1.0
45 116 1.0
66 8 1.0
52 126 1.0
99 70 1.0
124 96 1.0
5 16 1.0
61 98 1.0
70 72 1.0
80 67 1.0
24 17 1.0
72 45 1.0
35 108 1.0
16 97 1.0
77 65 1.0
101 35 1.0
57 124 1.0
77 96 1.0
37 87 1.0
54 51 1.0
121 126 1.0
18 114 1.0
82 16 1.0
128 61 1.0
69 75 1.0
63 83 1.0
27 97 1.0
83 55 1.0
97 112 1.0
81 96 1.0
20 47 1.0
78 128 1.0
119 2 1.0
25 83 1.0
85 61 1.0
19 55 1.0
55 87 1.0
92 54 1.0
89 99 1.0
31 65 1.0
126 36 1.0
32 83 1.0
84 118 1.0
105 90 1.0
94 9 1.0
12 20 1.0
21 46 1.0
51 45 1.0
71 56 1.0
26 103 1.0
111 124 1.0
48 74 1.0
15 42 1.0
29 15 1.0
70 55 1.0
59 67 1.0
4 86 1.0
87 29 1.0
42 37 1.0
101 4 1.0
58 37 1.0
2 48 1.0
104 94 1.0
102 67 1.0
105 100 1.0
94 10 1.0
108 83 1.0
93 83 1.0
120 128 1.0
38 124 1.0
79 31 1.0
46 67 1.0
67 99 1.0
30 47 1.0
108 20 1.0
1 11 1.0
62 47 1.0
122 49 1.0
43 67 1.0
22 32 1.0
3 118 1.0
72 97 1.0
119 55 1.0
8 66 1.0
96 61 1.0
34 87 1.0
98 3 1.0
41 87 1.0
123 42 1.0
127 126 1.0
110 123 1.0
74 78 1.0
53 44 1.0
125 117 1.0
28 22 1.0
39 116 1.0
