*Vertices 32
1 "V0"
2 "V22"
3 "V26"
4 "V11"
5 "V15"
6 "V30"
7 "V29"
8 "V27"
9 "V25"
10 "V19"
11 "V21"
12 "V23"
13 "V9"
14 "V7"
15 "V5"
16 "V3"
17 "V1"
18 "V13"
19 "V17"
20 "V20"
21 "V24"
22 "V31"
23 "V28"
24 "V14"
25 "V10"
26 "V16"
27 "V12"
28 "V18"
29 "V8"
30 "V6"
31 "V4"
32 "V2"
*Arcs
23 17 1.0
1 12 1.0
9 15 1.0
18 8 1.0
4 30 1.0
4 18 1.0
5 24 1.0
25 5 1.0
19 14 1.0
24 19 1.0
7 28 1.0
32 13 1.0
6 4 1.0
1 5 1.0
22 31 1.0
30 25 1.0
28 24 1.0
19 13 1.0
28 13 1.0
13 1 1.0
21 32 1.0
21 1 1.0
14 26 1.0
30 32 1.0
14 32 1.0
18 25 1.0
9 10 1.0
19 17 1.0
23 18 1.0
4 15 1.0
9 25 1.0
23 15 1.0
24 14 1.0
19 27 1.0
1 25 1.0
22 16 1.0
23 14 1.0
24 17 1.0
16 15 1.0
16 25 1.0
16 12 1.0
31 16 1.0
20 10 1.0
11 5 1.0
11 9 1.0
2 25 1.0
13 29 1.0
25 14 1.0
2 32 1.0
3 25 1.0
27 24 1.0
7 22 1.0
8 32 1.0
17 14 1.0
5 1 1.0
28 19 1.0
17 5 1.0
6 30 1.0
26 1 1.0
15 7 1.0
15 25 1.0
31 24 1.0
30 18 1.0
2 10 1.0
12 7 1.0
14 9 1.0
15 14 1.0
16 5 1.0
17 30 1.0
12 21 1.0
12 16 1.0
4 1 1.0
27 19 1.0
6 10 1.0
8 20 1.0
5 13 1.0
18 5 1.0
20 25 1.0
21 31 1.0
27 25 1.0
10 17 1.0
22 3 1.0
26 17 1.0
31 4 1.0
32 25 1.0
17 19 1.0
29 15 1.0
20 13 1.0
10 13 1.0
20 9 1.0
28 22 1.0
3 10 1.0
3 26 1.0
13 15 1.0
29 5 1.0
3 16 1.0
13 25 1.0
11 26 1.0
30 31 1.0
28 16 1.0
31 14 1.0
16 31 1.0
19 2 1.0
7 16 1.0
5 17 1.0
7 23 1.0
24 4 1.0
1 9 1.0
23 8 1.0
8 13 1.0
8 24 1.0
25 26 1.0
25 24 1.0
23 32 1.0
4 25 1.0
2 13 1.0
25 9 1.0
11 8 1.0
11 14 1.0
19 9 1.0
20 31 1.0
16 7 1.0
28 14 1.0
22 27 1.0
1 13 1.0
22 25 1.0
24 7 1.0
7 1 1.0
32 7 1.0
24 13 1.0
25 32 1.0
26 16 1.0
27 5 1.0
9 16 1.0
9 8 1.0
18 16 1.0
18 15 1.0
30 16 1.0
14 15 1.0
14 16 1.0
21 20 1.0
21 16 1.0
14 25 1.0
2 26 1.0
15 16 1.0
20 26 1.0
17 15 1.0
32 1 1.0
10 24 1.0
26 5 1.0
22 13 1.0
31 25 1.0
9 27 1.0
10 14 1.0
11 21 1.0
8 17 1.0
8 16 1.0
5 25 1.0
5 12 1.0
12 26 1.0
29 16 1.0
29 24 1.0
13 17 1.0
3 13 1.0
3 27 1.0
13 22 1.0
2 24 1.0
29 25 1.0
10 25 1.0
15 4 1.0
15 30 1.0
10 16 1.0
6 14 1.0
17 25 1.0
26 10 1.0
26 8 1.0
32 19 1.0
6 16 1.0
1 15 1.0
7 13 1.0
27 9 1.0
27 10 1.0
6 20 1.0
18 17 1.0
21 14 1.0
4 13 1.0
12 18 1.0
12 25 1.0
29 20 1.0
30 22 1.0
31 7 1.0
32 4 1.0
