*Vertices 128
1 "V0"
2 "V100"
3 "V11"
4 "V89"
5 "V15"
6 "V85"
7 "V119"
8 "V104"
9 "V45"
10 "V30"
11 "V34"
12 "V64"
13 "V123"
14 "V121"
15 "V125"
16 "V9"
17 "V68"
18 "V66"
19 "V70"
20 "V13"
21 "V17"
22 "V87"
23 "V28"
24 "V102"
25 "V117"
26 "V32"
27 "V106"
28 "V51"
29 "V49"
30 "V47"
31 "V53"
32 "V81"
33 "V83"
34 "V22"
35 "V26"
36 "V96"
37 "V37"
38 "V111"
39 "V126"
40 "V41"
41 "V115"
42 "V60"
43 "V58"
44 "V56"
45 "V62"
46 "V7"
47 "V5"
48 "V3"
49 "V1"
50 "V90"
51 "V92"
52 "V109"
53 "V98"
54 "V20"
55 "V24"
56 "V94"
57 "V113"
58 "V54"
59 "V43"
60 "V39"
61 "V73"
62 "V18"
63 "V77"
64 "V75"
65 "V79"
66 "V63"
67 "V122"
68 "V52"
69 "V48"
70 "V118"
71 "V107"
72 "V29"
73 "V103"
74 "V33"
75 "V27"
76 "V86"
77 "V84"
78 "V88"
79 "V82"
80 "V120"
81 "V50"
82 "V124"
83 "V31"
84 "V35"
85 "V105"
86 "V46"
87 "V14"
88 "V10"
89 "V16"
90 "V12"
91 "V101"
92 "V99"
93 "V65"
94 "V71"
95 "V67"
96 "V69"
97 "V59"
98 "V40"
99 "V44"
100 "V114"
101 "V55"
102 "V25"
103 "V19"
104 "V21"
105 "V110"
106 "V108"
107 "V23"
108 "V76"
109 "V74"
110 "V80"
111 "V78"
112 "V72"
113 "V61"
114 "V57"
115 "V127"
116 "V38"
117 "V116"
118 "V112"
119 "V42"
120 "V36"
121 "V95"
122 "V93"
123 "V97"
124 "V91"
125 "V8"
126 "V6"
127 "V4"
128 "V2"
*Arcs
36 110 1.0
1 122 1.0
104 94 1.0
95 34 1.0
100 27 1.0
4 46 1.0
116 20 1.0
6 59 1.0
88 83 1.0
44 89 1.0
11 61 1.0
73 66 1.0
75 99 1.0
109 35 1.0
14 33 1.0
13 27 1.0
9 26 1.0
89 79 1.0
51 88 1.0
66 48 1.0
105 66 1.0
17 89 1.0
11 86 1.0
32 66 1.0
68 32 1.0
20 124 1.0
115 79 1.0
47 23 1.0
19 80 1.0
92 38 1.0
107 67 1.0
40 5 1.0
24 1 1.0
117 41 1.0
97 128 1.0
78 62 1.0
90 29 1.0
10 87 1.0
85 26 1.0
30 75 1.0
69 98 1.0
13 9 1.0
49 76 1.0
63 76 1.0
103 21 1.0
56 59 1.0
118 124 1.0
32 107 1.0
18 23 1.0
101 128 1.0
35 54 1.0
91 9 1.0
37 31 1.0
33 102 1.0
125 83 1.0
7 111 1.0
99 26 1.0
50 125 1.0
35 63 1.0
112 54 1.0
41 23 1.0
74 65 1.0
106 118 1.0
42 124 1.0
65 61 1.0
5 125 1.0
113 128 1.0
123 76 1.0
47 74 1.0
34 120 1.0
39 86 1.0
127 120 1.0
81 63 1.0
3 126 1.0
76 94 1.0
41 114 1.0
60 19 1.0
17 87 1.0
56 34 1.0
1 41 1.0
67 122 1.0
64 23 1.0
8 118 1.0
23 76 1.0
114 24 1.0
60 114 1.0
61 64 1.0
12 98 1.0
21 87 1.0
122 23 1.0
86 40 1.0
62 31 1.0
31 128 1.0
126 18 1.0
79 20 1.0
84 74 1.0
38 88 1.0
20 59 1.0
4 99 1.0
42 111 1.0
27 26 1.0
68 105 1.0
83 48 1.0
55 49 1.0
2 1 1.0
94 48 1.0
25 118 1.0
71 89 1.0
119 76 1.0
95 88 1.0
76 102 1.0
57 6 1.0
116 124 1.0
77 3 1.0
16 67 1.0
111 46 1.0
82 44 1.0
128 21 1.0
29 74 1.0
121 49 1.0
54 19 1.0
124 118 1.0
9 54 1.0
80 127 1.0
80 32 1.0
45 102 1.0
89 127 1.0
24 103 1.0
83 104 1.0
44 74 1.0
61 107 1.0
75 57 1.0
107 86 1.0
88 12 1.0
53 110 1.0
117 63 1.0
98 33 1.0
96 94 1.0
92 63 1.0
11 1 1.0
93 66 1.0
52 51 1.0
115 74 1.0
28 67 1.0
110 7 1.0
47 66 1.0
30 46 1.0
13 105 1.0
56 29 1.0
72 23 1.0
49 104 1.0
108 118 1.0
43 78 1.0
85 1 1.0
99 83 1.0
22 21 1.0
90 31 1.0
91 24 1.0
102 21 1.0
112 35 1.0
46 41 1.0
58 120 1.0
107 4 1.0
118 21 1.0
120 96 1.0
33 22 1.0
62 107 1.0
93 83 1.0
111 6 1.0
15 35 1.0
48 24 1.0
65 107 1.0
26 127 1.0
71 107 1.0
114 29 1.0
113 6 1.0
87 124 1.0
50 26 1.0
59 23 1.0
70 6 1.0
118 24 1.0
73 68 1.0
120 109 1.0
88 13 1.0
114 69 1.0
6 69 1.0
60 10 1.0
124 13 1.0
100 2 1.0
17 105 1.0
36 118 1.0
104 28 1.0
81 104 1.0
128 91 1.0
68 46 1.0
126 85 1.0
32 31 1.0
55 5 1.0
92 46 1.0
5 44 1.0
25 52 1.0
8 7 1.0
19 45 1.0
20 8 1.0
78 105 1.0
40 13 1.0
109 76 1.0
23 67 1.0
86 18 1.0
15 21 1.0
14 26 1.0
66 62 1.0
51 87 1.0
21 49 1.0
84 28 1.0
19 54 1.0
105 93 1.0
37 107 1.0
57 16 1.0
77 24 1.0
125 28 1.0
101 74 1.0
24 31 1.0
23 65 1.0
35 48 1.0
25 94 1.0
61 31 1.0
99 10 1.0
7 95 1.0
97 87 1.0
29 26 1.0
27 21 1.0
10 48 1.0
63 120 1.0
128 57 1.0
82 97 1.0
69 46 1.0
121 124 1.0
103 47 1.0
18 41 1.0
33 87 1.0
76 88 1.0
98 87 1.0
41 26 1.0
36 86 1.0
96 90 1.0
34 94 1.0
64 81 1.0
72 99 1.0
8 18 1.0
40 120 1.0
43 120 1.0
3 28 1.0
106 90 1.0
74 88 1.0
45 41 1.0
45 117 1.0
5 7 1.0
124 48 1.0
123 44 1.0
46 95 1.0
28 20 1.0
127 111 1.0
39 109 1.0
110 124 1.0
94 40 1.0
70 51 1.0
52 59 1.0
54 6 1.0
31 26 1.0
102 71 1.0
2 32 1.0
42 9 1.0
71 88 1.0
58 87 1.0
119 104 1.0
87 104 1.0
4 18 1.0
122 52 1.0
62 65 1.0
12 114 1.0
1 116 1.0
67 111 1.0
30 33 1.0
79 38 1.0
46 112 1.0
38 26 1.0
64 75 1.0
120 102 1.0
80 38 1.0
9 87 1.0
109 32 1.0
67 12 1.0
89 75 1.0
51 44 1.0
44 9 1.0
6 48 1.0
16 69 1.0
75 55 1.0
74 118 1.0
73 104 1.0
95 84 1.0
54 107 1.0
116 18 1.0
100 50 1.0
78 29 1.0
48 102 1.0
111 24 1.0
83 49 1.0
36 20 1.0
29 128 1.0
15 95 1.0
85 28 1.0
10 73 1.0
108 113 1.0
13 31 1.0
49 114 1.0
69 22 1.0
117 51 1.0
40 23 1.0
22 116 1.0
90 57 1.0
97 120 1.0
86 104 1.0
68 52 1.0
53 43 1.0
90 23 1.0
107 104 1.0
91 41 1.0
19 114 1.0
66 102 1.0
52 89 1.0
95 71 1.0
11 41 1.0
115 8 1.0
47 104 1.0
32 69 1.0
65 104 1.0
26 34 1.0
106 107 1.0
97 86 1.0
113 24 1.0
50 29 1.0
5 54 1.0
59 55 1.0
100 69 1.0
7 10 1.0
112 62 1.0
35 5 1.0
91 104 1.0
102 125 1.0
58 63 1.0
125 5 1.0
33 9 1.0
37 91 1.0
118 9 1.0
110 43 1.0
93 118 1.0
103 120 1.0
56 18 1.0
12 69 1.0
112 47 1.0
105 19 1.0
86 12 1.0
122 94 1.0
21 105 1.0
64 49 1.0
14 35 1.0
115 38 1.0
116 94 1.0
8 34 1.0
23 34 1.0
88 104 1.0
76 42 1.0
114 26 1.0
41 116 1.0
122 111 1.0
60 105 1.0
104 78 1.0
123 108 1.0
17 7 1.0
39 111 1.0
127 35 1.0
127 103 1.0
81 126 1.0
16 105 1.0
77 20 1.0
57 79 1.0
116 102 1.0
18 1 1.0
6 80 1.0
80 119 1.0
7 108 1.0
61 3 1.0
24 5 1.0
10 34 1.0
75 125 1.0
101 98 1.0
12 7 1.0
45 107 1.0
89 107 1.0
124 87 1.0
99 41 1.0
16 73 1.0
28 90 1.0
115 75 1.0
47 57 1.0
110 27 1.0
74 1 1.0
52 35 1.0
31 87 1.0
21 24 1.0
92 32 1.0
84 48 1.0
79 26 1.0
126 15 1.0
25 46 1.0
119 75 1.0
78 21 1.0
55 125 1.0
94 16 1.0
27 69 1.0
27 97 1.0
28 120 1.0
83 21 1.0
20 11 1.0
42 78 1.0
121 120 1.0
54 20 1.0
128 109 1.0
63 122 1.0
29 84 1.0
82 94 1.0
2 20 1.0
34 26 1.0
58 100 1.0
112 6 1.0
102 117 1.0
59 104 1.0
70 66 1.0
38 37 1.0
113 114 1.0
4 5 1.0
87 96 1.0
26 72 1.0
71 4 1.0
44 1 1.0
81 48 1.0
15 111 1.0
48 79 1.0
111 12 1.0
104 58 1.0
36 84 1.0
49 35 1.0
60 54 1.0
100 24 1.0
50 5 1.0
95 1 1.0
53 34 1.0
34 66 1.0
96 8 1.0
53 118 1.0
117 1 1.0
98 85 1.0
22 97 1.0
3 102 1.0
43 96 1.0
59 51 1.0
85 7 1.0
72 74 1.0
108 89 1.0
67 37 1.0
1 33 1.0
30 35 1.0
62 20 1.0
56 47 1.0
93 13 1.0
38 8 1.0
63 94 1.0
120 47 1.0
46 48 1.0
33 116 1.0
13 18 1.0
49 107 1.0
63 23 1.0
10 4 1.0
27 46 1.0
69 2 1.0
97 100 1.0
90 88 1.0
78 124 1.0
40 76 1.0
25 111 1.0
73 41 1.0
19 62 1.0
101 23 1.0
75 8 1.0
125 108 1.0
77 15 1.0
37 109 1.0
118 44 1.0
79 112 1.0
18 98 1.0
121 30 1.0
103 127 1.0
69 74 1.0
9 33 1.0
14 102 1.0
51 12 1.0
23 103 1.0
82 87 1.0
109 88 1.0
44 98 1.0
73 36 1.0
84 83 1.0
6 35 1.0
88 1 1.0
92 13 1.0
87 37 1.0
107 3 1.0
126 94 1.0
68 5 1.0
105 81 1.0
11 49 1.0
32 87 1.0
21 23 1.0
66 120 1.0
96 102 1.0
122 120 1.0
86 114 1.0
67 69 1.0
12 11 1.0
62 47 1.0
8 104 1.0
98 43 1.0
114 40 1.0
1 52 1.0
64 15 1.0
72 6 1.0
55 73 1.0
103 96 1.0
2 48 1.0
70 112 1.0
119 89 1.0
94 83 1.0
106 15 1.0
84 124 1.0
38 118 1.0
109 71 1.0
31 94 1.0
79 86 1.0
46 126 1.0
5 118 1.0
50 127 1.0
45 124 1.0
106 46 1.0
113 102 1.0
74 26 1.0
35 3 1.0
91 65 1.0
61 83 1.0
7 21 1.0
117 87 1.0
99 46 1.0
17 28 1.0
121 125 1.0
41 106 1.0
98 49 1.0
76 10 1.0
3 120 1.0
65 102 1.0
39 112 1.0
127 128 1.0
28 104 1.0
123 87 1.0
126 44 1.0
34 48 1.0
96 1 1.0
117 70 1.0
2 106 1.0
3 69 1.0
68 111 1.0
107 49 1.0
53 48 1.0
43 47 1.0
85 54 1.0
9 78 1.0
40 98 1.0
90 34 1.0
22 126 1.0
124 2 1.0
89 118 1.0
66 41 1.0
14 57 1.0
80 116 1.0
9 8 1.0
110 42 1.0
47 76 1.0
115 114 1.0
52 18 1.0
18 52 1.0
11 54 1.0
6 13 1.0
116 41 1.0
57 51 1.0
22 54 1.0
95 29 1.0
54 100 1.0
109 54 1.0
75 26 1.0
24 84 1.0
26 70 1.0
44 86 1.0
16 76 1.0
71 22 1.0
83 62 1.0
42 117 1.0
31 16 1.0
20 88 1.0
4 128 1.0
36 128 1.0
29 78 1.0
82 13 1.0
128 61 1.0
111 78 1.0
60 125 1.0
100 76 1.0
76 95 1.0
88 18 1.0
114 88 1.0
73 128 1.0
37 6 1.0
23 54 1.0
14 112 1.0
39 78 1.0
64 9 1.0
86 107 1.0
113 74 1.0
43 98 1.0
106 83 1.0
26 41 1.0
65 84 1.0
48 69 1.0
15 96 1.0
81 83 1.0
48 54 1.0
123 118 1.0
104 4 1.0
17 12 1.0
51 62 1.0
58 79 1.0
125 69 1.0
33 79 1.0
102 33 1.0
91 77 1.0
55 102 1.0
59 78 1.0
7 124 1.0
57 88 1.0
112 104 1.0
87 52 1.0
50 32 1.0
108 3 1.0
10 5 1.0
30 115 1.0
13 3 1.0
49 116 1.0
93 30 1.0
56 7 1.0
103 1 1.0
120 21 1.0
65 117 1.0
118 77 1.0
45 37 1.0
66 23 1.0
52 34 1.0
99 35 1.0
124 44 1.0
5 30 1.0
61 35 1.0
70 58 1.0
80 106 1.0
24 104 1.0
72 10 1.0
35 83 1.0
16 83 1.0
77 12 1.0
101 22 1.0
57 19 1.0
77 114 1.0
37 118 1.0
54 98 1.0
121 95 1.0
18 21 1.0
82 78 1.0
128 73 1.0
69 95 1.0
63 93 1.0
27 19 1.0
83 57 1.0
97 84 1.0
81 65 1.0
20 79 1.0
78 30 1.0
119 5 1.0
25 37 1.0
85 107 1.0
19 58 1.0
55 116 1.0
92 45 1.0
89 83 1.0
31 124 1.0
126 35 1.0
32 9 1.0
84 26 1.0
105 46 1.0
94 38 1.0
12 89 1.0
21 27 1.0
51 104 1.0
71 78 1.0
26 114 1.0
111 61 1.0
48 87 1.0
15 46 1.0
29 59 1.0
70 26 1.0
59 71 1.0
4 86 1.0
87 98 1.0
42 69 1.0
101 33 1.0
58 125 1.0
2 65 1.0
104 79 1.0
102 62 1.0
105 25 1.0
94 102 1.0
108 80 1.0
93 98 1.0
120 74 1.0
38 110 1.0
79 18 1.0
46 37 1.0
67 26 1.0
30 111 1.0
108 20 1.0
1 24 1.0
62 118 1.0
122 51 1.0
43 84 1.0
22 87 1.0
3 105 1.0
72 87 1.0
119 105 1.0
8 15 1.0
96 120 1.0
34 13 1.0
98 32 1.0
41 103 1.0
123 50 1.0
127 115 1.0
110 83 1.0
74 72 1.0
53 104 1.0
125 39 1.0
28 105 1.0
39 87 1.0
