*Vertices 256
1 "V0"
2 "V174"
3 "V233"
4 "V89"
5 "V85"
6 "V119"
7 "V178"
8 "V30"
9 "V34"
10 "V64"
11 "V208"
12 "V123"
13 "V212"
14 "V9"
15 "V68"
16 "V153"
17 "V13"
18 "V17"
19 "V157"
20 "V246"
21 "V161"
22 "V102"
23 "V250"
24 "V106"
25 "V191"
26 "V51"
27 "V47"
28 "V195"
29 "V136"
30 "V225"
31 "V229"
32 "V140"
33 "V81"
34 "V22"
35 "V26"
36 "V255"
37 "V170"
38 "V111"
39 "V200"
40 "V115"
41 "V60"
42 "V56"
43 "V204"
44 "V145"
45 "V234"
46 "V5"
47 "V238"
48 "V1"
49 "V149"
50 "V90"
51 "V183"
52 "V242"
53 "V98"
54 "V94"
55 "V128"
56 "V187"
57 "V43"
58 "V39"
59 "V73"
60 "V217"
61 "V132"
62 "V221"
63 "V18"
64 "V77"
65 "V162"
66 "V166"
67 "V196"
68 "V137"
69 "V52"
70 "V48"
71 "V251"
72 "V192"
73 "V107"
74 "V103"
75 "V27"
76 "V86"
77 "V171"
78 "V175"
79 "V82"
80 "V141"
81 "V226"
82 "V230"
83 "V120"
84 "V209"
85 "V124"
86 "V31"
87 "V35"
88 "V179"
89 "V243"
90 "V14"
91 "V247"
92 "V10"
93 "V158"
94 "V99"
95 "V65"
96 "V213"
97 "V69"
98 "V154"
99 "V133"
100 "V218"
101 "V40"
102 "V44"
103 "V129"
104 "V188"
105 "V252"
106 "V19"
107 "V167"
108 "V23"
109 "V108"
110 "V74"
111 "V222"
112 "V78"
113 "V163"
114 "V205"
115 "V146"
116 "V61"
117 "V57"
118 "V201"
119 "V116"
120 "V112"
121 "V36"
122 "V95"
123 "V180"
124 "V184"
125 "V91"
126 "V150"
127 "V235"
128 "V6"
129 "V239"
130 "V2"
131 "V159"
132 "V100"
133 "V11"
134 "V248"
135 "V244"
136 "V15"
137 "V104"
138 "V45"
139 "V193"
140 "V189"
141 "V210"
142 "V121"
143 "V125"
144 "V155"
145 "V214"
146 "V66"
147 "V70"
148 "V87"
149 "V172"
150 "V231"
151 "V28"
152 "V32"
153 "V117"
154 "V176"
155 "V49"
156 "V53"
157 "V197"
158 "V138"
159 "V227"
160 "V142"
161 "V83"
162 "V96"
163 "V181"
164 "V240"
165 "V37"
166 "V41"
167 "V126"
168 "V185"
169 "V58"
170 "V62"
171 "V206"
172 "V147"
173 "V7"
174 "V3"
175 "V236"
176 "V151"
177 "V92"
178 "V168"
179 "V109"
180 "V20"
181 "V253"
182 "V24"
183 "V113"
184 "V54"
185 "V202"
186 "V198"
187 "V219"
188 "V130"
189 "V134"
190 "V164"
191 "V223"
192 "V75"
193 "V79"
194 "V63"
195 "V122"
196 "V211"
197 "V207"
198 "V118"
199 "V177"
200 "V29"
201 "V33"
202 "V173"
203 "V232"
204 "V84"
205 "V88"
206 "V228"
207 "V143"
208 "V139"
209 "V50"
210 "V135"
211 "V194"
212 "V190"
213 "V105"
214 "V46"
215 "V249"
216 "V16"
217 "V12"
218 "V245"
219 "V160"
220 "V101"
221 "V71"
222 "V67"
223 "V215"
224 "V156"
225 "V144"
226 "V59"
227 "V203"
228 "V199"
229 "V114"
230 "V55"
231 "V25"
232 "V21"
233 "V254"
234 "V169"
235 "V110"
236 "V76"
237 "V80"
238 "V224"
239 "V165"
240 "V72"
241 "V131"
242 "V220"
243 "V216"
244 "V127"
245 "V186"
246 "V38"
247 "V42"
248 "V182"
249 "V241"
250 "V93"
251 "V97"
252 "V237"
253 "V152"
254 "V8"
255 "V148"
256 "V4"
*Arcs
1 245 1.0
147 87 1.0
72 167 1.0
3 46 1.0
153 133 1.0
129 212 1.0
247 232 1.0
190 34 1.0
4 58 1.0
205 50 1.0
141 118 1.0
210 70 1.0
17 138 1.0
163 59 1.0
226 245 1.0
7 30 1.0
206 42 1.0
24 130 1.0
86 182 1.0
16 208 1.0
9 127 1.0
228 95 1.0
64 171 1.0
130 46 1.0
70 164 1.0
20 212 1.0
85 255 1.0
122 102 1.0
37 241 1.0
12 11 1.0
160 14 1.0
60 222 1.0
180 75 1.0
104 206 1.0
13 231 1.0
146 169 1.0
127 3 1.0
165 69 1.0
183 33 1.0
204 136 1.0
131 73 1.0
15 92 1.0
241 61 1.0
171 38 1.0
14 127 1.0
199 255 1.0
181 167 1.0
230 225 1.0
255 1 1.0
35 63 1.0
17 150 1.0
19 177 1.0
22 58 1.0
238 193 1.0
52 30 1.0
66 245 1.0
102 9 1.0
28 54 1.0
59 56 1.0
83 14 1.0
20 249 1.0
136 203 1.0
68 244 1.0
22 48 1.0
96 192 1.0
125 141 1.0
179 130 1.0
150 28 1.0
201 87 1.0
170 129 1.0
124 72 1.0
25 251 1.0
167 254 1.0
185 190 1.0
256 15 1.0
237 86 1.0
144 231 1.0
27 42 1.0
242 125 1.0
34 108 1.0
53 151 1.0
202 169 1.0
29 246 1.0
134 255 1.0
26 163 1.0
40 148 1.0
30 223 1.0
25 215 1.0
97 130 1.0
225 1 1.0
84 75 1.0
33 11 1.0
148 246 1.0
65 95 1.0
252 41 1.0
101 108 1.0
81 216 1.0
137 156 1.0
200 1 1.0
176 52 1.0
35 242 1.0
236 130 1.0
99 231 1.0
133 255 1.0
36 45 1.0
123 149 1.0
169 106 1.0
37 86 1.0
250 112 1.0
223 121 1.0
63 35 1.0
32 173 1.0
95 161 1.0
186 34 1.0
1 133 1.0
195 129 1.0
135 215 1.0
27 255 1.0
234 241 1.0
40 42 1.0
43 168 1.0
173 174 1.0
41 226 1.0
79 209 1.0
71 232 1.0
184 107 1.0
103 204 1.0
38 147 1.0
56 90 1.0
43 248 1.0
93 41 1.0
3 243 1.0
121 108 1.0
139 10 1.0
221 232 1.0
46 226 1.0
164 241 1.0
198 211 1.0
47 247 1.0
49 87 1.0
132 180 1.0
154 198 1.0
172 151 1.0
231 108 1.0
111 84 1.0
248 72 1.0
51 65 1.0
73 198 1.0
29 116 1.0
41 57 1.0
196 182 1.0
4 112 1.0
90 150 1.0
57 184 1.0
239 73 1.0
54 23 1.0
77 122 1.0
55 35 1.0
162 52 1.0
143 3 1.0
91 230 1.0
155 246 1.0
112 240 1.0
39 61 1.0
174 86 1.0
31 98 1.0
152 93 1.0
98 148 1.0
58 200 1.0
59 104 1.0
219 132 1.0
246 210 1.0
175 52 1.0
229 138 1.0
60 246 1.0
140 255 1.0
222 184 1.0
207 174 1.0
100 202 1.0
232 215 1.0
49 122 1.0
63 69 1.0
75 215 1.0
30 168 1.0
74 50 1.0
65 29 1.0
7 27 1.0
42 53 1.0
233 241 1.0
61 92 1.0
92 231 1.0
197 22 1.0
5 18 1.0
168 148 1.0
67 22 1.0
194 68 1.0
203 232 1.0
9 1 1.0
235 97 1.0
69 193 1.0
33 48 1.0
224 218 1.0
244 143 1.0
46 164 1.0
227 143 1.0
67 32 1.0
71 80 1.0
110 101 1.0
89 179 1.0
138 62 1.0
142 102 1.0
177 149 1.0
107 123 1.0
73 225 1.0
158 83 1.0
145 152 1.0
216 3 1.0
47 121 1.0
119 177 1.0
166 8 1.0
113 79 1.0
76 116 1.0
205 224 1.0
141 115 1.0
217 140 1.0
189 93 1.0
226 43 1.0
163 76 1.0
78 249 1.0
215 82 1.0
2 17 1.0
69 150 1.0
80 138 1.0
94 93 1.0
62 90 1.0
44 159 1.0
108 65 1.0
72 162 1.0
147 27 1.0
82 123 1.0
146 130 1.0
80 90 1.0
243 53 1.0
106 217 1.0
83 190 1.0
54 1 1.0
131 41 1.0
165 74 1.0
45 57 1.0
120 220 1.0
84 145 1.0
104 50 1.0
64 174 1.0
253 57 1.0
86 13 1.0
159 44 1.0
8 66 1.0
213 174 1.0
37 121 1.0
218 226 1.0
70 207 1.0
12 226 1.0
228 131 1.0
48 108 1.0
211 189 1.0
89 126 1.0
6 120 1.0
255 61 1.0
92 43 1.0
240 61 1.0
50 123 1.0
13 141 1.0
136 1 1.0
249 142 1.0
102 28 1.0
66 127 1.0
94 233 1.0
254 255 1.0
105 181 1.0
188 95 1.0
95 72 1.0
114 128 1.0
161 110 1.0
191 102 1.0
220 173 1.0
35 102 1.0
230 9 1.0
199 95 1.0
98 245 1.0
34 243 1.0
187 211 1.0
251 140 1.0
212 129 1.0
15 248 1.0
225 160 1.0
134 178 1.0
167 8 1.0
256 50 1.0
99 117 1.0
149 230 1.0
209 126 1.0
144 186 1.0
82 115 1.0
201 124 1.0
118 22 1.0
102 232 1.0
193 34 1.0
116 169 1.0
68 32 1.0
109 226 1.0
51 174 1.0
104 28 1.0
192 79 1.0
157 233 1.0
1 57 1.0
195 24 1.0
135 86 1.0
214 255 1.0
88 77 1.0
107 9 1.0
137 228 1.0
81 38 1.0
151 46 1.0
126 209 1.0
108 20 1.0
76 86 1.0
11 254 1.0
133 158 1.0
99 224 1.0
36 136 1.0
117 238 1.0
111 121 1.0
252 142 1.0
40 93 1.0
58 86 1.0
21 147 1.0
112 105 1.0
132 254 1.0
78 53 1.0
115 78 1.0
156 170 1.0
23 174 1.0
55 229 1.0
128 56 1.0
43 206 1.0
79 78 1.0
117 159 1.0
19 203 1.0
87 200 1.0
3 174 1.0
38 157 1.0
118 182 1.0
245 1 1.0
10 174 1.0
208 198 1.0
18 38 1.0
223 108 1.0
120 242 1.0
250 256 1.0
178 27 1.0
16 59 1.0
121 153 1.0
112 192 1.0
24 255 1.0
123 12 1.0
206 166 1.0
86 178 1.0
41 255 1.0
248 214 1.0
196 185 1.0
17 148 1.0
210 20 1.0
190 106 1.0
125 253 1.0
4 255 1.0
153 1 1.0
129 4 1.0
247 125 1.0
221 255 1.0
139 181 1.0
127 168 1.0
111 192 1.0
182 223 1.0
115 171 1.0
130 140 1.0
238 139 1.0
75 140 1.0
22 14 1.0
7 119 1.0
131 38 1.0
181 45 1.0
42 215 1.0
83 171 1.0
28 29 1.0
134 56 1.0
136 118 1.0
59 169 1.0
49 90 1.0
96 174 1.0
137 149 1.0
125 164 1.0
107 157 1.0
52 215 1.0
138 75 1.0
139 218 1.0
124 40 1.0
170 153 1.0
158 161 1.0
216 96 1.0
20 95 1.0
77 228 1.0
155 64 1.0
39 173 1.0
85 48 1.0
130 90 1.0
180 122 1.0
160 161 1.0
143 222 1.0
60 174 1.0
122 10 1.0
127 129 1.0
183 232 1.0
246 165 1.0
222 159 1.0
140 8 1.0
145 28 1.0
171 133 1.0
14 80 1.0
241 87 1.0
219 232 1.0
147 246 1.0
204 57 1.0
84 202 1.0
217 42 1.0
148 35 1.0
169 48 1.0
189 27 1.0
213 155 1.0
149 224 1.0
123 50 1.0
176 5 1.0
200 236 1.0
159 142 1.0
186 193 1.0
236 214 1.0
151 210 1.0
218 22 1.0
12 192 1.0
48 133 1.0
153 93 1.0
234 195 1.0
27 227 1.0
63 11 1.0
243 109 1.0
54 56 1.0
150 161 1.0
179 46 1.0
9 190 1.0
224 162 1.0
155 233 1.0
185 115 1.0
237 102 1.0
46 90 1.0
215 230 1.0
244 112 1.0
26 108 1.0
202 179 1.0
158 144 1.0
53 72 1.0
242 179 1.0
108 109 1.0
44 147 1.0
97 230 1.0
25 102 1.0
159 94 1.0
119 156 1.0
47 162 1.0
101 56 1.0
65 104 1.0
161 69 1.0
51 208 1.0
116 138 1.0
29 24 1.0
90 11 1.0
13 217 1.0
162 211 1.0
50 209 1.0
239 84 1.0
164 224 1.0
57 25 1.0
198 54 1.0
164 72 1.0
91 184 1.0
209 80 1.0
143 220 1.0
118 245 1.0
174 171 1.0
193 47 1.0
98 127 1.0
166 153 1.0
152 114 1.0
31 29 1.0
73 223 1.0
168 215 1.0
161 192 1.0
114 154 1.0
173 254 1.0
45 190 1.0
121 184 1.0
93 130 1.0
170 58 1.0
56 237 1.0
171 125 1.0
120 111 1.0
32 241 1.0
95 101 1.0
173 79 1.0
240 102 1.0
211 157 1.0
191 241 1.0
231 113 1.0
172 228 1.0
154 145 1.0
176 203 1.0
220 243 1.0
103 74 1.0
71 180 1.0
184 255 1.0
214 233 1.0
89 137 1.0
142 80 1.0
145 142 1.0
177 78 1.0
178 255 1.0
179 107 1.0
180 217 1.0
126 156 1.0
151 124 1.0
181 247 1.0
67 117 1.0
110 18 1.0
203 159 1.0
87 124 1.0
235 80 1.0
33 108 1.0
19 162 1.0
184 198 1.0
208 151 1.0
18 210 1.0
168 225 1.0
186 124 1.0
194 200 1.0
15 42 1.0
212 229 1.0
187 129 1.0
229 132 1.0
175 144 1.0
58 152 1.0
149 155 1.0
188 154 1.0
162 27 1.0
100 65 1.0
232 118 1.0
207 188 1.0
233 231 1.0
117 242 1.0
88 65 1.0
74 152 1.0
190 94 1.0
30 118 1.0
21 80 1.0
192 53 1.0
5 156 1.0
197 92 1.0
92 225 1.0
61 183 1.0
122 174 1.0
60 57 1.0
106 90 1.0
20 92 1.0
70 63 1.0
37 103 1.0
195 108 1.0
104 231 1.0
196 14 1.0
183 155 1.0
80 63 1.0
146 159 1.0
206 48 1.0
24 122 1.0
8 106 1.0
163 190 1.0
226 4 1.0
199 184 1.0
228 19 1.0
130 138 1.0
85 65 1.0
253 171 1.0
201 114 1.0
64 240 1.0
113 101 1.0
166 121 1.0
129 104 1.0
153 35 1.0
203 160 1.0
72 99 1.0
210 74 1.0
17 86 1.0
141 37 1.0
205 196 1.0
205 126 1.0
2 151 1.0
207 53 1.0
23 27 1.0
69 56 1.0
55 25 1.0
227 110 1.0
128 48 1.0
147 117 1.0
115 184 1.0
62 164 1.0
182 133 1.0
94 28 1.0
237 248 1.0
185 79 1.0
256 245 1.0
167 174 1.0
134 100 1.0
26 48 1.0
202 29 1.0
210 79 1.0
251 159 1.0
187 63 1.0
34 217 1.0
225 235 1.0
125 193 1.0
96 29 1.0
136 224 1.0
68 224 1.0
170 230 1.0
124 14 1.0
212 213 1.0
109 18 1.0
82 117 1.0
201 216 1.0
144 17 1.0
214 232 1.0
255 50 1.0
35 23 1.0
238 123 1.0
28 147 1.0
59 215 1.0
217 98 1.0
249 24 1.0
6 136 1.0
218 180 1.0
66 140 1.0
220 247 1.0
102 57 1.0
131 108 1.0
127 4 1.0
165 100 1.0
171 46 1.0
222 85 1.0
204 150 1.0
105 182 1.0
188 86 1.0
254 80 1.0
224 255 1.0
22 8 1.0
199 116 1.0
230 184 1.0
71 120 1.0
78 178 1.0
156 245 1.0
43 80 1.0
103 130 1.0
173 27 1.0
93 223 1.0
226 17 1.0
79 155 1.0
38 14 1.0
3 208 1.0
121 137 1.0
10 249 1.0
245 158 1.0
227 48 1.0
223 137 1.0
63 227 1.0
32 166 1.0
234 8 1.0
229 142 1.0
250 152 1.0
195 18 1.0
135 253 1.0
27 225 1.0
157 191 1.0
1 238 1.0
192 52 1.0
176 242 1.0
231 90 1.0
200 72 1.0
81 156 1.0
137 119 1.0
123 160 1.0
234 230 1.0
169 112 1.0
36 209 1.0
99 90 1.0
133 100 1.0
11 124 1.0
76 187 1.0
237 155 1.0
65 142 1.0
101 178 1.0
252 147 1.0
40 197 1.0
238 73 1.0
25 56 1.0
97 34 1.0
175 133 1.0
219 217 1.0
246 63 1.0
240 100 1.0
197 225 1.0
5 180 1.0
160 155 1.0
180 124 1.0
140 201 1.0
222 205 1.0
229 63 1.0
243 73 1.0
91 248 1.0
155 232 1.0
77 64 1.0
244 34 1.0
162 124 1.0
100 162 1.0
16 63 1.0
246 22 1.0
112 1 1.0
39 177 1.0
174 215 1.0
143 83 1.0
248 129 1.0
248 149 1.0
41 1 1.0
31 226 1.0
86 19 1.0
73 68 1.0
4 56 1.0
190 92 1.0
250 191 1.0
29 112 1.0
196 140 1.0
90 213 1.0
252 116 1.0
139 65 1.0
221 58 1.0
247 15 1.0
164 212 1.0
198 11 1.0
111 198 1.0
132 10 1.0
255 198 1.0
172 87 1.0
256 192 1.0
231 253 1.0
163 127 1.0
2 253 1.0
213 133 1.0
189 226 1.0
226 184 1.0
148 10 1.0
84 37 1.0
217 104 1.0
166 22 1.0
113 5 1.0
5 190 1.0
37 93 1.0
6 80 1.0
54 234 1.0
12 59 1.0
218 187 1.0
70 1 1.0
8 96 1.0
236 107 1.0
186 179 1.0
48 100 1.0
159 174 1.0
8 217 1.0
253 226 1.0
131 140 1.0
10 242 1.0
165 57 1.0
45 54 1.0
120 161 1.0
11 153 1.0
56 14 1.0
95 130 1.0
80 255 1.0
106 255 1.0
243 183 1.0
255 171 1.0
14 118 1.0
191 64 1.0
35 232 1.0
220 67 1.0
154 92 1.0
16 180 1.0
184 233 1.0
105 146 1.0
188 204 1.0
254 173 1.0
114 201 1.0
161 41 1.0
74 231 1.0
30 121 1.0
75 255 1.0
49 27 1.0
18 192 1.0
110 48 1.0
14 95 1.0
181 75 1.0
241 98 1.0
42 230 1.0
7 83 1.0
21 207 1.0
177 254 1.0
145 101 1.0
216 130 1.0
158 111 1.0
194 75 1.0
67 188 1.0
23 78 1.0
83 200 1.0
52 167 1.0
138 153 1.0
107 130 1.0
24 215 1.0
227 186 1.0
26 89 1.0
33 184 1.0
215 159 1.0
244 46 1.0
46 191 1.0
179 14 1.0
28 18 1.0
168 86 1.0
224 57 1.0
150 253 1.0
9 180 1.0
147 184 1.0
44 200 1.0
47 249 1.0
119 11 1.0
72 26 1.0
31 53 1.0
32 45 1.0
2 84 1.0
69 100 1.0
108 114 1.0
242 245 1.0
53 224 1.0
126 130 1.0
34 79 1.0
192 215 1.0
137 76 1.0
81 186 1.0
151 225 1.0
89 52 1.0
178 24 1.0
214 104 1.0
157 139 1.0
142 40 1.0
36 114 1.0
208 72 1.0
18 109 1.0
38 174 1.0
250 114 1.0
223 239 1.0
203 5 1.0
235 180 1.0
87 174 1.0
245 65 1.0
10 119 1.0
39 38 1.0
55 57 1.0
43 215 1.0
128 114 1.0
79 180 1.0
19 160 1.0
42 173 1.0
62 32 1.0
182 171 1.0
94 225 1.0
78 132 1.0
44 14 1.0
23 191 1.0
156 235 1.0
153 226 1.0
139 232 1.0
45 226 1.0
221 35 1.0
115 183 1.0
48 241 1.0
141 132 1.0
17 174 1.0
50 137 1.0
205 90 1.0
190 122 1.0
129 157 1.0
247 78 1.0
240 149 1.0
211 149 1.0
52 23 1.0
6 180 1.0
249 10 1.0
57 218 1.0
239 220 1.0
53 153 1.0
50 19 1.0
13 161 1.0
136 84 1.0
68 246 1.0
116 79 1.0
51 230 1.0
109 164 1.0
56 25 1.0
82 63 1.0
98 207 1.0
152 122 1.0
57 215 1.0
118 79 1.0
193 96 1.0
167 42 1.0
256 254 1.0
149 14 1.0
209 79 1.0
134 168 1.0
187 213 1.0
251 245 1.0
61 169 1.0
207 86 1.0
232 63 1.0
212 161 1.0
62 249 1.0
15 22 1.0
252 230 1.0
58 232 1.0
40 53 1.0
76 41 1.0
21 98 1.0
64 237 1.0
61 232 1.0
11 27 1.0
92 78 1.0
88 138 1.0
66 31 1.0
233 85 1.0
117 230 1.0
53 77 1.0
202 140 1.0
68 163 1.0
215 79 1.0
26 100 1.0
244 94 1.0
185 142 1.0
46 150 1.0
237 97 1.0
144 64 1.0
70 107 1.0
201 142 1.0
150 145 1.0
179 222 1.0
72 191 1.0
124 167 1.0
170 98 1.0
158 215 1.0
216 156 1.0
96 107 1.0
125 42 1.0
74 84 1.0
66 120 1.0
102 166 1.0
176 226 1.0
200 148 1.0
75 157 1.0
213 109 1.0
77 109 1.0
159 111 1.0
36 7 1.0
123 145 1.0
169 79 1.0
84 76 1.0
99 17 1.0
133 108 1.0
65 64 1.0
79 84 1.0
148 230 1.0
119 95 1.0
47 232 1.0
101 87 1.0
97 50 1.0
25 156 1.0
81 158 1.0
242 160 1.0
34 67 1.0
225 161 1.0
180 133 1.0
60 77 1.0
122 23 1.0
146 123 1.0
160 25 1.0
20 52 1.0
85 35 1.0
130 80 1.0
77 86 1.0
85 98 1.0
155 254 1.0
16 13 1.0
86 254 1.0
206 35 1.0
228 75 1.0
64 24 1.0
87 96 1.0
41 173 1.0
210 217 1.0
24 247 1.0
88 227 1.0
248 202 1.0
90 144 1.0
59 141 1.0
28 207 1.0
83 34 1.0
91 25 1.0
52 197 1.0
199 57 1.0
93 206 1.0
22 51 1.0
238 63 1.0
75 171 1.0
49 200 1.0
204 155 1.0
171 169 1.0
14 130 1.0
241 119 1.0
181 197 1.0
230 93 1.0
104 152 1.0
96 23 1.0
183 141 1.0
127 83 1.0
246 42 1.0
219 157 1.0
97 112 1.0
222 102 1.0
207 65 1.0
100 73 1.0
232 20 1.0
162 92 1.0
21 54 1.0
175 86 1.0
58 73 1.0
229 191 1.0
140 191 1.0
100 191 1.0
112 25 1.0
98 112 1.0
101 130 1.0
152 34 1.0
31 73 1.0
73 98 1.0
149 148 1.0
103 102 1.0
91 137 1.0
209 29 1.0
143 246 1.0
39 112 1.0
174 75 1.0
105 224 1.0
89 38 1.0
142 130 1.0
126 3 1.0
106 117 1.0
67 80 1.0
110 230 1.0
177 35 1.0
145 225 1.0
18 174 1.0
138 78 1.0
107 21 1.0
109 106 1.0
61 42 1.0
92 108 1.0
233 215 1.0
110 3 1.0
5 85 1.0
197 162 1.0
30 46 1.0
74 46 1.0
151 36 1.0
7 94 1.0
42 52 1.0
113 104 1.0
56 32 1.0
114 126 1.0
95 246 1.0
3 13 1.0
121 231 1.0
38 179 1.0
161 75 1.0
93 200 1.0
116 161 1.0
103 209 1.0
114 182 1.0
173 154 1.0
1 35 1.0
186 188 1.0
236 181 1.0
27 233 1.0
135 106 1.0
195 13 1.0
54 180 1.0
234 46 1.0
119 83 1.0
32 133 1.0
243 219 1.0
63 25 1.0
164 34 1.0
239 22 1.0
57 144 1.0
122 226 1.0
196 224 1.0
4 145 1.0
90 93 1.0
29 14 1.0
116 101 1.0
51 100 1.0
124 208 1.0
71 42 1.0
184 35 1.0
154 188 1.0
126 44 1.0
132 18 1.0
111 152 1.0
231 116 1.0
172 61 1.0
128 185 1.0
240 97 1.0
211 256 1.0
198 230 1.0
129 138 1.0
249 154 1.0
102 4 1.0
6 130 1.0
50 196 1.0
66 179 1.0
132 91 1.0
255 43 1.0
133 230 1.0
35 256 1.0
28 194 1.0
135 14 1.0
59 242 1.0
82 210 1.0
201 191 1.0
109 27 1.0
138 195 1.0
193 231 1.0
144 220 1.0
68 215 1.0
13 114 1.0
136 47 1.0
124 132 1.0
140 176 1.0
170 174 1.0
146 98 1.0
104 253 1.0
120 3 1.0
141 186 1.0
45 160 1.0
165 87 1.0
37 122 1.0
142 237 1.0
122 22 1.0
60 52 1.0
106 111 1.0
80 147 1.0
105 11 1.0
199 221 1.0
230 106 1.0
144 255 1.0
191 80 1.0
220 132 1.0
131 129 1.0
146 224 1.0
204 222 1.0
171 132 1.0
188 24 1.0
254 90 1.0
226 128 1.0
189 83 1.0
217 215 1.0
141 254 1.0
205 82 1.0
148 94 1.0
113 43 1.0
166 66 1.0
129 46 1.0
153 74 1.0
150 141 1.0
218 55 1.0
70 98 1.0
12 161 1.0
228 247 1.0
48 22 1.0
64 215 1.0
253 180 1.0
152 107 1.0
206 174 1.0
8 3 1.0
24 121 1.0
163 152 1.0
154 150 1.0
33 1 1.0
227 253 1.0
128 92 1.0
203 121 1.0
9 157 1.0
224 167 1.0
156 81 1.0
168 101 1.0
157 141 1.0
235 107 1.0
208 122 1.0
194 169 1.0
72 58 1.0
147 85 1.0
62 133 1.0
44 217 1.0
108 238 1.0
2 90 1.0
160 28 1.0
94 101 1.0
55 226 1.0
23 210 1.0
69 11 1.0
196 226 1.0
17 160 1.0
4 48 1.0
41 16 1.0
210 215 1.0
73 222 1.0
248 86 1.0
163 57 1.0
16 109 1.0
31 142 1.0
86 121 1.0
39 253 1.0
165 68 1.0
112 161 1.0
20 152 1.0
85 42 1.0
130 3 1.0
167 86 1.0
162 254 1.0
77 256 1.0
155 171 1.0
160 167 1.0
180 232 1.0
100 127 1.0
3 98 1.0
19 103 1.0
87 133 1.0
169 181 1.0
43 27 1.0
79 208 1.0
103 232 1.0
173 180 1.0
71 107 1.0
78 144 1.0
156 75 1.0
172 95 1.0
111 226 1.0
132 46 1.0
182 48 1.0
115 226 1.0
174 167 1.0
221 137 1.0
139 46 1.0
175 27 1.0
198 174 1.0
164 242 1.0
247 17 1.0
190 231 1.0
177 50 1.0
81 13 1.0
200 108 1.0
137 177 1.0
88 10 1.0
178 50 1.0
117 209 1.0
195 9 1.0
157 168 1.0
1 72 1.0
192 56 1.0
176 138 1.0
182 35 1.0
223 167 1.0
63 244 1.0
250 59 1.0
178 192 1.0
183 97 1.0
135 79 1.0
214 101 1.0
38 114 1.0
185 200 1.0
245 154 1.0
10 186 1.0
32 216 1.0
134 247 1.0
26 180 1.0
202 205 1.0
118 169 1.0
256 100 1.0
167 225 1.0
225 6 1.0
34 159 1.0
189 135 1.0
251 53 1.0
187 210 1.0
252 240 1.0
40 63 1.0
101 163 1.0
212 22 1.0
15 95 1.0
191 125 1.0
133 3 1.0
36 24 1.0
99 74 1.0
65 20 1.0
193 94 1.0
11 14 1.0
76 109 1.0
45 47 1.0
120 209 1.0
121 207 1.0
93 4 1.0
194 66 1.0
161 22 1.0
80 232 1.0
106 14 1.0
56 58 1.0
95 25 1.0
197 106 1.0
218 23 1.0
234 108 1.0
27 26 1.0
198 144 1.0
243 215 1.0
54 46 1.0
253 174 1.0
200 176 1.0
236 42 1.0
186 140 1.0
12 40 1.0
48 35 1.0
123 231 1.0
202 151 1.0
169 95 1.0
159 209 1.0
8 242 1.0
213 216 1.0
148 226 1.0
113 17 1.0
204 109 1.0
189 238 1.0
84 103 1.0
217 17 1.0
25 219 1.0
206 93 1.0
97 146 1.0
47 181 1.0
166 201 1.0
119 232 1.0
242 110 1.0
53 100 1.0
2 156 1.0
208 43 1.0
44 2 1.0
108 233 1.0
215 55 1.0
244 180 1.0
69 63 1.0
185 3 1.0
237 230 1.0
46 14 1.0
224 108 1.0
9 52 1.0
209 95 1.0
179 17 1.0
211 129 1.0
150 133 1.0
194 186 1.0
168 76 1.0
96 256 1.0
216 109 1.0
158 256 1.0
107 29 1.0
213 3 1.0
125 210 1.0
83 140 1.0
52 238 1.0
138 146 1.0
67 218 1.0
215 143 1.0
110 106 1.0
49 240 1.0
216 107 1.0
238 251 1.0
75 61 1.0
22 50 1.0
7 171 1.0
219 19 1.0
181 131 1.0
42 113 1.0
241 132 1.0
197 139 1.0
14 168 1.0
5 140 1.0
219 93 1.0
221 111 1.0
246 3 1.0
127 125 1.0
183 118 1.0
223 36 1.0
140 210 1.0
222 168 1.0
33 93 1.0
227 53 1.0
128 100 1.0
55 63 1.0
23 63 1.0
156 133 1.0
78 98 1.0
225 181 1.0
94 22 1.0
62 186 1.0
182 30 1.0
115 85 1.0
145 50 1.0
177 79 1.0
18 11 1.0
208 99 1.0
10 127 1.0
245 32 1.0
228 30 1.0
203 146 1.0
235 112 1.0
87 138 1.0
19 95 1.0
230 117 1.0
126 4 1.0
30 79 1.0
151 48 1.0
157 47 1.0
232 10 1.0
192 69 1.0
89 115 1.0
142 74 1.0
233 163 1.0
235 108 1.0
178 205 1.0
214 221 1.0
21 103 1.0
236 152 1.0
175 186 1.0
58 105 1.0
11 21 1.0
92 173 1.0
76 121 1.0
233 214 1.0
117 133 1.0
61 254 1.0
74 185 1.0
239 191 1.0
88 54 1.0
251 185 1.0
187 209 1.0
232 133 1.0
209 17 1.0
149 144 1.0
241 228 1.0
212 138 1.0
242 168 1.0
229 103 1.0
207 255 1.0
15 161 1.0
82 53 1.0
98 246 1.0
152 141 1.0
51 154 1.0
116 70 1.0
109 15 1.0
245 21 1.0
174 179 1.0
91 256 1.0
143 233 1.0
247 191 1.0
118 6 1.0
193 74 1.0
239 161 1.0
249 228 1.0
57 140 1.0
6 201 1.0
211 113 1.0
249 234 1.0
29 230 1.0
90 230 1.0
13 183 1.0
251 36 1.0
50 22 1.0
154 146 1.0
253 11 1.0
105 144 1.0
184 18 1.0
188 100 1.0
114 180 1.0
254 117 1.0
240 232 1.0
172 155 1.0
254 220 1.0
191 49 1.0
231 106 1.0
220 22 1.0
