*Vertices 64
1 "V0"
2 "V63"
3 "V52"
4 "V11"
5 "V15"
6 "V48"
7 "V45"
8 "V30"
9 "V29"
10 "V34"
11 "V33"
12 "V27"
13 "V9"
14 "V13"
15 "V17"
16 "V50"
17 "V28"
18 "V31"
19 "V35"
20 "V32"
21 "V46"
22 "V14"
23 "V51"
24 "V49"
25 "V16"
26 "V10"
27 "V53"
28 "V12"
29 "V47"
30 "V22"
31 "V26"
32 "V59"
33 "V37"
34 "V40"
35 "V44"
36 "V41"
37 "V55"
38 "V60"
39 "V58"
40 "V19"
41 "V25"
42 "V62"
43 "V56"
44 "V21"
45 "V23"
46 "V7"
47 "V5"
48 "V3"
49 "V1"
50 "V20"
51 "V61"
52 "V57"
53 "V24"
54 "V54"
55 "V38"
56 "V43"
57 "V42"
58 "V39"
59 "V36"
60 "V18"
61 "V6"
62 "V8"
63 "V4"
64 "V2"
*Arcs
1 21 1.0
30 9 1.0
11 57 1.0
16 35 1.0
47 62 1.0
23 39 1.0
63 39 1.0
4 13 1.0
30 13 1.0
8 37 1.0
58 56 1.0
10 52 1.0
34 48 1.0
1 45 1.0
17 29 1.0
4 20 1.0
39 26 1.0
52 21 1.0
9 28 1.0
13 1 1.0
1 12 1.0
15 19 1.0
29 30 1.0
21 2 1.0
14 23 1.0
15 33 1.0
60 48 1.0
6 18 1.0
59 63 1.0
40 30 1.0
54 26 1.0
37 55 1.0
46 1 1.0
33 55 1.0
62 5 1.0
41 22 1.0
56 55 1.0
23 30 1.0
35 26 1.0
29 13 1.0
51 44 1.0
31 16 1.0
22 62 1.0
20 47 1.0
11 50 1.0
5 61 1.0
48 60 1.0
51 13 1.0
30 40 1.0
31 32 1.0
16 15 1.0
55 9 1.0
44 63 1.0
43 57 1.0
43 14 1.0
13 49 1.0
58 49 1.0
12 22 1.0
26 13 1.0
7 15 1.0
7 47 1.0
38 23 1.0
43 31 1.0
42 25 1.0
17 3 1.0
25 15 1.0
10 28 1.0
47 52 1.0
10 12 1.0
49 30 1.0
23 63 1.0
15 5 1.0
47 29 1.0
2 42 1.0
45 33 1.0
19 12 1.0
61 15 1.0
3 22 1.0
27 63 1.0
61 37 1.0
28 4 1.0
53 20 1.0
36 14 1.0
56 54 1.0
57 33 1.0
58 13 1.0
49 61 1.0
8 21 1.0
14 20 1.0
38 55 1.0
18 15 1.0
32 20 1.0
60 51 1.0
64 45 1.0
40 63 1.0
24 4 1.0
6 56 1.0
50 55 1.0
31 21 1.0
22 63 1.0
56 29 1.0
3 21 1.0
35 31 1.0
6 50 1.0
33 30 1.0
41 49 1.0
54 27 1.0
62 59 1.0
46 12 1.0
37 1 1.0
12 55 1.0
63 53 1.0
44 40 1.0
23 40 1.0
16 37 1.0
30 28 1.0
48 28 1.0
5 21 1.0
42 37 1.0
20 31 1.0
51 21 1.0
11 37 1.0
39 6 1.0
52 14 1.0
4 62 1.0
34 61 1.0
9 3 1.0
28 1 1.0
18 35 1.0
19 21 1.0
45 25 1.0
34 53 1.0
19 26 1.0
22 37 1.0
59 1 1.0
26 28 1.0
60 61 1.0
27 13 1.0
46 14 1.0
21 63 1.0
29 28 1.0
1 55 1.0
9 61 1.0
49 38 1.0
60 28 1.0
38 29 1.0
32 52 1.0
57 36 1.0
14 63 1.0
8 53 1.0
34 58 1.0
35 5 1.0
14 31 1.0
36 18 1.0
53 25 1.0
33 35 1.0
55 5 1.0
40 55 1.0
50 12 1.0
37 14 1.0
45 63 1.0
62 55 1.0
6 46 1.0
24 29 1.0
64 33 1.0
18 12 1.0
64 18 1.0
40 26 1.0
17 52 1.0
25 61 1.0
7 56 1.0
51 2 1.0
52 15 1.0
21 57 1.0
58 5 1.0
12 9 1.0
43 52 1.0
26 1 1.0
13 46 1.0
52 64 1.0
59 61 1.0
61 64 1.0
45 41 1.0
3 19 1.0
3 15 1.0
53 21 1.0
47 55 1.0
15 20 1.0
2 22 1.0
10 33 1.0
61 19 1.0
2 21 1.0
19 31 1.0
64 38 1.0
40 14 1.0
46 63 1.0
4 31 1.0
59 13 1.0
59 12 1.0
5 25 1.0
62 29 1.0
7 62 1.0
41 37 1.0
27 21 1.0
41 61 1.0
54 21 1.0
9 41 1.0
36 62 1.0
39 51 1.0
4 29 1.0
39 17 1.0
28 26 1.0
60 19 1.0
8 47 1.0
29 59 1.0
1 37 1.0
49 15 1.0
29 15 1.0
16 28 1.0
23 14 1.0
63 12 1.0
44 21 1.0
11 12 1.0
17 1 1.0
34 10 1.0
58 28 1.0
20 27 1.0
26 15 1.0
52 40 1.0
30 1 1.0
35 6 1.0
24 12 1.0
27 11 1.0
56 13 1.0
31 34 1.0
22 31 1.0
51 55 1.0
42 41 1.0
20 55 1.0
5 15 1.0
48 55 1.0
3 20 1.0
27 3 1.0
61 1 1.0
45 56 1.0
19 47 1.0
33 41 1.0
57 10 1.0
36 48 1.0
36 52 1.0
28 37 1.0
32 55 1.0
53 62 1.0
21 19 1.0
39 7 1.0
42 46 1.0
7 31 1.0
17 30 1.0
25 28 1.0
46 29 1.0
2 9 1.0
48 25 1.0
10 55 1.0
15 26 1.0
47 28 1.0
50 15 1.0
13 62 1.0
50 49 1.0
55 61 1.0
33 15 1.0
53 56 1.0
43 47 1.0
13 28 1.0
54 53 1.0
12 50 1.0
37 10 1.0
31 44 1.0
18 30 1.0
57 24 1.0
38 27 1.0
14 28 1.0
32 63 1.0
22 7 1.0
50 28 1.0
18 6 1.0
24 40 1.0
64 28 1.0
6 28 1.0
48 44 1.0
39 62 1.0
2 53 1.0
4 15 1.0
52 55 1.0
9 48 1.0
17 21 1.0
26 45 1.0
30 2 1.0
34 13 1.0
9 49 1.0
11 40 1.0
58 9 1.0
44 15 1.0
11 64 1.0
23 24 1.0
63 28 1.0
16 31 1.0
63 37 1.0
20 14 1.0
5 47 1.0
35 56 1.0
5 20 1.0
42 1 1.0
51 18 1.0
56 30 1.0
56 63 1.0
16 14 1.0
22 15 1.0
38 1 1.0
31 3 1.0
54 31 1.0
54 56 1.0
41 55 1.0
62 1 1.0
21 45 1.0
33 31 1.0
25 57 1.0
28 34 1.0
59 46 1.0
40 50 1.0
46 40 1.0
6 15 1.0
49 37 1.0
1 49 1.0
29 8 1.0
8 56 1.0
60 37 1.0
35 37 1.0
7 8 1.0
25 21 1.0
32 49 1.0
42 21 1.0
37 47 1.0
12 31 1.0
43 1 1.0
12 62 1.0
26 29 1.0
37 12 1.0
55 15 1.0
41 60 1.0
44 47 1.0
55 40 1.0
44 48 1.0
13 31 1.0
24 37 1.0
64 29 1.0
24 1 1.0
48 62 1.0
20 21 1.0
50 25 1.0
38 28 1.0
49 6 1.0
14 59 1.0
32 50 1.0
18 31 1.0
8 64 1.0
28 59 1.0
53 49 1.0
57 32 1.0
55 24 1.0
36 33 1.0
57 59 1.0
45 61 1.0
19 14 1.0
27 29 1.0
47 48 1.0
3 10 1.0
61 23 1.0
10 25 1.0
15 47 1.0
21 40 1.0
62 21 1.0
25 62 1.0
63 40 1.0
2 40 1.0
