*Vertices 256
1 "V0"
2 "V174"
3 "V233"
4 "V89"
5 "V85"
6 "V119"
7 "V178"
8 "V30"
9 "V34"
10 "V64"
11 "V208"
12 "V123"
13 "V212"
14 "V9"
15 "V68"
16 "V153"
17 "V13"
18 "V17"
19 "V157"
20 "V246"
21 "V161"
22 "V102"
23 "V250"
24 "V106"
25 "V191"
26 "V51"
27 "V47"
28 "V195"
29 "V136"
30 "V225"
31 "V229"
32 "V140"
33 "V81"
34 "V22"
35 "V26"
36 "V255"
37 "V170"
38 "V111"
39 "V200"
40 "V115"
41 "V60"
42 "V56"
43 "V204"
44 "V145"
45 "V234"
46 "V5"
47 "V238"
48 "V1"
49 "V149"
50 "V90"
51 "V183"
52 "V242"
53 "V98"
54 "V94"
55 "V128"
56 "V187"
57 "V43"
58 "V39"
59 "V73"
60 "V217"
61 "V132"
62 "V221"
63 "V18"
64 "V77"
65 "V162"
66 "V166"
67 "V196"
68 "V137"
69 "V52"
70 "V48"
71 "V251"
72 "V192"
73 "V107"
74 "V103"
75 "V27"
76 "V86"
77 "V171"
78 "V175"
79 "V82"
80 "V141"
81 "V226"
82 "V230"
83 "V120"
84 "V209"
85 "V124"
86 "V31"
87 "V35"
88 "V179"
89 "V243"
90 "V14"
91 "V247"
92 "V10"
93 "V158"
94 "V99"
95 "V65"
96 "V213"
97 "V69"
98 "V154"
99 "V133"
100 "V218"
101 "V40"
102 "V44"
103 "V129"
104 "V188"
105 "V252"
106 "V19"
107 "V167"
108 "V23"
109 "V108"
110 "V74"
111 "V222"
112 "V78"
113 "V163"
114 "V205"
115 "V146"
116 "V61"
117 "V57"
118 "V201"
119 "V116"
120 "V112"
121 "V36"
122 "V95"
123 "V180"
124 "V184"
125 "V91"
126 "V150"
127 "V235"
128 "V6"
129 "V239"
130 "V2"
131 "V159"
132 "V100"
133 "V11"
134 "V248"
135 "V244"
136 "V15"
137 "V104"
138 "V45"
139 "V193"
140 "V189"
141 "V210"
142 "V121"
143 "V125"
144 "V155"
145 "V214"
146 "V66"
147 "V70"
148 "V87"
149 "V172"
150 "V231"
151 "V28"
152 "V32"
153 "V117"
154 "V176"
155 "V49"
156 "V53"
157 "V197"
158 "V138"
159 "V227"
160 "V142"
161 "V83"
162 "V96"
163 "V181"
164 "V240"
165 "V37"
166 "V41"
167 "V126"
168 "V185"
169 "V58"
170 "V62"
171 "V206"
172 "V147"
173 "V7"
174 "V3"
175 "V236"
176 "V151"
177 "V92"
178 "V168"
179 "V109"
180 "V20"
181 "V253"
182 "V24"
183 "V113"
184 "V54"
185 "V202"
186 "V198"
187 "V219"
188 "V130"
189 "V134"
190 "V164"
191 "V223"
192 "V75"
193 "V79"
194 "V63"
195 "V122"
196 "V211"
197 "V207"
198 "V118"
199 "V177"
200 "V29"
201 "V33"
202 "V173"
203 "V232"
204 "V84"
205 "V88"
206 "V228"
207 "V143"
208 "V139"
209 "V50"
210 "V135"
211 "V194"
212 "V190"
213 "V105"
214 "V46"
215 "V249"
216 "V16"
217 "V12"
218 "V245"
219 "V160"
220 "V101"
221 "V71"
222 "V67"
223 "V215"
224 "V156"
225 "V144"
226 "V59"
227 "V203"
228 "V199"
229 "V114"
230 "V55"
231 "V25"
232 "V21"
233 "V254"
234 "V169"
235 "V110"
236 "V76"
237 "V80"
238 "V224"
239 "V165"
240 "V72"
241 "V131"
242 "V220"
243 "V216"
244 "V127"
245 "V186"
246 "V38"
247 "V42"
248 "V182"
249 "V241"
250 "V93"
251 "V97"
252 "V237"
253 "V152"
254 "V8"
255 "V148"
256 "V4"
*Arcs
1 56 1.0
147 248 1.0
72 98 1.0
3 49 1.0
153 15 1.0
129 223 1.0
247 216 1.0
190 246 1.0
4 225 1.0
205 52 1.0
141 77 1.0
210 217 1.0
17 102 1.0
163 217 1.0
226 42 1.0
7 234 1.0
206 25 1.0
24 86 1.0
86 120 1.0
16 130 1.0
9 253 1.0
228 174 1.0
64 18 1.0
130 125 1.0
70 177 1.0
20 99 1.0
85 192 1.0
122 191 1.0
37 182 1.0
12 188 1.0
160 67 1.0
60 126 1.0
180 216 1.0
104 117 1.0
13 111 1.0
146 216 1.0
127 80 1.0
165 11 1.0
183 217 1.0
204 106 1.0
131 200 1.0
15 38 1.0
241 128 1.0
171 150 1.0
14 114 1.0
199 183 1.0
181 104 1.0
230 63 1.0
255 123 1.0
35 129 1.0
17 163 1.0
19 177 1.0
22 170 1.0
238 101 1.0
52 209 1.0
66 20 1.0
102 159 1.0
28 18 1.0
59 123 1.0
83 64 1.0
20 195 1.0
136 183 1.0
68 41 1.0
22 114 1.0
96 107 1.0
125 57 1.0
179 37 1.0
150 169 1.0
201 196 1.0
170 227 1.0
124 25 1.0
25 242 1.0
167 32 1.0
185 177 1.0
256 87 1.0
237 194 1.0
144 8 1.0
27 201 1.0
242 214 1.0
34 170 1.0
53 254 1.0
202 71 1.0
29 82 1.0
134 35 1.0
26 114 1.0
40 233 1.0
30 119 1.0
25 92 1.0
97 10 1.0
225 82 1.0
84 42 1.0
33 41 1.0
148 92 1.0
65 57 1.0
252 5 1.0
101 216 1.0
81 7 1.0
137 104 1.0
200 112 1.0
176 167 1.0
35 46 1.0
236 106 1.0
99 138 1.0
133 230 1.0
36 82 1.0
123 34 1.0
169 166 1.0
37 6 1.0
250 41 1.0
223 10 1.0
63 165 1.0
32 137 1.0
95 19 1.0
186 8 1.0
1 151 1.0
195 254 1.0
135 64 1.0
27 56 1.0
234 131 1.0
40 68 1.0
43 103 1.0
173 67 1.0
41 13 1.0
79 170 1.0
71 89 1.0
184 133 1.0
103 58 1.0
38 196 1.0
56 42 1.0
43 115 1.0
93 217 1.0
3 5 1.0
121 168 1.0
139 75 1.0
221 156 1.0
46 47 1.0
164 147 1.0
198 182 1.0
47 254 1.0
49 155 1.0
132 114 1.0
154 201 1.0
172 111 1.0
231 16 1.0
111 172 1.0
248 41 1.0
51 35 1.0
73 103 1.0
29 184 1.0
41 198 1.0
196 87 1.0
4 72 1.0
90 143 1.0
57 1 1.0
239 24 1.0
54 171 1.0
77 147 1.0
55 21 1.0
162 180 1.0
143 52 1.0
91 217 1.0
155 2 1.0
112 24 1.0
39 161 1.0
174 184 1.0
31 225 1.0
152 34 1.0
98 238 1.0
58 127 1.0
59 185 1.0
219 103 1.0
246 114 1.0
175 169 1.0
229 71 1.0
60 111 1.0
140 195 1.0
222 87 1.0
207 57 1.0
100 195 1.0
232 254 1.0
49 217 1.0
63 67 1.0
75 201 1.0
30 143 1.0
74 180 1.0
65 168 1.0
7 25 1.0
42 49 1.0
233 29 1.0
61 75 1.0
92 233 1.0
197 173 1.0
5 145 1.0
168 147 1.0
67 53 1.0
194 242 1.0
203 210 1.0
9 241 1.0
235 123 1.0
69 149 1.0
33 239 1.0
224 32 1.0
244 143 1.0
46 181 1.0
227 54 1.0
67 251 1.0
71 81 1.0
110 112 1.0
89 210 1.0
138 42 1.0
142 74 1.0
177 25 1.0
107 210 1.0
73 239 1.0
158 229 1.0
145 112 1.0
216 51 1.0
47 137 1.0
119 161 1.0
166 1 1.0
113 216 1.0
76 16 1.0
205 111 1.0
141 195 1.0
217 233 1.0
189 137 1.0
226 133 1.0
163 14 1.0
78 90 1.0
215 3 1.0
2 126 1.0
69 39 1.0
80 241 1.0
94 220 1.0
62 116 1.0
44 182 1.0
108 65 1.0
72 222 1.0
147 213 1.0
82 125 1.0
146 173 1.0
80 108 1.0
243 254 1.0
106 210 1.0
83 125 1.0
54 35 1.0
131 236 1.0
165 208 1.0
45 177 1.0
120 201 1.0
84 19 1.0
104 159 1.0
64 209 1.0
253 75 1.0
86 65 1.0
159 109 1.0
8 220 1.0
213 1 1.0
37 137 1.0
218 128 1.0
70 166 1.0
12 122 1.0
228 50 1.0
48 181 1.0
211 216 1.0
89 96 1.0
6 9 1.0
255 128 1.0
92 47 1.0
240 166 1.0
50 41 1.0
13 184 1.0
136 90 1.0
249 129 1.0
102 256 1.0
66 173 1.0
94 38 1.0
254 191 1.0
105 158 1.0
188 196 1.0
95 239 1.0
114 166 1.0
161 174 1.0
191 198 1.0
220 46 1.0
35 90 1.0
230 9 1.0
199 174 1.0
98 252 1.0
34 189 1.0
187 201 1.0
251 72 1.0
212 43 1.0
15 34 1.0
225 54 1.0
134 133 1.0
167 233 1.0
256 251 1.0
99 131 1.0
149 26 1.0
209 55 1.0
144 156 1.0
82 219 1.0
201 169 1.0
118 66 1.0
102 182 1.0
193 1 1.0
116 82 1.0
68 122 1.0
109 232 1.0
51 18 1.0
104 112 1.0
192 131 1.0
157 101 1.0
1 161 1.0
195 45 1.0
135 171 1.0
214 35 1.0
88 81 1.0
107 17 1.0
137 222 1.0
81 145 1.0
151 250 1.0
126 240 1.0
108 133 1.0
76 81 1.0
11 44 1.0
133 159 1.0
99 118 1.0
36 179 1.0
117 34 1.0
111 250 1.0
252 90 1.0
40 50 1.0
58 154 1.0
21 192 1.0
112 42 1.0
132 174 1.0
78 184 1.0
115 214 1.0
156 179 1.0
23 193 1.0
55 152 1.0
128 151 1.0
43 35 1.0
79 46 1.0
117 45 1.0
19 114 1.0
87 152 1.0
3 8 1.0
38 114 1.0
118 147 1.0
245 115 1.0
10 145 1.0
208 51 1.0
18 42 1.0
223 46 1.0
120 256 1.0
250 123 1.0
178 113 1.0
16 132 1.0
121 165 1.0
112 116 1.0
24 116 1.0
123 196 1.0
206 210 1.0
86 17 1.0
41 104 1.0
248 242 1.0
196 12 1.0
17 125 1.0
210 83 1.0
190 156 1.0
125 91 1.0
4 256 1.0
153 103 1.0
129 162 1.0
247 152 1.0
221 117 1.0
139 37 1.0
127 201 1.0
111 131 1.0
182 171 1.0
115 155 1.0
130 250 1.0
238 81 1.0
75 174 1.0
22 34 1.0
7 128 1.0
131 169 1.0
181 191 1.0
42 57 1.0
83 38 1.0
28 39 1.0
134 253 1.0
136 231 1.0
59 93 1.0
49 58 1.0
96 174 1.0
137 194 1.0
125 191 1.0
107 228 1.0
52 103 1.0
138 191 1.0
139 164 1.0
124 184 1.0
170 84 1.0
158 111 1.0
216 99 1.0
20 242 1.0
77 200 1.0
155 198 1.0
39 216 1.0
85 110 1.0
130 12 1.0
180 114 1.0
160 221 1.0
143 198 1.0
60 1 1.0
122 116 1.0
127 195 1.0
183 159 1.0
246 25 1.0
222 16 1.0
140 50 1.0
145 125 1.0
171 10 1.0
14 156 1.0
241 156 1.0
219 214 1.0
147 32 1.0
204 123 1.0
84 248 1.0
217 64 1.0
148 180 1.0
169 84 1.0
189 67 1.0
213 131 1.0
149 94 1.0
123 82 1.0
176 154 1.0
200 90 1.0
159 5 1.0
186 147 1.0
236 57 1.0
151 146 1.0
218 179 1.0
12 83 1.0
48 79 1.0
153 204 1.0
234 113 1.0
27 151 1.0
63 254 1.0
243 146 1.0
54 202 1.0
150 99 1.0
179 19 1.0
9 113 1.0
224 73 1.0
155 221 1.0
185 69 1.0
237 70 1.0
46 71 1.0
215 162 1.0
244 173 1.0
26 50 1.0
202 197 1.0
158 254 1.0
53 239 1.0
242 168 1.0
108 190 1.0
44 162 1.0
97 149 1.0
25 161 1.0
159 151 1.0
119 42 1.0
47 148 1.0
101 56 1.0
65 128 1.0
161 120 1.0
51 172 1.0
116 187 1.0
29 216 1.0
90 241 1.0
13 192 1.0
162 40 1.0
50 44 1.0
239 19 1.0
164 45 1.0
57 101 1.0
198 170 1.0
164 50 1.0
91 183 1.0
209 222 1.0
143 230 1.0
118 20 1.0
174 2 1.0
193 32 1.0
98 37 1.0
166 196 1.0
152 225 1.0
31 51 1.0
73 174 1.0
168 120 1.0
161 165 1.0
114 64 1.0
173 170 1.0
45 196 1.0
121 242 1.0
93 111 1.0
170 41 1.0
56 195 1.0
171 216 1.0
120 104 1.0
32 189 1.0
95 173 1.0
173 195 1.0
240 146 1.0
211 133 1.0
191 189 1.0
231 221 1.0
172 155 1.0
154 151 1.0
176 123 1.0
220 57 1.0
103 138 1.0
71 202 1.0
184 113 1.0
214 97 1.0
89 187 1.0
142 184 1.0
145 52 1.0
177 42 1.0
178 173 1.0
179 174 1.0
180 170 1.0
126 192 1.0
151 168 1.0
181 123 1.0
67 182 1.0
110 1 1.0
203 53 1.0
87 18 1.0
235 70 1.0
33 45 1.0
19 40 1.0
184 27 1.0
208 74 1.0
18 196 1.0
168 229 1.0
186 241 1.0
194 88 1.0
15 155 1.0
212 201 1.0
187 178 1.0
229 41 1.0
175 13 1.0
58 165 1.0
149 72 1.0
188 80 1.0
162 48 1.0
100 93 1.0
232 12 1.0
207 183 1.0
233 253 1.0
117 128 1.0
88 172 1.0
74 170 1.0
190 155 1.0
30 62 1.0
21 213 1.0
192 60 1.0
5 114 1.0
197 225 1.0
92 99 1.0
61 111 1.0
122 18 1.0
60 121 1.0
106 114 1.0
20 240 1.0
70 34 1.0
37 103 1.0
195 17 1.0
104 51 1.0
196 6 1.0
183 20 1.0
80 214 1.0
146 90 1.0
206 19 1.0
24 182 1.0
8 108 1.0
163 128 1.0
226 212 1.0
199 113 1.0
228 21 1.0
130 242 1.0
85 224 1.0
253 222 1.0
201 52 1.0
64 169 1.0
113 26 1.0
166 165 1.0
129 240 1.0
153 76 1.0
203 228 1.0
72 256 1.0
210 104 1.0
17 133 1.0
141 165 1.0
205 158 1.0
205 130 1.0
2 59 1.0
207 216 1.0
23 203 1.0
69 214 1.0
55 193 1.0
227 147 1.0
128 114 1.0
147 57 1.0
115 130 1.0
62 242 1.0
182 64 1.0
94 236 1.0
237 166 1.0
185 87 1.0
256 152 1.0
167 162 1.0
134 136 1.0
26 165 1.0
202 84 1.0
210 51 1.0
251 117 1.0
187 219 1.0
34 168 1.0
225 103 1.0
125 114 1.0
96 182 1.0
136 25 1.0
68 79 1.0
170 34 1.0
124 38 1.0
212 225 1.0
109 182 1.0
82 84 1.0
201 8 1.0
144 188 1.0
214 43 1.0
255 99 1.0
35 55 1.0
238 80 1.0
28 155 1.0
59 63 1.0
217 189 1.0
249 106 1.0
6 192 1.0
218 44 1.0
66 151 1.0
220 66 1.0
102 57 1.0
131 173 1.0
127 114 1.0
165 137 1.0
171 189 1.0
222 3 1.0
204 35 1.0
105 236 1.0
188 145 1.0
254 1 1.0
224 109 1.0
22 209 1.0
199 87 1.0
230 57 1.0
71 61 1.0
78 82 1.0
156 45 1.0
43 189 1.0
103 1 1.0
173 203 1.0
93 56 1.0
226 113 1.0
79 78 1.0
38 173 1.0
3 223 1.0
121 45 1.0
10 214 1.0
245 169 1.0
227 166 1.0
223 64 1.0
63 82 1.0
32 50 1.0
234 232 1.0
229 226 1.0
250 240 1.0
195 9 1.0
135 102 1.0
27 244 1.0
157 8 1.0
1 67 1.0
192 35 1.0
176 182 1.0
231 103 1.0
200 154 1.0
81 32 1.0
137 48 1.0
123 142 1.0
234 225 1.0
169 225 1.0
36 170 1.0
99 96 1.0
133 82 1.0
11 169 1.0
76 161 1.0
237 19 1.0
65 170 1.0
101 39 1.0
252 8 1.0
40 204 1.0
238 181 1.0
25 49 1.0
97 34 1.0
175 180 1.0
219 117 1.0
246 174 1.0
240 90 1.0
197 61 1.0
5 10 1.0
160 34 1.0
180 184 1.0
140 196 1.0
222 121 1.0
229 230 1.0
243 2 1.0
91 201 1.0
155 217 1.0
77 224 1.0
244 91 1.0
162 174 1.0
100 229 1.0
16 68 1.0
246 168 1.0
112 56 1.0
39 256 1.0
174 6 1.0
143 8 1.0
248 87 1.0
248 240 1.0
41 2 1.0
31 172 1.0
86 195 1.0
73 14 1.0
4 87 1.0
190 132 1.0
250 256 1.0
29 222 1.0
196 159 1.0
90 46 1.0
252 148 1.0
139 198 1.0
221 151 1.0
247 131 1.0
164 256 1.0
198 176 1.0
111 190 1.0
132 155 1.0
255 50 1.0
172 251 1.0
256 189 1.0
231 228 1.0
163 149 1.0
2 179 1.0
213 23 1.0
189 72 1.0
226 232 1.0
148 29 1.0
84 66 1.0
217 44 1.0
166 106 1.0
113 61 1.0
5 232 1.0
37 16 1.0
6 96 1.0
54 222 1.0
12 254 1.0
218 212 1.0
70 8 1.0
8 81 1.0
236 83 1.0
186 1 1.0
48 242 1.0
159 230 1.0
8 25 1.0
253 57 1.0
131 160 1.0
10 233 1.0
165 164 1.0
45 46 1.0
120 18 1.0
11 117 1.0
56 221 1.0
95 129 1.0
80 155 1.0
106 19 1.0
243 38 1.0
255 17 1.0
14 105 1.0
191 248 1.0
35 254 1.0
220 184 1.0
154 144 1.0
16 177 1.0
184 214 1.0
105 251 1.0
188 72 1.0
254 195 1.0
114 195 1.0
161 132 1.0
74 240 1.0
30 192 1.0
75 14 1.0
49 120 1.0
18 228 1.0
110 181 1.0
14 196 1.0
181 31 1.0
241 70 1.0
42 190 1.0
7 196 1.0
21 54 1.0
177 56 1.0
145 256 1.0
216 213 1.0
158 252 1.0
194 61 1.0
67 162 1.0
23 81 1.0
83 63 1.0
52 166 1.0
138 114 1.0
107 98 1.0
24 56 1.0
227 2 1.0
26 236 1.0
33 231 1.0
215 128 1.0
244 73 1.0
46 38 1.0
179 67 1.0
28 229 1.0
168 18 1.0
224 158 1.0
150 38 1.0
9 168 1.0
147 119 1.0
44 73 1.0
47 91 1.0
119 205 1.0
72 149 1.0
31 173 1.0
32 256 1.0
2 146 1.0
69 128 1.0
108 254 1.0
242 112 1.0
53 35 1.0
126 160 1.0
34 82 1.0
192 70 1.0
137 46 1.0
81 47 1.0
151 131 1.0
89 195 1.0
178 210 1.0
214 169 1.0
157 107 1.0
142 155 1.0
36 26 1.0
208 66 1.0
18 176 1.0
38 128 1.0
250 92 1.0
223 117 1.0
203 63 1.0
235 24 1.0
87 213 1.0
245 6 1.0
10 185 1.0
39 208 1.0
55 6 1.0
43 180 1.0
128 63 1.0
79 109 1.0
19 251 1.0
42 244 1.0
62 198 1.0
182 174 1.0
94 166 1.0
78 253 1.0
44 78 1.0
23 82 1.0
156 220 1.0
153 251 1.0
139 247 1.0
45 29 1.0
221 112 1.0
115 46 1.0
48 162 1.0
141 1 1.0
17 123 1.0
50 20 1.0
205 177 1.0
190 45 1.0
129 192 1.0
247 256 1.0
240 203 1.0
211 155 1.0
52 63 1.0
6 51 1.0
249 128 1.0
57 84 1.0
239 203 1.0
53 147 1.0
50 155 1.0
13 214 1.0
136 173 1.0
68 124 1.0
116 15 1.0
51 207 1.0
109 159 1.0
56 72 1.0
82 184 1.0
98 222 1.0
152 129 1.0
57 168 1.0
118 228 1.0
193 57 1.0
167 12 1.0
256 112 1.0
149 83 1.0
209 70 1.0
134 16 1.0
187 173 1.0
251 46 1.0
61 205 1.0
207 109 1.0
232 1 1.0
212 35 1.0
62 195 1.0
15 32 1.0
252 114 1.0
58 180 1.0
40 193 1.0
76 193 1.0
21 159 1.0
64 130 1.0
61 182 1.0
11 114 1.0
92 57 1.0
88 148 1.0
66 124 1.0
233 180 1.0
117 148 1.0
53 155 1.0
202 242 1.0
68 5 1.0
215 68 1.0
26 39 1.0
244 151 1.0
185 244 1.0
46 188 1.0
237 187 1.0
144 243 1.0
70 179 1.0
201 217 1.0
150 90 1.0
179 65 1.0
72 147 1.0
124 182 1.0
170 82 1.0
158 181 1.0
216 89 1.0
96 16 1.0
125 87 1.0
74 189 1.0
66 145 1.0
102 65 1.0
176 31 1.0
200 216 1.0
75 114 1.0
213 117 1.0
77 82 1.0
159 41 1.0
36 222 1.0
123 177 1.0
169 239 1.0
84 102 1.0
99 38 1.0
133 113 1.0
65 121 1.0
79 76 1.0
148 168 1.0
119 10 1.0
47 130 1.0
101 212 1.0
97 55 1.0
25 193 1.0
81 219 1.0
242 190 1.0
34 177 1.0
225 141 1.0
180 123 1.0
60 195 1.0
122 184 1.0
146 221 1.0
160 226 1.0
20 201 1.0
85 229 1.0
130 11 1.0
77 15 1.0
85 159 1.0
155 90 1.0
16 9 1.0
86 97 1.0
206 42 1.0
228 212 1.0
64 1 1.0
87 151 1.0
41 133 1.0
210 226 1.0
24 231 1.0
88 216 1.0
248 57 1.0
90 59 1.0
59 165 1.0
28 147 1.0
83 88 1.0
91 177 1.0
52 118 1.0
199 101 1.0
93 51 1.0
22 147 1.0
238 192 1.0
75 55 1.0
49 53 1.0
204 198 1.0
171 221 1.0
14 56 1.0
241 97 1.0
181 26 1.0
230 18 1.0
104 49 1.0
96 248 1.0
183 87 1.0
127 190 1.0
246 201 1.0
219 143 1.0
97 89 1.0
222 209 1.0
207 14 1.0
100 37 1.0
232 196 1.0
162 20 1.0
21 222 1.0
175 9 1.0
58 108 1.0
229 90 1.0
140 113 1.0
100 102 1.0
112 55 1.0
98 1 1.0
101 203 1.0
152 1 1.0
31 128 1.0
73 179 1.0
149 9 1.0
103 32 1.0
91 120 1.0
209 214 1.0
143 195 1.0
39 165 1.0
174 256 1.0
105 34 1.0
89 173 1.0
142 89 1.0
126 165 1.0
106 228 1.0
67 39 1.0
110 105 1.0
177 223 1.0
145 174 1.0
18 173 1.0
138 82 1.0
107 182 1.0
109 65 1.0
61 108 1.0
92 82 1.0
233 229 1.0
110 204 1.0
5 248 1.0
197 256 1.0
30 68 1.0
74 198 1.0
151 195 1.0
7 136 1.0
42 101 1.0
113 131 1.0
56 180 1.0
114 32 1.0
95 67 1.0
3 31 1.0
121 43 1.0
38 27 1.0
161 173 1.0
93 128 1.0
116 64 1.0
103 65 1.0
114 88 1.0
173 174 1.0
1 124 1.0
186 51 1.0
236 159 1.0
27 18 1.0
135 45 1.0
195 182 1.0
54 44 1.0
234 148 1.0
119 178 1.0
32 182 1.0
243 55 1.0
63 217 1.0
164 111 1.0
239 88 1.0
57 20 1.0
122 212 1.0
196 11 1.0
4 169 1.0
90 168 1.0
29 147 1.0
116 155 1.0
51 231 1.0
124 128 1.0
71 190 1.0
184 57 1.0
154 117 1.0
126 137 1.0
132 67 1.0
111 57 1.0
231 143 1.0
172 14 1.0
128 46 1.0
240 250 1.0
211 57 1.0
198 19 1.0
129 12 1.0
249 156 1.0
102 192 1.0
6 8 1.0
50 182 1.0
66 133 1.0
132 45 1.0
255 244 1.0
133 168 1.0
35 92 1.0
28 226 1.0
135 137 1.0
59 35 1.0
82 166 1.0
201 216 1.0
109 170 1.0
138 217 1.0
193 230 1.0
144 18 1.0
68 222 1.0
13 39 1.0
136 206 1.0
124 82 1.0
140 67 1.0
170 67 1.0
146 231 1.0
104 161 1.0
120 193 1.0
141 223 1.0
45 14 1.0
165 154 1.0
37 57 1.0
142 206 1.0
122 92 1.0
60 189 1.0
106 242 1.0
80 109 1.0
105 128 1.0
199 59 1.0
230 112 1.0
144 99 1.0
191 147 1.0
220 166 1.0
131 61 1.0
146 209 1.0
204 17 1.0
171 64 1.0
188 214 1.0
254 115 1.0
226 1 1.0
189 114 1.0
217 232 1.0
141 22 1.0
205 132 1.0
148 27 1.0
113 121 1.0
166 19 1.0
129 128 1.0
153 120 1.0
150 190 1.0
218 1 1.0
70 86 1.0
12 75 1.0
228 244 1.0
48 201 1.0
64 138 1.0
253 69 1.0
152 198 1.0
206 65 1.0
8 114 1.0
24 217 1.0
163 158 1.0
154 25 1.0
33 72 1.0
227 189 1.0
128 223 1.0
203 55 1.0
9 111 1.0
224 76 1.0
156 192 1.0
168 170 1.0
157 43 1.0
235 228 1.0
208 79 1.0
194 53 1.0
72 52 1.0
147 152 1.0
62 79 1.0
44 87 1.0
108 51 1.0
2 112 1.0
160 62 1.0
94 43 1.0
55 90 1.0
23 197 1.0
69 82 1.0
196 70 1.0
17 19 1.0
4 232 1.0
41 177 1.0
210 183 1.0
73 32 1.0
248 86 1.0
163 111 1.0
16 136 1.0
31 214 1.0
86 52 1.0
39 154 1.0
165 12 1.0
112 147 1.0
20 172 1.0
85 18 1.0
130 19 1.0
167 55 1.0
162 193 1.0
77 168 1.0
155 174 1.0
160 254 1.0
180 5 1.0
100 49 1.0
3 1 1.0
19 68 1.0
87 159 1.0
169 174 1.0
43 51 1.0
79 116 1.0
103 254 1.0
173 51 1.0
71 225 1.0
78 236 1.0
156 90 1.0
172 109 1.0
111 96 1.0
132 236 1.0
182 123 1.0
115 180 1.0
174 52 1.0
221 165 1.0
139 225 1.0
175 84 1.0
198 17 1.0
164 217 1.0
247 196 1.0
190 130 1.0
177 123 1.0
81 189 1.0
200 189 1.0
137 232 1.0
88 230 1.0
178 225 1.0
117 32 1.0
195 226 1.0
157 149 1.0
1 182 1.0
192 102 1.0
176 119 1.0
182 131 1.0
223 225 1.0
63 42 1.0
250 192 1.0
178 20 1.0
183 109 1.0
135 67 1.0
214 216 1.0
38 197 1.0
185 88 1.0
245 202 1.0
10 57 1.0
32 142 1.0
134 156 1.0
26 70 1.0
202 133 1.0
118 145 1.0
256 1 1.0
167 256 1.0
225 209 1.0
34 194 1.0
189 19 1.0
251 151 1.0
187 210 1.0
252 161 1.0
40 25 1.0
101 254 1.0
212 216 1.0
15 91 1.0
191 82 1.0
133 6 1.0
36 104 1.0
99 1 1.0
65 46 1.0
193 17 1.0
11 119 1.0
76 170 1.0
45 28 1.0
120 162 1.0
121 128 1.0
93 143 1.0
194 216 1.0
161 239 1.0
80 146 1.0
106 60 1.0
56 86 1.0
95 41 1.0
197 233 1.0
218 195 1.0
234 218 1.0
27 220 1.0
198 184 1.0
243 251 1.0
54 57 1.0
253 254 1.0
200 212 1.0
236 242 1.0
186 230 1.0
12 53 1.0
48 8 1.0
123 217 1.0
202 80 1.0
169 46 1.0
159 47 1.0
8 109 1.0
213 34 1.0
148 178 1.0
113 247 1.0
204 6 1.0
189 50 1.0
84 204 1.0
217 14 1.0
25 214 1.0
206 41 1.0
97 217 1.0
47 97 1.0
166 9 1.0
119 1 1.0
242 73 1.0
53 106 1.0
2 1 1.0
208 154 1.0
44 242 1.0
108 48 1.0
215 52 1.0
244 232 1.0
69 115 1.0
185 242 1.0
237 128 1.0
46 20 1.0
224 242 1.0
9 84 1.0
209 213 1.0
179 233 1.0
211 152 1.0
150 230 1.0
194 19 1.0
168 35 1.0
96 239 1.0
216 242 1.0
158 201 1.0
107 136 1.0
213 196 1.0
125 86 1.0
83 39 1.0
52 230 1.0
138 108 1.0
67 128 1.0
215 26 1.0
110 25 1.0
49 147 1.0
216 233 1.0
238 105 1.0
75 195 1.0
22 57 1.0
7 44 1.0
219 32 1.0
181 190 1.0
42 182 1.0
241 181 1.0
197 250 1.0
14 94 1.0
5 192 1.0
219 86 1.0
221 237 1.0
246 181 1.0
127 41 1.0
183 118 1.0
223 123 1.0
140 22 1.0
222 52 1.0
33 42 1.0
227 208 1.0
128 196 1.0
55 153 1.0
23 123 1.0
156 104 1.0
78 61 1.0
225 246 1.0
94 111 1.0
62 57 1.0
182 173 1.0
115 177 1.0
145 73 1.0
177 92 1.0
18 195 1.0
208 70 1.0
10 45 1.0
245 254 1.0
228 131 1.0
203 169 1.0
235 18 1.0
87 180 1.0
19 6 1.0
230 95 1.0
126 110 1.0
30 190 1.0
151 205 1.0
157 166 1.0
232 181 1.0
192 46 1.0
89 123 1.0
142 94 1.0
233 94 1.0
235 114 1.0
178 180 1.0
214 67 1.0
21 55 1.0
236 173 1.0
175 50 1.0
58 198 1.0
11 4 1.0
92 14 1.0
76 96 1.0
233 74 1.0
117 216 1.0
61 242 1.0
74 223 1.0
239 242 1.0
88 82 1.0
251 107 1.0
187 54 1.0
232 217 1.0
209 137 1.0
149 107 1.0
241 30 1.0
212 165 1.0
242 66 1.0
229 43 1.0
207 2 1.0
15 206 1.0
82 173 1.0
98 70 1.0
152 147 1.0
51 32 1.0
116 20 1.0
109 221 1.0
245 210 1.0
174 20 1.0
91 174 1.0
143 116 1.0
247 207 1.0
118 189 1.0
193 217 1.0
239 169 1.0
249 7 1.0
57 36 1.0
6 223 1.0
211 39 1.0
249 191 1.0
29 162 1.0
90 162 1.0
13 178 1.0
251 119 1.0
50 136 1.0
154 34 1.0
253 97 1.0
105 177 1.0
184 51 1.0
188 161 1.0
114 51 1.0
254 130 1.0
240 136 1.0
172 174 1.0
254 201 1.0
191 58 1.0
231 20 1.0
220 32 1.0
