*Vertices 128
1 "V0"
2 "V100"
3 "V11"
4 "V89"
5 "V15"
6 "V85"
7 "V119"
8 "V104"
9 "V45"
10 "V30"
11 "V34"
12 "V64"
13 "V123"
14 "V121"
15 "V125"
16 "V9"
17 "V68"
18 "V66"
19 "V70"
20 "V13"
21 "V17"
22 "V87"
23 "V28"
24 "V102"
25 "V117"
26 "V32"
27 "V106"
28 "V51"
29 "V49"
30 "V47"
31 "V53"
32 "V81"
33 "V83"
34 "V22"
35 "V26"
36 "V96"
37 "V37"
38 "V111"
39 "V126"
40 "V41"
41 "V115"
42 "V60"
43 "V58"
44 "V56"
45 "V62"
46 "V7"
47 "V5"
48 "V3"
49 "V1"
50 "V90"
51 "V92"
52 "V109"
53 "V98"
54 "V20"
55 "V24"
56 "V94"
57 "V113"
58 "V54"
59 "V43"
60 "V39"
61 "V73"
62 "V18"
63 "V77"
64 "V75"
65 "V79"
66 "V63"
67 "V122"
68 "V52"
69 "V48"
70 "V118"
71 "V107"
72 "V29"
73 "V103"
74 "V33"
75 "V27"
76 "V86"
77 "V84"
78 "V88"
79 "V82"
80 "V120"
81 "V50"
82 "V124"
83 "V31"
84 "V35"
85 "V105"
86 "V46"
87 "V14"
88 "V10"
89 "V16"
90 "V12"
91 "V101"
92 "V99"
93 "V65"
94 "V71"
95 "V67"
96 "V69"
97 "V59"
98 "V40"
99 "V44"
100 "V114"
101 "V55"
102 "V25"
103 "V19"
104 "V21"
105 "V110"
106 "V108"
107 "V23"
108 "V76"
109 "V74"
110 "V80"
111 "V78"
112 "V72"
113 "V61"
114 "V57"
115 "V127"
116 "V38"
117 "V116"
118 "V112"
119 "V42"
120 "V36"
121 "V95"
122 "V93"
123 "V97"
124 "V91"
125 "V8"
126 "V6"
127 "V4"
128 "V2"
*Arcs
36 28 1.0
1 122 1.0
104 103 1.0
95 7 1.0
100 60 1.0
4 76 1.0
116 55 1.0
6 92 1.0
88 112 1.0
44 89 1.0
11 47 1.0
73 21 1.0
75 104 1.0
109 128 1.0
14 95 1.0
13 55 1.0
9 119 1.0
89 128 1.0
51 73 1.0
66 34 1.0
105 102 1.0
17 62 1.0
11 89 1.0
32 93 1.0
68 80 1.0
20 85 1.0
115 120 1.0
47 73 1.0
19 44 1.0
92 124 1.0
107 108 1.0
40 127 1.0
24 12 1.0
117 21 1.0
97 28 1.0
78 54 1.0
90 54 1.0
10 54 1.0
85 108 1.0
30 75 1.0
69 79 1.0
13 87 1.0
49 121 1.0
63 42 1.0
103 48 1.0
56 53 1.0
118 92 1.0
32 83 1.0
18 12 1.0
101 119 1.0
35 39 1.0
91 88 1.0
37 73 1.0
33 31 1.0
125 23 1.0
7 54 1.0
99 54 1.0
50 72 1.0
35 123 1.0
112 47 1.0
41 110 1.0
74 55 1.0
106 62 1.0
42 112 1.0
65 26 1.0
5 92 1.0
113 9 1.0
123 4 1.0
47 68 1.0
34 74 1.0
39 55 1.0
127 40 1.0
81 84 1.0
3 102 1.0
76 84 1.0
41 44 1.0
60 121 1.0
17 97 1.0
56 102 1.0
1 55 1.0
67 45 1.0
64 66 1.0
8 68 1.0
23 46 1.0
114 47 1.0
60 54 1.0
61 49 1.0
12 48 1.0
21 71 1.0
122 78 1.0
86 44 1.0
62 128 1.0
31 98 1.0
126 48 1.0
79 66 1.0
84 50 1.0
38 31 1.0
20 128 1.0
4 71 1.0
42 50 1.0
27 52 1.0
68 63 1.0
83 49 1.0
55 123 1.0
2 109 1.0
94 114 1.0
25 75 1.0
71 99 1.0
119 88 1.0
95 102 1.0
76 123 1.0
57 25 1.0
116 104 1.0
77 95 1.0
16 45 1.0
111 66 1.0
82 21 1.0
128 56 1.0
29 102 1.0
121 54 1.0
54 56 1.0
124 123 1.0
9 104 1.0
80 110 1.0
80 106 1.0
45 84 1.0
89 47 1.0
24 78 1.0
83 11 1.0
44 23 1.0
61 26 1.0
75 33 1.0
107 64 1.0
88 56 1.0
53 84 1.0
117 10 1.0
98 103 1.0
96 8 1.0
92 54 1.0
11 10 1.0
93 39 1.0
52 48 1.0
115 113 1.0
28 82 1.0
110 99 1.0
47 101 1.0
30 50 1.0
13 62 1.0
56 82 1.0
72 1 1.0
49 114 1.0
108 110 1.0
43 73 1.0
85 121 1.0
99 124 1.0
22 75 1.0
90 48 1.0
91 37 1.0
102 4 1.0
112 59 1.0
46 118 1.0
58 4 1.0
107 75 1.0
118 85 1.0
120 114 1.0
33 82 1.0
62 127 1.0
93 114 1.0
111 44 1.0
15 93 1.0
48 55 1.0
65 11 1.0
26 84 1.0
71 84 1.0
114 39 1.0
113 47 1.0
87 88 1.0
50 10 1.0
59 11 1.0
70 82 1.0
118 122 1.0
73 78 1.0
120 41 1.0
88 54 1.0
114 3 1.0
6 112 1.0
60 56 1.0
124 101 1.0
100 86 1.0
17 60 1.0
36 43 1.0
104 70 1.0
81 88 1.0
128 113 1.0
68 53 1.0
126 87 1.0
32 20 1.0
55 107 1.0
92 20 1.0
5 32 1.0
25 66 1.0
8 5 1.0
19 95 1.0
20 32 1.0
78 82 1.0
40 107 1.0
109 79 1.0
23 3 1.0
86 54 1.0
15 80 1.0
14 114 1.0
66 27 1.0
51 99 1.0
21 104 1.0
84 15 1.0
19 12 1.0
105 72 1.0
37 55 1.0
57 118 1.0
77 28 1.0
125 70 1.0
101 48 1.0
24 77 1.0
23 114 1.0
35 34 1.0
25 26 1.0
61 28 1.0
99 126 1.0
7 37 1.0
97 1 1.0
29 79 1.0
27 124 1.0
10 110 1.0
63 58 1.0
128 33 1.0
82 28 1.0
69 114 1.0
121 84 1.0
103 12 1.0
18 128 1.0
33 114 1.0
76 101 1.0
98 88 1.0
41 123 1.0
36 23 1.0
96 97 1.0
34 46 1.0
64 40 1.0
72 30 1.0
8 1 1.0
40 84 1.0
43 54 1.0
3 61 1.0
106 14 1.0
74 34 1.0
45 82 1.0
45 54 1.0
5 75 1.0
124 95 1.0
123 84 1.0
46 44 1.0
28 108 1.0
127 86 1.0
39 32 1.0
110 113 1.0
94 16 1.0
70 46 1.0
52 113 1.0
54 44 1.0
31 11 1.0
102 121 1.0
2 82 1.0
42 125 1.0
71 2 1.0
58 124 1.0
119 42 1.0
87 127 1.0
4 67 1.0
122 110 1.0
62 126 1.0
12 29 1.0
1 99 1.0
67 51 1.0
30 48 1.0
79 125 1.0
46 89 1.0
38 55 1.0
64 20 1.0
120 113 1.0
80 20 1.0
9 74 1.0
109 96 1.0
67 77 1.0
89 124 1.0
51 27 1.0
44 48 1.0
6 34 1.0
16 77 1.0
75 47 1.0
74 9 1.0
73 80 1.0
95 44 1.0
54 49 1.0
116 3 1.0
100 90 1.0
78 114 1.0
48 121 1.0
111 54 1.0
83 123 1.0
36 119 1.0
29 64 1.0
15 127 1.0
85 26 1.0
10 117 1.0
108 44 1.0
13 54 1.0
49 37 1.0
69 85 1.0
117 55 1.0
40 64 1.0
22 72 1.0
90 107 1.0
97 14 1.0
86 119 1.0
68 102 1.0
53 78 1.0
90 25 1.0
107 102 1.0
91 20 1.0
19 102 1.0
66 40 1.0
52 122 1.0
95 62 1.0
11 102 1.0
115 123 1.0
47 123 1.0
32 107 1.0
65 80 1.0
26 122 1.0
106 77 1.0
97 48 1.0
113 73 1.0
50 126 1.0
5 69 1.0
59 127 1.0
100 23 1.0
7 105 1.0
112 84 1.0
35 122 1.0
91 10 1.0
102 42 1.0
58 49 1.0
125 50 1.0
33 112 1.0
37 88 1.0
118 54 1.0
110 50 1.0
93 107 1.0
103 54 1.0
56 93 1.0
12 125 1.0
112 11 1.0
105 35 1.0
86 10 1.0
122 90 1.0
21 125 1.0
64 47 1.0
14 74 1.0
115 72 1.0
116 1 1.0
8 102 1.0
23 128 1.0
88 73 1.0
76 44 1.0
114 90 1.0
41 40 1.0
122 16 1.0
60 87 1.0
104 124 1.0
123 70 1.0
17 92 1.0
39 30 1.0
127 1 1.0
127 47 1.0
81 44 1.0
16 46 1.0
77 124 1.0
57 84 1.0
116 102 1.0
18 43 1.0
6 51 1.0
80 83 1.0
7 121 1.0
61 116 1.0
24 122 1.0
10 124 1.0
75 86 1.0
101 102 1.0
12 77 1.0
45 48 1.0
89 90 1.0
124 24 1.0
99 62 1.0
16 100 1.0
28 103 1.0
115 110 1.0
47 42 1.0
110 77 1.0
74 41 1.0
52 15 1.0
31 110 1.0
21 1 1.0
92 83 1.0
84 110 1.0
79 16 1.0
126 85 1.0
25 10 1.0
119 13 1.0
78 53 1.0
55 48 1.0
94 99 1.0
27 60 1.0
27 102 1.0
28 14 1.0
83 66 1.0
20 123 1.0
42 35 1.0
121 98 1.0
54 80 1.0
128 72 1.0
63 109 1.0
29 46 1.0
82 47 1.0
2 35 1.0
34 52 1.0
58 46 1.0
112 73 1.0
102 122 1.0
59 10 1.0
70 103 1.0
38 124 1.0
113 3 1.0
4 41 1.0
87 106 1.0
26 23 1.0
71 109 1.0
44 25 1.0
81 35 1.0
15 109 1.0
48 49 1.0
111 74 1.0
104 73 1.0
36 87 1.0
49 84 1.0
60 101 1.0
100 26 1.0
50 92 1.0
95 115 1.0
53 42 1.0
34 16 1.0
96 38 1.0
53 116 1.0
117 62 1.0
98 116 1.0
22 47 1.0
3 54 1.0
43 92 1.0
59 45 1.0
85 123 1.0
72 35 1.0
108 125 1.0
67 73 1.0
1 54 1.0
30 92 1.0
62 23 1.0
56 64 1.0
93 48 1.0
38 45 1.0
63 108 1.0
120 84 1.0
46 75 1.0
33 21 1.0
13 60 1.0
49 122 1.0
63 110 1.0
10 27 1.0
27 23 1.0
69 40 1.0
97 99 1.0
90 123 1.0
78 125 1.0
40 122 1.0
25 99 1.0
73 79 1.0
19 87 1.0
101 31 1.0
75 79 1.0
125 63 1.0
77 1 1.0
37 102 1.0
118 38 1.0
79 70 1.0
18 82 1.0
121 101 1.0
103 112 1.0
69 112 1.0
9 122 1.0
14 109 1.0
51 54 1.0
23 108 1.0
82 93 1.0
109 48 1.0
44 32 1.0
73 94 1.0
84 101 1.0
6 66 1.0
88 48 1.0
92 33 1.0
87 69 1.0
107 79 1.0
126 73 1.0
68 44 1.0
105 10 1.0
11 48 1.0
32 119 1.0
21 87 1.0
66 46 1.0
96 73 1.0
122 107 1.0
86 90 1.0
67 70 1.0
12 94 1.0
62 47 1.0
8 50 1.0
98 66 1.0
114 50 1.0
1 42 1.0
64 122 1.0
72 55 1.0
55 27 1.0
103 21 1.0
2 61 1.0
70 55 1.0
119 24 1.0
94 104 1.0
106 24 1.0
84 73 1.0
38 90 1.0
109 69 1.0
31 93 1.0
79 46 1.0
46 66 1.0
5 124 1.0
50 12 1.0
45 87 1.0
106 42 1.0
113 122 1.0
74 89 1.0
35 54 1.0
91 110 1.0
61 73 1.0
7 117 1.0
117 74 1.0
99 119 1.0
17 86 1.0
121 25 1.0
41 32 1.0
98 47 1.0
76 48 1.0
3 47 1.0
65 12 1.0
39 47 1.0
127 88 1.0
28 87 1.0
123 54 1.0
126 40 1.0
34 79 1.0
96 118 1.0
117 124 1.0
2 89 1.0
3 36 1.0
68 72 1.0
107 88 1.0
53 1 1.0
43 122 1.0
85 62 1.0
9 97 1.0
40 123 1.0
90 55 1.0
22 103 1.0
124 127 1.0
89 15 1.0
66 45 1.0
14 41 1.0
80 124 1.0
9 69 1.0
110 85 1.0
47 49 1.0
115 69 1.0
52 49 1.0
18 35 1.0
11 127 1.0
6 127 1.0
116 125 1.0
57 47 1.0
22 73 1.0
95 126 1.0
54 91 1.0
109 114 1.0
75 24 1.0
24 92 1.0
26 74 1.0
44 92 1.0
16 93 1.0
71 69 1.0
83 74 1.0
42 31 1.0
31 54 1.0
20 41 1.0
4 28 1.0
36 83 1.0
29 24 1.0
82 59 1.0
128 47 1.0
111 120 1.0
60 75 1.0
100 20 1.0
76 49 1.0
88 87 1.0
114 58 1.0
73 100 1.0
37 87 1.0
23 92 1.0
14 77 1.0
39 26 1.0
64 87 1.0
86 87 1.0
113 31 1.0
43 69 1.0
106 79 1.0
26 53 1.0
65 29 1.0
48 72 1.0
15 70 1.0
81 114 1.0
48 80 1.0
123 66 1.0
104 49 1.0
17 47 1.0
51 2 1.0
58 47 1.0
125 21 1.0
33 14 1.0
102 87 1.0
91 64 1.0
55 80 1.0
59 66 1.0
7 93 1.0
57 50 1.0
112 45 1.0
87 21 1.0
50 102 1.0
108 1 1.0
10 89 1.0
30 55 1.0
13 89 1.0
49 14 1.0
93 1 1.0
56 42 1.0
103 96 1.0
120 40 1.0
65 71 1.0
118 126 1.0
45 74 1.0
66 4 1.0
52 59 1.0
99 43 1.0
124 25 1.0
5 102 1.0
61 108 1.0
70 120 1.0
80 104 1.0
24 44 1.0
72 96 1.0
35 102 1.0
16 99 1.0
77 114 1.0
101 34 1.0
57 62 1.0
77 64 1.0
37 99 1.0
54 107 1.0
121 119 1.0
18 40 1.0
82 6 1.0
128 124 1.0
69 45 1.0
63 55 1.0
27 113 1.0
83 89 1.0
97 89 1.0
81 34 1.0
20 2 1.0
78 64 1.0
119 84 1.0
25 23 1.0
85 42 1.0
19 69 1.0
55 56 1.0
92 55 1.0
89 53 1.0
31 16 1.0
126 54 1.0
32 110 1.0
84 55 1.0
105 88 1.0
94 7 1.0
12 11 1.0
21 50 1.0
51 55 1.0
71 28 1.0
26 83 1.0
111 84 1.0
48 42 1.0
15 58 1.0
29 66 1.0
70 20 1.0
59 88 1.0
4 112 1.0
87 28 1.0
42 81 1.0
101 108 1.0
58 31 1.0
2 5 1.0
104 116 1.0
102 26 1.0
105 31 1.0
94 40 1.0
108 123 1.0
93 87 1.0
120 26 1.0
38 68 1.0
79 26 1.0
46 126 1.0
67 75 1.0
30 52 1.0
108 127 1.0
1 53 1.0
62 21 1.0
122 126 1.0
43 44 1.0
22 116 1.0
3 60 1.0
72 128 1.0
119 80 1.0
8 47 1.0
96 29 1.0
34 21 1.0
98 123 1.0
41 104 1.0
123 110 1.0
127 45 1.0
110 83 1.0
74 127 1.0
53 26 1.0
125 4 1.0
28 20 1.0
39 68 1.0
