*Vertices 256
1 "V0"
2 "V174"
3 "V233"
4 "V89"
5 "V85"
6 "V119"
7 "V178"
8 "V30"
9 "V34"
10 "V64"
11 "V208"
12 "V123"
13 "V212"
14 "V9"
15 "V68"
16 "V153"
17 "V13"
18 "V17"
19 "V157"
20 "V246"
21 "V161"
22 "V102"
23 "V250"
24 "V106"
25 "V191"
26 "V51"
27 "V47"
28 "V195"
29 "V136"
30 "V225"
31 "V229"
32 "V140"
33 "V81"
34 "V22"
35 "V26"
36 "V255"
37 "V170"
38 "V111"
39 "V200"
40 "V115"
41 "V60"
42 "V56"
43 "V204"
44 "V145"
45 "V234"
46 "V5"
47 "V238"
48 "V1"
49 "V149"
50 "V90"
51 "V183"
52 "V242"
53 "V98"
54 "V94"
55 "V128"
56 "V187"
57 "V43"
58 "V39"
59 "V73"
60 "V217"
61 "V132"
62 "V221"
63 "V18"
64 "V77"
65 "V162"
66 "V166"
67 "V196"
68 "V137"
69 "V52"
70 "V48"
71 "V251"
72 "V192"
73 "V107"
74 "V103"
75 "V27"
76 "V86"
77 "V171"
78 "V175"
79 "V82"
80 "V141"
81 "V226"
82 "V230"
83 "V120"
84 "V209"
85 "V124"
86 "V31"
87 "V35"
88 "V179"
89 "V243"
90 "V14"
91 "V247"
92 "V10"
93 "V158"
94 "V99"
95 "V65"
96 "V213"
97 "V69"
98 "V154"
99 "V133"
100 "V218"
101 "V40"
102 "V44"
103 "V129"
104 "V188"
105 "V252"
106 "V19"
107 "V167"
108 "V23"
109 "V108"
110 "V74"
111 "V222"
112 "V78"
113 "V163"
114 "V205"
115 "V146"
116 "V61"
117 "V57"
118 "V201"
119 "V116"
120 "V112"
121 "V36"
122 "V95"
123 "V180"
124 "V184"
125 "V91"
126 "V150"
127 "V235"
128 "V6"
129 "V239"
130 "V2"
131 "V159"
132 "V100"
133 "V11"
134 "V248"
135 "V244"
136 "V15"
137 "V104"
138 "V45"
139 "V193"
140 "V189"
141 "V210"
142 "V121"
143 "V125"
144 "V155"
145 "V214"
146 "V66"
147 "V70"
148 "V87"
149 "V172"
150 "V231"
151 "V28"
152 "V32"
153 "V117"
154 "V176"
155 "V49"
156 "V53"
157 "V197"
158 "V138"
159 "V227"
160 "V142"
161 "V83"
162 "V96"
163 "V181"
164 "V240"
165 "V37"
166 "V41"
167 "V126"
168 "V185"
169 "V58"
170 "V62"
171 "V206"
172 "V147"
173 "V7"
174 "V3"
175 "V236"
176 "V151"
177 "V92"
178 "V168"
179 "V109"
180 "V20"
181 "V253"
182 "V24"
183 "V113"
184 "V54"
185 "V202"
186 "V198"
187 "V219"
188 "V130"
189 "V134"
190 "V164"
191 "V223"
192 "V75"
193 "V79"
194 "V63"
195 "V122"
196 "V211"
197 "V207"
198 "V118"
199 "V177"
200 "V29"
201 "V33"
202 "V173"
203 "V232"
204 "V84"
205 "V88"
206 "V228"
207 "V143"
208 "V139"
209 "V50"
210 "V135"
211 "V194"
212 "V190"
213 "V105"
214 "V46"
215 "V249"
216 "V16"
217 "V12"
218 "V245"
219 "V160"
220 "V101"
221 "V71"
222 "V67"
223 "V215"
224 "V156"
225 "V144"
226 "V59"
227 "V203"
228 "V199"
229 "V114"
230 "V55"
231 "V25"
232 "V21"
233 "V254"
234 "V169"
235 "V110"
236 "V76"
237 "V80"
238 "V224"
239 "V165"
240 "V72"
241 "V131"
242 "V220"
243 "V216"
244 "V127"
245 "V186"
246 "V38"
247 "V42"
248 "V182"
249 "V241"
250 "V93"
251 "V97"
252 "V237"
253 "V152"
254 "V8"
255 "V148"
256 "V4"
*Arcs
1 56 1.0
147 182 1.0
72 177 1.0
3 234 1.0
153 120 1.0
129 166 1.0
247 136 1.0
190 177 1.0
4 179 1.0
205 233 1.0
141 15 1.0
210 177 1.0
17 183 1.0
163 88 1.0
226 47 1.0
7 112 1.0
206 222 1.0
24 205 1.0
86 33 1.0
16 248 1.0
9 14 1.0
228 211 1.0
64 224 1.0
130 48 1.0
70 97 1.0
20 62 1.0
85 159 1.0
122 173 1.0
37 247 1.0
12 224 1.0
160 42 1.0
60 158 1.0
180 137 1.0
104 26 1.0
13 196 1.0
146 153 1.0
127 18 1.0
165 70 1.0
183 38 1.0
204 145 1.0
131 162 1.0
15 134 1.0
241 142 1.0
171 38 1.0
14 145 1.0
199 203 1.0
181 96 1.0
230 225 1.0
255 83 1.0
35 107 1.0
17 120 1.0
19 186 1.0
22 76 1.0
238 247 1.0
52 159 1.0
66 119 1.0
102 46 1.0
28 179 1.0
59 226 1.0
83 232 1.0
20 215 1.0
136 168 1.0
68 134 1.0
22 69 1.0
96 24 1.0
125 173 1.0
179 140 1.0
150 73 1.0
201 168 1.0
170 17 1.0
124 46 1.0
25 121 1.0
167 217 1.0
185 226 1.0
256 204 1.0
237 75 1.0
144 79 1.0
27 167 1.0
242 126 1.0
34 11 1.0
53 92 1.0
202 98 1.0
29 152 1.0
134 116 1.0
26 136 1.0
40 247 1.0
30 69 1.0
25 187 1.0
97 173 1.0
225 42 1.0
84 70 1.0
33 28 1.0
148 217 1.0
65 179 1.0
252 226 1.0
101 120 1.0
81 26 1.0
137 41 1.0
200 151 1.0
176 225 1.0
35 64 1.0
236 29 1.0
99 73 1.0
133 13 1.0
36 54 1.0
123 166 1.0
169 14 1.0
37 140 1.0
250 26 1.0
223 15 1.0
63 140 1.0
32 61 1.0
95 32 1.0
186 205 1.0
1 169 1.0
195 1 1.0
135 190 1.0
27 69 1.0
234 153 1.0
40 231 1.0
43 194 1.0
173 251 1.0
41 192 1.0
79 165 1.0
71 72 1.0
184 187 1.0
103 81 1.0
38 233 1.0
56 75 1.0
43 206 1.0
93 18 1.0
3 81 1.0
121 252 1.0
139 178 1.0
221 227 1.0
46 7 1.0
164 3 1.0
198 92 1.0
47 85 1.0
49 152 1.0
132 188 1.0
154 108 1.0
172 112 1.0
231 120 1.0
111 136 1.0
248 153 1.0
51 62 1.0
73 151 1.0
29 133 1.0
41 133 1.0
196 217 1.0
4 174 1.0
90 88 1.0
57 174 1.0
239 226 1.0
54 62 1.0
77 30 1.0
55 118 1.0
162 108 1.0
143 49 1.0
91 210 1.0
155 13 1.0
112 9 1.0
39 166 1.0
174 168 1.0
31 117 1.0
152 147 1.0
98 176 1.0
58 66 1.0
59 157 1.0
219 35 1.0
246 147 1.0
175 226 1.0
229 200 1.0
60 72 1.0
140 121 1.0
222 156 1.0
207 12 1.0
100 8 1.0
232 7 1.0
49 248 1.0
63 194 1.0
75 179 1.0
30 151 1.0
74 50 1.0
65 234 1.0
7 160 1.0
42 211 1.0
233 49 1.0
61 15 1.0
92 212 1.0
197 142 1.0
5 168 1.0
168 174 1.0
67 87 1.0
194 226 1.0
203 49 1.0
9 98 1.0
235 166 1.0
69 81 1.0
33 138 1.0
224 15 1.0
244 101 1.0
46 82 1.0
227 248 1.0
67 2 1.0
71 187 1.0
110 12 1.0
89 70 1.0
138 136 1.0
142 151 1.0
177 221 1.0
107 209 1.0
73 89 1.0
158 69 1.0
145 173 1.0
216 128 1.0
47 220 1.0
119 210 1.0
166 40 1.0
113 200 1.0
76 165 1.0
205 177 1.0
141 140 1.0
217 211 1.0
189 131 1.0
226 176 1.0
163 66 1.0
78 114 1.0
215 33 1.0
2 247 1.0
69 172 1.0
80 13 1.0
94 117 1.0
62 12 1.0
44 79 1.0
108 254 1.0
72 236 1.0
147 181 1.0
82 92 1.0
146 247 1.0
80 73 1.0
243 114 1.0
106 48 1.0
83 40 1.0
54 59 1.0
131 160 1.0
165 47 1.0
45 137 1.0
120 25 1.0
84 178 1.0
104 229 1.0
64 33 1.0
253 7 1.0
86 254 1.0
159 216 1.0
8 195 1.0
213 125 1.0
37 15 1.0
218 194 1.0
70 2 1.0
12 127 1.0
228 98 1.0
48 113 1.0
211 226 1.0
89 140 1.0
6 230 1.0
255 241 1.0
92 81 1.0
240 17 1.0
50 151 1.0
13 123 1.0
136 87 1.0
249 29 1.0
102 230 1.0
66 255 1.0
94 59 1.0
254 174 1.0
105 151 1.0
188 177 1.0
95 174 1.0
114 58 1.0
161 57 1.0
191 236 1.0
220 97 1.0
35 232 1.0
230 121 1.0
199 108 1.0
98 191 1.0
34 107 1.0
187 48 1.0
251 38 1.0
212 37 1.0
15 156 1.0
225 106 1.0
134 219 1.0
167 18 1.0
256 33 1.0
99 245 1.0
149 6 1.0
209 228 1.0
144 33 1.0
82 226 1.0
201 97 1.0
118 34 1.0
102 108 1.0
193 142 1.0
116 209 1.0
68 85 1.0
109 220 1.0
51 2 1.0
104 163 1.0
192 46 1.0
157 190 1.0
1 83 1.0
195 101 1.0
135 30 1.0
214 78 1.0
88 98 1.0
107 166 1.0
137 174 1.0
81 221 1.0
151 48 1.0
126 177 1.0
108 2 1.0
76 18 1.0
11 99 1.0
133 134 1.0
99 248 1.0
36 194 1.0
117 61 1.0
111 6 1.0
252 197 1.0
40 232 1.0
58 254 1.0
21 46 1.0
112 197 1.0
132 205 1.0
78 18 1.0
115 254 1.0
156 254 1.0
23 33 1.0
55 99 1.0
128 66 1.0
43 12 1.0
79 198 1.0
117 115 1.0
19 244 1.0
87 35 1.0
3 145 1.0
38 101 1.0
118 145 1.0
245 49 1.0
10 9 1.0
208 136 1.0
18 46 1.0
223 40 1.0
120 65 1.0
250 198 1.0
178 70 1.0
16 156 1.0
121 49 1.0
112 89 1.0
24 63 1.0
123 134 1.0
206 193 1.0
86 1 1.0
41 209 1.0
248 66 1.0
196 202 1.0
17 69 1.0
210 73 1.0
190 97 1.0
125 188 1.0
4 132 1.0
153 209 1.0
129 175 1.0
247 230 1.0
221 209 1.0
139 14 1.0
127 215 1.0
111 173 1.0
182 126 1.0
115 165 1.0
130 143 1.0
238 152 1.0
75 249 1.0
22 188 1.0
7 256 1.0
131 116 1.0
181 159 1.0
42 127 1.0
83 198 1.0
28 219 1.0
134 85 1.0
136 233 1.0
59 202 1.0
49 90 1.0
96 212 1.0
137 124 1.0
125 255 1.0
107 57 1.0
52 236 1.0
138 9 1.0
139 245 1.0
124 229 1.0
170 249 1.0
158 196 1.0
216 5 1.0
20 234 1.0
77 151 1.0
155 153 1.0
39 58 1.0
85 223 1.0
130 134 1.0
180 225 1.0
160 81 1.0
143 136 1.0
60 232 1.0
122 249 1.0
127 200 1.0
183 87 1.0
246 233 1.0
222 94 1.0
140 103 1.0
145 146 1.0
171 28 1.0
14 92 1.0
241 253 1.0
219 17 1.0
147 232 1.0
204 175 1.0
84 174 1.0
217 74 1.0
148 122 1.0
169 166 1.0
189 13 1.0
213 136 1.0
149 74 1.0
123 183 1.0
176 73 1.0
200 175 1.0
159 217 1.0
186 170 1.0
236 117 1.0
151 4 1.0
218 15 1.0
12 195 1.0
48 188 1.0
153 211 1.0
234 87 1.0
27 8 1.0
63 205 1.0
243 121 1.0
54 210 1.0
150 83 1.0
179 75 1.0
9 79 1.0
224 203 1.0
155 214 1.0
185 10 1.0
237 74 1.0
46 252 1.0
215 73 1.0
244 231 1.0
26 244 1.0
202 58 1.0
158 168 1.0
53 174 1.0
242 209 1.0
108 133 1.0
44 115 1.0
97 64 1.0
25 197 1.0
159 12 1.0
119 212 1.0
47 187 1.0
101 80 1.0
65 221 1.0
161 177 1.0
51 225 1.0
116 118 1.0
29 241 1.0
90 204 1.0
13 20 1.0
162 80 1.0
50 211 1.0
239 86 1.0
164 153 1.0
57 159 1.0
198 95 1.0
164 163 1.0
91 223 1.0
209 216 1.0
143 86 1.0
118 35 1.0
174 156 1.0
193 230 1.0
98 216 1.0
166 88 1.0
152 153 1.0
31 221 1.0
73 137 1.0
168 225 1.0
161 7 1.0
114 108 1.0
173 220 1.0
45 133 1.0
121 202 1.0
93 63 1.0
170 238 1.0
56 15 1.0
171 46 1.0
120 133 1.0
32 79 1.0
95 75 1.0
173 211 1.0
240 9 1.0
211 112 1.0
191 73 1.0
231 90 1.0
172 27 1.0
154 248 1.0
176 118 1.0
220 49 1.0
103 75 1.0
71 149 1.0
184 58 1.0
214 146 1.0
89 254 1.0
142 104 1.0
145 17 1.0
177 81 1.0
178 174 1.0
179 207 1.0
180 241 1.0
126 234 1.0
151 245 1.0
181 18 1.0
67 183 1.0
110 103 1.0
203 120 1.0
87 82 1.0
235 225 1.0
33 81 1.0
19 222 1.0
184 249 1.0
208 53 1.0
18 126 1.0
168 230 1.0
186 163 1.0
194 237 1.0
15 208 1.0
212 34 1.0
187 91 1.0
229 16 1.0
175 78 1.0
58 70 1.0
149 99 1.0
188 47 1.0
162 46 1.0
100 63 1.0
232 124 1.0
207 254 1.0
233 86 1.0
117 19 1.0
88 20 1.0
74 72 1.0
190 29 1.0
30 18 1.0
21 127 1.0
192 173 1.0
5 120 1.0
197 244 1.0
92 145 1.0
61 188 1.0
122 49 1.0
60 34 1.0
106 70 1.0
20 80 1.0
70 120 1.0
37 99 1.0
195 56 1.0
104 99 1.0
196 6 1.0
183 167 1.0
80 90 1.0
146 101 1.0
206 129 1.0
24 194 1.0
8 34 1.0
163 177 1.0
226 145 1.0
199 104 1.0
228 17 1.0
130 254 1.0
85 6 1.0
253 177 1.0
201 226 1.0
64 191 1.0
113 49 1.0
166 96 1.0
129 184 1.0
153 4 1.0
203 67 1.0
72 209 1.0
210 151 1.0
17 129 1.0
141 148 1.0
205 217 1.0
205 29 1.0
2 206 1.0
207 182 1.0
23 157 1.0
69 145 1.0
55 161 1.0
227 66 1.0
128 5 1.0
147 223 1.0
115 250 1.0
62 6 1.0
182 159 1.0
94 209 1.0
237 35 1.0
185 126 1.0
256 110 1.0
167 236 1.0
134 212 1.0
26 195 1.0
202 101 1.0
210 33 1.0
251 108 1.0
187 120 1.0
34 99 1.0
225 120 1.0
125 33 1.0
96 225 1.0
136 134 1.0
68 177 1.0
170 228 1.0
124 2 1.0
212 54 1.0
109 173 1.0
82 225 1.0
201 81 1.0
144 160 1.0
214 207 1.0
255 207 1.0
35 256 1.0
238 191 1.0
28 42 1.0
59 96 1.0
217 81 1.0
249 99 1.0
6 128 1.0
218 143 1.0
66 90 1.0
220 143 1.0
102 226 1.0
131 70 1.0
127 80 1.0
165 215 1.0
171 106 1.0
222 157 1.0
204 81 1.0
105 125 1.0
188 16 1.0
254 63 1.0
224 177 1.0
22 134 1.0
199 227 1.0
230 80 1.0
71 251 1.0
78 133 1.0
156 106 1.0
43 200 1.0
103 187 1.0
173 5 1.0
93 37 1.0
226 186 1.0
79 63 1.0
38 4 1.0
3 174 1.0
121 155 1.0
10 117 1.0
245 143 1.0
227 93 1.0
223 136 1.0
63 207 1.0
32 184 1.0
234 220 1.0
229 239 1.0
250 140 1.0
195 75 1.0
135 42 1.0
27 225 1.0
157 245 1.0
1 188 1.0
192 62 1.0
176 124 1.0
231 50 1.0
200 173 1.0
81 122 1.0
137 236 1.0
123 9 1.0
234 50 1.0
169 252 1.0
36 57 1.0
99 155 1.0
133 256 1.0
11 90 1.0
76 222 1.0
237 171 1.0
65 155 1.0
101 68 1.0
252 102 1.0
40 24 1.0
238 222 1.0
25 98 1.0
97 233 1.0
175 65 1.0
219 98 1.0
246 163 1.0
240 105 1.0
197 94 1.0
5 201 1.0
160 53 1.0
180 187 1.0
140 212 1.0
222 101 1.0
229 6 1.0
243 137 1.0
91 136 1.0
155 199 1.0
77 81 1.0
244 148 1.0
162 101 1.0
100 80 1.0
16 165 1.0
246 93 1.0
112 59 1.0
39 108 1.0
174 140 1.0
143 46 1.0
248 2 1.0
248 224 1.0
41 2 1.0
31 192 1.0
86 234 1.0
73 225 1.0
4 117 1.0
190 67 1.0
250 134 1.0
29 161 1.0
196 81 1.0
90 36 1.0
252 251 1.0
139 137 1.0
221 202 1.0
247 155 1.0
164 143 1.0
198 180 1.0
111 53 1.0
132 250 1.0
255 188 1.0
172 9 1.0
256 229 1.0
231 168 1.0
163 135 1.0
2 256 1.0
213 254 1.0
189 235 1.0
226 167 1.0
148 153 1.0
84 199 1.0
217 210 1.0
166 183 1.0
113 53 1.0
5 97 1.0
37 110 1.0
6 137 1.0
54 9 1.0
12 109 1.0
218 13 1.0
70 151 1.0
8 26 1.0
236 229 1.0
186 25 1.0
48 206 1.0
159 206 1.0
8 82 1.0
253 171 1.0
131 224 1.0
10 240 1.0
165 221 1.0
45 4 1.0
120 200 1.0
11 46 1.0
56 239 1.0
95 152 1.0
80 50 1.0
106 22 1.0
243 227 1.0
255 33 1.0
14 127 1.0
191 157 1.0
35 157 1.0
220 87 1.0
154 194 1.0
16 210 1.0
184 234 1.0
105 170 1.0
188 155 1.0
254 69 1.0
114 225 1.0
161 232 1.0
74 169 1.0
30 256 1.0
75 200 1.0
49 110 1.0
18 240 1.0
110 15 1.0
14 240 1.0
181 206 1.0
241 136 1.0
42 46 1.0
7 174 1.0
21 233 1.0
177 170 1.0
145 217 1.0
216 133 1.0
158 134 1.0
194 197 1.0
67 141 1.0
23 47 1.0
83 254 1.0
52 190 1.0
138 168 1.0
107 157 1.0
24 195 1.0
227 112 1.0
26 27 1.0
33 171 1.0
215 191 1.0
244 87 1.0
46 111 1.0
179 69 1.0
28 94 1.0
168 88 1.0
224 136 1.0
150 118 1.0
9 13 1.0
147 89 1.0
44 22 1.0
47 36 1.0
119 85 1.0
72 140 1.0
31 254 1.0
32 22 1.0
2 254 1.0
69 26 1.0
108 115 1.0
242 152 1.0
53 90 1.0
126 79 1.0
34 92 1.0
192 124 1.0
137 89 1.0
81 50 1.0
151 36 1.0
89 107 1.0
178 46 1.0
214 226 1.0
157 46 1.0
142 199 1.0
36 237 1.0
208 81 1.0
18 199 1.0
38 78 1.0
250 195 1.0
223 110 1.0
203 114 1.0
235 26 1.0
87 112 1.0
245 231 1.0
10 13 1.0
39 32 1.0
55 236 1.0
43 27 1.0
128 256 1.0
79 209 1.0
19 201 1.0
42 130 1.0
62 15 1.0
182 215 1.0
94 146 1.0
78 24 1.0
44 174 1.0
23 225 1.0
156 173 1.0
153 133 1.0
139 73 1.0
45 97 1.0
221 69 1.0
115 213 1.0
48 34 1.0
141 75 1.0
17 128 1.0
50 183 1.0
205 78 1.0
190 201 1.0
129 112 1.0
247 89 1.0
240 200 1.0
211 161 1.0
52 89 1.0
6 234 1.0
249 138 1.0
57 12 1.0
239 104 1.0
53 76 1.0
50 78 1.0
13 57 1.0
136 251 1.0
68 74 1.0
116 144 1.0
51 121 1.0
109 59 1.0
56 153 1.0
82 193 1.0
98 47 1.0
152 216 1.0
57 142 1.0
118 225 1.0
193 7 1.0
167 119 1.0
256 224 1.0
149 255 1.0
209 94 1.0
134 207 1.0
187 7 1.0
251 256 1.0
61 101 1.0
207 216 1.0
232 207 1.0
212 134 1.0
62 124 1.0
15 66 1.0
252 178 1.0
58 165 1.0
40 63 1.0
76 81 1.0
21 138 1.0
64 151 1.0
61 32 1.0
11 80 1.0
92 22 1.0
88 35 1.0
66 180 1.0
233 45 1.0
117 254 1.0
53 59 1.0
202 251 1.0
68 159 1.0
215 60 1.0
26 34 1.0
244 27 1.0
185 139 1.0
46 234 1.0
237 86 1.0
144 162 1.0
70 145 1.0
201 87 1.0
150 235 1.0
179 200 1.0
72 52 1.0
124 200 1.0
170 151 1.0
158 35 1.0
216 116 1.0
96 2 1.0
125 200 1.0
74 218 1.0
66 55 1.0
102 174 1.0
176 255 1.0
200 29 1.0
75 152 1.0
213 200 1.0
77 201 1.0
159 126 1.0
36 125 1.0
123 8 1.0
169 27 1.0
84 53 1.0
99 77 1.0
133 107 1.0
65 68 1.0
79 13 1.0
148 46 1.0
119 134 1.0
47 163 1.0
101 236 1.0
97 63 1.0
25 248 1.0
81 254 1.0
242 70 1.0
34 186 1.0
225 209 1.0
180 70 1.0
60 205 1.0
122 102 1.0
146 51 1.0
160 70 1.0
20 134 1.0
85 230 1.0
130 51 1.0
77 14 1.0
85 227 1.0
155 138 1.0
16 35 1.0
86 207 1.0
206 79 1.0
228 179 1.0
64 140 1.0
87 78 1.0
41 216 1.0
210 63 1.0
24 143 1.0
88 133 1.0
248 254 1.0
90 132 1.0
59 41 1.0
28 176 1.0
83 42 1.0
91 21 1.0
52 151 1.0
199 138 1.0
93 20 1.0
22 234 1.0
238 103 1.0
75 16 1.0
49 74 1.0
204 71 1.0
171 225 1.0
14 136 1.0
241 78 1.0
181 211 1.0
230 106 1.0
104 15 1.0
96 83 1.0
183 217 1.0
127 83 1.0
246 130 1.0
219 171 1.0
97 18 1.0
222 28 1.0
207 252 1.0
100 256 1.0
232 90 1.0
162 32 1.0
21 133 1.0
175 170 1.0
58 176 1.0
229 137 1.0
140 29 1.0
100 148 1.0
112 13 1.0
98 20 1.0
101 147 1.0
152 107 1.0
31 17 1.0
73 48 1.0
149 126 1.0
103 109 1.0
91 98 1.0
209 21 1.0
143 137 1.0
39 219 1.0
174 228 1.0
105 167 1.0
89 224 1.0
142 204 1.0
126 24 1.0
106 176 1.0
67 214 1.0
110 73 1.0
177 154 1.0
145 165 1.0
18 204 1.0
138 249 1.0
107 111 1.0
109 228 1.0
61 254 1.0
92 255 1.0
233 128 1.0
110 70 1.0
5 65 1.0
197 254 1.0
30 198 1.0
74 231 1.0
151 256 1.0
7 106 1.0
42 256 1.0
113 176 1.0
56 204 1.0
114 166 1.0
95 182 1.0
3 18 1.0
121 225 1.0
38 254 1.0
161 155 1.0
93 10 1.0
116 190 1.0
103 241 1.0
114 248 1.0
173 163 1.0
1 185 1.0
186 137 1.0
236 254 1.0
27 72 1.0
135 172 1.0
195 50 1.0
54 236 1.0
234 191 1.0
119 253 1.0
32 5 1.0
243 18 1.0
63 240 1.0
164 75 1.0
239 14 1.0
57 175 1.0
122 203 1.0
196 225 1.0
4 186 1.0
90 169 1.0
29 247 1.0
116 229 1.0
51 216 1.0
124 89 1.0
71 12 1.0
184 165 1.0
154 182 1.0
126 120 1.0
132 191 1.0
111 36 1.0
231 73 1.0
172 41 1.0
128 221 1.0
240 254 1.0
211 102 1.0
198 2 1.0
129 83 1.0
249 5 1.0
102 18 1.0
6 206 1.0
50 90 1.0
66 151 1.0
132 129 1.0
255 120 1.0
133 42 1.0
35 254 1.0
28 108 1.0
135 236 1.0
59 140 1.0
82 87 1.0
201 35 1.0
109 122 1.0
138 187 1.0
193 99 1.0
144 213 1.0
68 216 1.0
13 19 1.0
136 51 1.0
124 175 1.0
140 241 1.0
170 248 1.0
146 167 1.0
104 147 1.0
120 132 1.0
141 19 1.0
45 90 1.0
165 61 1.0
37 65 1.0
142 254 1.0
122 6 1.0
60 190 1.0
106 134 1.0
80 188 1.0
105 134 1.0
199 247 1.0
230 206 1.0
144 197 1.0
191 36 1.0
220 216 1.0
131 153 1.0
146 5 1.0
204 159 1.0
171 56 1.0
188 162 1.0
254 4 1.0
226 135 1.0
189 171 1.0
217 13 1.0
141 175 1.0
205 47 1.0
148 127 1.0
113 244 1.0
166 165 1.0
129 84 1.0
153 105 1.0
150 220 1.0
218 240 1.0
70 159 1.0
12 151 1.0
228 126 1.0
48 194 1.0
64 176 1.0
253 183 1.0
152 155 1.0
206 186 1.0
8 63 1.0
24 256 1.0
163 239 1.0
154 13 1.0
33 11 1.0
227 35 1.0
128 70 1.0
203 118 1.0
9 11 1.0
224 205 1.0
156 101 1.0
168 152 1.0
157 194 1.0
235 250 1.0
208 15 1.0
194 2 1.0
72 160 1.0
147 86 1.0
62 146 1.0
44 225 1.0
108 242 1.0
2 15 1.0
160 103 1.0
94 107 1.0
55 63 1.0
23 164 1.0
69 106 1.0
196 156 1.0
17 187 1.0
4 165 1.0
41 94 1.0
210 143 1.0
73 46 1.0
248 106 1.0
163 212 1.0
16 155 1.0
31 18 1.0
86 75 1.0
39 126 1.0
165 96 1.0
112 92 1.0
20 255 1.0
85 42 1.0
130 70 1.0
167 162 1.0
162 174 1.0
77 92 1.0
155 48 1.0
160 96 1.0
180 96 1.0
100 191 1.0
3 156 1.0
19 226 1.0
87 212 1.0
169 48 1.0
43 239 1.0
79 252 1.0
103 108 1.0
173 49 1.0
71 13 1.0
78 195 1.0
156 182 1.0
172 94 1.0
111 245 1.0
132 253 1.0
182 136 1.0
115 50 1.0
174 198 1.0
221 89 1.0
139 53 1.0
175 137 1.0
198 67 1.0
164 238 1.0
247 224 1.0
190 140 1.0
177 126 1.0
81 251 1.0
200 227 1.0
137 70 1.0
88 79 1.0
178 40 1.0
117 186 1.0
195 90 1.0
157 125 1.0
1 34 1.0
192 232 1.0
176 254 1.0
182 40 1.0
223 224 1.0
63 187 1.0
250 191 1.0
178 179 1.0
183 122 1.0
135 32 1.0
214 239 1.0
38 135 1.0
185 75 1.0
245 91 1.0
10 47 1.0
32 50 1.0
134 256 1.0
26 211 1.0
202 117 1.0
118 70 1.0
256 81 1.0
167 63 1.0
225 180 1.0
34 20 1.0
189 126 1.0
251 215 1.0
187 126 1.0
252 49 1.0
40 205 1.0
101 201 1.0
212 215 1.0
15 194 1.0
191 10 1.0
133 9 1.0
36 146 1.0
99 106 1.0
65 136 1.0
193 247 1.0
11 254 1.0
76 254 1.0
45 99 1.0
120 90 1.0
121 150 1.0
93 29 1.0
194 253 1.0
161 112 1.0
80 177 1.0
106 72 1.0
56 244 1.0
95 133 1.0
197 64 1.0
218 256 1.0
234 224 1.0
27 148 1.0
198 202 1.0
243 204 1.0
54 155 1.0
253 106 1.0
200 199 1.0
236 133 1.0
186 256 1.0
12 133 1.0
48 7 1.0
123 182 1.0
202 84 1.0
169 167 1.0
159 68 1.0
8 115 1.0
213 32 1.0
148 29 1.0
113 19 1.0
204 8 1.0
189 232 1.0
84 253 1.0
217 105 1.0
25 149 1.0
206 142 1.0
97 36 1.0
47 79 1.0
166 69 1.0
119 176 1.0
242 177 1.0
53 120 1.0
2 220 1.0
208 105 1.0
44 35 1.0
108 89 1.0
215 83 1.0
244 161 1.0
69 173 1.0
185 87 1.0
237 69 1.0
46 254 1.0
224 144 1.0
9 207 1.0
209 173 1.0
179 209 1.0
211 79 1.0
150 59 1.0
194 50 1.0
168 92 1.0
96 157 1.0
216 233 1.0
158 183 1.0
107 126 1.0
213 70 1.0
125 147 1.0
83 159 1.0
52 225 1.0
138 90 1.0
67 184 1.0
215 75 1.0
110 194 1.0
49 72 1.0
216 30 1.0
238 207 1.0
75 81 1.0
22 126 1.0
7 48 1.0
219 67 1.0
181 79 1.0
42 90 1.0
241 151 1.0
197 2 1.0
14 211 1.0
5 14 1.0
219 234 1.0
221 96 1.0
246 80 1.0
127 135 1.0
183 2 1.0
223 236 1.0
140 65 1.0
222 174 1.0
33 71 1.0
227 63 1.0
128 174 1.0
55 229 1.0
23 105 1.0
156 167 1.0
78 179 1.0
225 87 1.0
94 34 1.0
62 200 1.0
182 209 1.0
115 63 1.0
145 223 1.0
177 75 1.0
18 175 1.0
208 74 1.0
10 211 1.0
245 182 1.0
228 103 1.0
203 165 1.0
235 180 1.0
87 186 1.0
19 35 1.0
230 255 1.0
126 14 1.0
30 81 1.0
151 165 1.0
157 22 1.0
232 106 1.0
192 95 1.0
89 209 1.0
142 40 1.0
233 252 1.0
235 226 1.0
178 204 1.0
214 179 1.0
21 250 1.0
236 136 1.0
175 132 1.0
58 100 1.0
11 211 1.0
92 5 1.0
76 138 1.0
233 134 1.0
117 94 1.0
61 33 1.0
74 27 1.0
239 151 1.0
88 140 1.0
251 20 1.0
187 227 1.0
232 197 1.0
209 130 1.0
149 32 1.0
241 112 1.0
212 35 1.0
242 110 1.0
229 99 1.0
207 174 1.0
15 167 1.0
82 63 1.0
98 143 1.0
152 211 1.0
51 132 1.0
116 13 1.0
109 179 1.0
245 72 1.0
174 124 1.0
91 85 1.0
143 65 1.0
247 36 1.0
118 228 1.0
193 127 1.0
239 103 1.0
249 78 1.0
57 35 1.0
6 89 1.0
211 217 1.0
249 72 1.0
29 126 1.0
90 239 1.0
13 17 1.0
251 134 1.0
50 7 1.0
154 18 1.0
253 15 1.0
105 52 1.0
184 173 1.0
188 226 1.0
114 48 1.0
254 89 1.0
240 102 1.0
172 4 1.0
254 42 1.0
191 69 1.0
231 256 1.0
220 47 1.0
