*Vertices 64
1 "V0"
2 "V63"
3 "V52"
4 "V11"
5 "V15"
6 "V48"
7 "V45"
8 "V30"
9 "V29"
10 "V34"
11 "V33"
12 "V27"
13 "V9"
14 "V13"
15 "V17"
16 "V50"
17 "V28"
18 "V31"
19 "V35"
20 "V32"
21 "V46"
22 "V14"
23 "V51"
24 "V49"
25 "V16"
26 "V10"
27 "V53"
28 "V12"
29 "V47"
30 "V22"
31 "V26"
32 "V59"
33 "V37"
34 "V40"
35 "V44"
36 "V41"
37 "V55"
38 "V60"
39 "V58"
40 "V19"
41 "V25"
42 "V62"
43 "V56"
44 "V21"
45 "V23"
46 "V7"
47 "V5"
48 "V3"
49 "V1"
50 "V20"
51 "V61"
52 "V57"
53 "V24"
54 "V54"
55 "V38"
56 "V43"
57 "V42"
58 "V39"
59 "V36"
60 "V18"
61 "V6"
62 "V8"
63 "V4"
64 "V2"
*Arcs
1 21 1.0
30 38 1.0
11 43 1.0
16 64 1.0
47 57 1.0
23 4 1.0
63 21 1.0
4 54 1.0
30 62 1.0
8 18 1.0
58 48 1.0
10 9 1.0
34 5 1.0
1 35 1.0
17 50 1.0
4 61 1.0
39 61 1.0
52 28 1.0
9 64 1.0
13 39 1.0
1 6 1.0
15 26 1.0
29 61 1.0
21 25 1.0
14 41 1.0
15 30 1.0
60 48 1.0
6 30 1.0
59 44 1.0
40 5 1.0
54 19 1.0
37 62 1.0
46 31 1.0
33 42 1.0
62 48 1.0
41 30 1.0
56 19 1.0
23 10 1.0
35 40 1.0
29 31 1.0
51 34 1.0
31 44 1.0
22 64 1.0
20 1 1.0
11 20 1.0
5 34 1.0
48 17 1.0
51 7 1.0
30 19 1.0
31 14 1.0
16 57 1.0
55 36 1.0
44 39 1.0
43 26 1.0
43 15 1.0
13 25 1.0
58 13 1.0
12 22 1.0
26 38 1.0
7 61 1.0
7 20 1.0
38 23 1.0
43 31 1.0
42 21 1.0
17 52 1.0
25 23 1.0
10 46 1.0
47 64 1.0
10 11 1.0
49 12 1.0
23 28 1.0
15 42 1.0
47 13 1.0
2 5 1.0
45 61 1.0
19 28 1.0
61 1 1.0
3 6 1.0
27 32 1.0
61 44 1.0
28 20 1.0
53 21 1.0
36 51 1.0
56 28 1.0
57 20 1.0
58 45 1.0
49 5 1.0
8 25 1.0
14 19 1.0
38 47 1.0
18 45 1.0
32 29 1.0
60 4 1.0
64 15 1.0
40 30 1.0
24 5 1.0
6 46 1.0
50 40 1.0
31 5 1.0
22 26 1.0
56 41 1.0
3 57 1.0
35 51 1.0
6 25 1.0
33 21 1.0
41 15 1.0
54 16 1.0
62 27 1.0
46 44 1.0
37 30 1.0
12 31 1.0
63 4 1.0
44 11 1.0
23 8 1.0
16 45 1.0
30 53 1.0
48 53 1.0
5 13 1.0
42 30 1.0
20 49 1.0
51 58 1.0
11 23 1.0
39 4 1.0
52 50 1.0
4 64 1.0
34 47 1.0
9 28 1.0
28 5 1.0
18 51 1.0
19 6 1.0
45 46 1.0
34 3 1.0
19 41 1.0
22 10 1.0
59 20 1.0
26 62 1.0
60 32 1.0
27 17 1.0
46 1 1.0
21 5 1.0
29 9 1.0
1 37 1.0
9 11 1.0
49 26 1.0
60 36 1.0
38 44 1.0
32 27 1.0
57 34 1.0
14 12 1.0
8 22 1.0
34 28 1.0
35 27 1.0
14 55 1.0
36 25 1.0
53 64 1.0
33 18 1.0
55 20 1.0
40 50 1.0
50 4 1.0
37 23 1.0
45 25 1.0
62 49 1.0
6 58 1.0
24 49 1.0
64 61 1.0
18 58 1.0
64 62 1.0
40 58 1.0
17 1 1.0
25 64 1.0
7 34 1.0
51 39 1.0
52 25 1.0
21 23 1.0
58 19 1.0
12 64 1.0
43 22 1.0
26 30 1.0
13 63 1.0
52 37 1.0
59 53 1.0
61 5 1.0
45 23 1.0
3 7 1.0
3 9 1.0
53 61 1.0
47 49 1.0
15 57 1.0
2 57 1.0
10 47 1.0
61 12 1.0
2 52 1.0
19 15 1.0
64 34 1.0
40 25 1.0
46 5 1.0
4 57 1.0
59 61 1.0
59 5 1.0
5 55 1.0
62 7 1.0
7 9 1.0
41 60 1.0
27 51 1.0
41 45 1.0
54 45 1.0
9 49 1.0
36 3 1.0
39 60 1.0
4 3 1.0
39 63 1.0
28 62 1.0
60 13 1.0
8 44 1.0
29 50 1.0
1 28 1.0
49 30 1.0
29 18 1.0
16 31 1.0
23 62 1.0
63 62 1.0
44 40 1.0
11 26 1.0
17 5 1.0
34 4 1.0
58 64 1.0
20 16 1.0
26 49 1.0
52 30 1.0
30 64 1.0
35 34 1.0
24 26 1.0
27 49 1.0
56 32 1.0
31 12 1.0
22 16 1.0
51 6 1.0
42 29 1.0
20 4 1.0
5 64 1.0
48 37 1.0
3 60 1.0
27 29 1.0
61 31 1.0
45 5 1.0
19 26 1.0
33 34 1.0
57 31 1.0
36 15 1.0
36 17 1.0
28 19 1.0
32 3 1.0
53 33 1.0
21 15 1.0
39 31 1.0
42 3 1.0
7 64 1.0
17 37 1.0
25 37 1.0
46 57 1.0
2 21 1.0
48 49 1.0
10 61 1.0
15 43 1.0
47 28 1.0
50 48 1.0
13 12 1.0
50 39 1.0
55 50 1.0
33 48 1.0
53 40 1.0
43 52 1.0
13 42 1.0
54 26 1.0
12 56 1.0
37 17 1.0
31 28 1.0
18 55 1.0
57 28 1.0
38 5 1.0
14 64 1.0
32 51 1.0
22 32 1.0
50 28 1.0
18 17 1.0
24 4 1.0
64 39 1.0
6 26 1.0
48 64 1.0
39 15 1.0
2 12 1.0
4 49 1.0
52 64 1.0
9 14 1.0
17 47 1.0
26 12 1.0
30 2 1.0
34 17 1.0
9 32 1.0
11 15 1.0
58 63 1.0
44 57 1.0
11 16 1.0
23 64 1.0
63 26 1.0
16 9 1.0
63 49 1.0
20 21 1.0
5 62 1.0
35 47 1.0
5 41 1.0
42 18 1.0
51 4 1.0
56 57 1.0
56 22 1.0
16 30 1.0
22 28 1.0
38 30 1.0
31 25 1.0
54 42 1.0
54 56 1.0
41 17 1.0
62 17 1.0
21 24 1.0
33 11 1.0
25 2 1.0
28 4 1.0
59 32 1.0
40 22 1.0
46 51 1.0
6 61 1.0
49 25 1.0
1 56 1.0
29 49 1.0
8 13 1.0
60 1 1.0
35 28 1.0
7 35 1.0
25 45 1.0
32 22 1.0
42 27 1.0
37 26 1.0
12 45 1.0
43 50 1.0
12 46 1.0
26 61 1.0
37 35 1.0
55 19 1.0
41 51 1.0
44 7 1.0
55 23 1.0
44 32 1.0
13 22 1.0
24 21 1.0
64 4 1.0
24 50 1.0
48 24 1.0
20 2 1.0
50 63 1.0
38 53 1.0
49 57 1.0
14 2 1.0
32 1 1.0
18 60 1.0
8 17 1.0
28 26 1.0
53 49 1.0
57 60 1.0
55 21 1.0
36 45 1.0
57 19 1.0
45 30 1.0
19 40 1.0
27 16 1.0
47 48 1.0
3 14 1.0
61 64 1.0
10 6 1.0
15 8 1.0
21 61 1.0
62 30 1.0
25 6 1.0
63 28 1.0
2 29 1.0
