*Vertices 64
1 "V0"
2 "V63"
3 "V52"
4 "V11"
5 "V15"
6 "V48"
7 "V45"
8 "V30"
9 "V29"
10 "V34"
11 "V33"
12 "V27"
13 "V9"
14 "V13"
15 "V17"
16 "V50"
17 "V28"
18 "V31"
19 "V35"
20 "V32"
21 "V46"
22 "V14"
23 "V51"
24 "V49"
25 "V16"
26 "V10"
27 "V53"
28 "V12"
29 "V47"
30 "V22"
31 "V26"
32 "V59"
33 "V37"
34 "V40"
35 "V44"
36 "V41"
37 "V55"
38 "V60"
39 "V58"
40 "V19"
41 "V25"
42 "V62"
43 "V56"
44 "V21"
45 "V23"
46 "V7"
47 "V5"
48 "V3"
49 "V1"
50 "V20"
51 "V61"
52 "V57"
53 "V24"
54 "V54"
55 "V38"
56 "V43"
57 "V42"
58 "V39"
59 "V36"
60 "V18"
61 "V6"
62 "V8"
63 "V4"
64 "V2"
*Arcs
1 21 1.0
30 4 1.0
11 62 1.0
16 13 1.0
47 35 1.0
23 59 1.0
63 60 1.0
4 46 1.0
30 20 1.0
8 15 1.0
58 62 1.0
10 52 1.0
34 13 1.0
1 42 1.0
17 35 1.0
4 62 1.0
39 30 1.0
52 11 1.0
9 46 1.0
13 32 1.0
1 4 1.0
15 34 1.0
29 50 1.0
21 40 1.0
14 2 1.0
15 35 1.0
60 26 1.0
6 12 1.0
59 13 1.0
40 4 1.0
54 14 1.0
37 64 1.0
46 25 1.0
33 17 1.0
62 63 1.0
41 13 1.0
56 47 1.0
23 13 1.0
35 15 1.0
29 58 1.0
51 36 1.0
31 9 1.0
22 55 1.0
20 18 1.0
11 31 1.0
5 48 1.0
48 45 1.0
51 7 1.0
30 25 1.0
31 12 1.0
16 47 1.0
55 64 1.0
44 4 1.0
43 37 1.0
43 44 1.0
13 50 1.0
58 36 1.0
12 32 1.0
26 48 1.0
7 59 1.0
7 44 1.0
38 52 1.0
43 8 1.0
42 44 1.0
17 44 1.0
25 26 1.0
10 3 1.0
47 56 1.0
10 53 1.0
49 33 1.0
23 44 1.0
15 8 1.0
47 42 1.0
2 45 1.0
45 42 1.0
19 40 1.0
61 59 1.0
3 10 1.0
27 47 1.0
61 63 1.0
28 12 1.0
53 64 1.0
36 44 1.0
56 52 1.0
57 48 1.0
58 59 1.0
49 11 1.0
8 44 1.0
14 28 1.0
38 64 1.0
18 56 1.0
32 63 1.0
60 30 1.0
64 52 1.0
40 55 1.0
24 10 1.0
6 32 1.0
50 5 1.0
31 49 1.0
22 30 1.0
56 17 1.0
3 21 1.0
35 45 1.0
6 28 1.0
33 22 1.0
41 6 1.0
54 4 1.0
62 46 1.0
46 34 1.0
37 4 1.0
12 28 1.0
63 42 1.0
44 9 1.0
23 4 1.0
16 20 1.0
30 46 1.0
48 50 1.0
5 3 1.0
42 55 1.0
20 36 1.0
51 34 1.0
11 35 1.0
39 63 1.0
52 61 1.0
4 17 1.0
34 4 1.0
9 63 1.0
28 50 1.0
18 36 1.0
19 63 1.0
45 5 1.0
34 48 1.0
19 48 1.0
22 56 1.0
59 47 1.0
26 11 1.0
60 59 1.0
27 57 1.0
46 2 1.0
21 64 1.0
29 49 1.0
1 52 1.0
9 52 1.0
49 55 1.0
60 1 1.0
38 53 1.0
32 43 1.0
57 47 1.0
14 47 1.0
8 45 1.0
34 52 1.0
35 51 1.0
14 21 1.0
36 61 1.0
53 49 1.0
33 48 1.0
55 33 1.0
40 20 1.0
50 45 1.0
37 17 1.0
45 50 1.0
62 50 1.0
6 7 1.0
24 22 1.0
64 51 1.0
18 1 1.0
64 3 1.0
40 8 1.0
17 5 1.0
25 47 1.0
7 3 1.0
51 52 1.0
52 3 1.0
21 3 1.0
58 26 1.0
12 63 1.0
43 51 1.0
26 34 1.0
13 45 1.0
52 26 1.0
59 43 1.0
61 40 1.0
45 57 1.0
3 59 1.0
3 55 1.0
53 15 1.0
47 15 1.0
15 13 1.0
2 23 1.0
10 22 1.0
61 10 1.0
2 20 1.0
19 31 1.0
64 24 1.0
40 38 1.0
46 49 1.0
4 59 1.0
59 62 1.0
59 20 1.0
5 59 1.0
62 53 1.0
7 9 1.0
41 47 1.0
27 33 1.0
41 50 1.0
54 15 1.0
9 21 1.0
36 11 1.0
39 6 1.0
4 20 1.0
39 7 1.0
28 37 1.0
60 40 1.0
8 4 1.0
29 38 1.0
1 5 1.0
49 1 1.0
29 62 1.0
16 51 1.0
23 8 1.0
63 2 1.0
44 40 1.0
11 41 1.0
17 49 1.0
34 40 1.0
58 8 1.0
20 40 1.0
26 47 1.0
52 53 1.0
30 35 1.0
35 24 1.0
24 35 1.0
27 37 1.0
56 28 1.0
31 34 1.0
22 44 1.0
51 47 1.0
42 25 1.0
20 38 1.0
5 46 1.0
48 21 1.0
3 34 1.0
27 3 1.0
61 34 1.0
45 3 1.0
19 14 1.0
33 13 1.0
57 14 1.0
36 2 1.0
36 55 1.0
28 4 1.0
32 2 1.0
53 55 1.0
21 48 1.0
39 62 1.0
42 6 1.0
7 5 1.0
17 2 1.0
25 49 1.0
46 52 1.0
2 62 1.0
48 46 1.0
10 63 1.0
15 46 1.0
47 25 1.0
50 3 1.0
13 3 1.0
50 41 1.0
55 28 1.0
33 42 1.0
53 57 1.0
43 48 1.0
13 47 1.0
54 58 1.0
12 1 1.0
37 56 1.0
31 30 1.0
18 60 1.0
57 53 1.0
38 47 1.0
14 13 1.0
32 55 1.0
22 47 1.0
50 42 1.0
18 52 1.0
24 5 1.0
64 2 1.0
6 14 1.0
48 1 1.0
39 5 1.0
2 46 1.0
4 1 1.0
52 25 1.0
9 38 1.0
17 64 1.0
26 46 1.0
30 49 1.0
34 51 1.0
9 50 1.0
11 4 1.0
58 52 1.0
44 17 1.0
11 13 1.0
23 62 1.0
63 49 1.0
16 4 1.0
63 52 1.0
20 62 1.0
5 47 1.0
35 8 1.0
5 8 1.0
42 62 1.0
51 14 1.0
56 63 1.0
56 41 1.0
16 10 1.0
22 46 1.0
38 26 1.0
31 4 1.0
54 45 1.0
54 56 1.0
41 35 1.0
62 3 1.0
21 22 1.0
33 44 1.0
25 14 1.0
28 17 1.0
59 22 1.0
40 17 1.0
46 31 1.0
6 47 1.0
49 44 1.0
1 55 1.0
29 33 1.0
8 31 1.0
60 22 1.0
35 55 1.0
7 64 1.0
25 13 1.0
32 3 1.0
42 22 1.0
37 57 1.0
12 47 1.0
43 31 1.0
12 45 1.0
26 62 1.0
37 13 1.0
55 12 1.0
41 17 1.0
44 46 1.0
55 9 1.0
44 15 1.0
13 14 1.0
24 52 1.0
64 33 1.0
24 55 1.0
48 56 1.0
20 52 1.0
50 18 1.0
38 11 1.0
49 17 1.0
14 62 1.0
32 14 1.0
18 25 1.0
8 41 1.0
28 2 1.0
53 52 1.0
57 11 1.0
55 17 1.0
36 16 1.0
57 26 1.0
45 36 1.0
19 49 1.0
27 7 1.0
47 4 1.0
3 40 1.0
61 33 1.0
10 8 1.0
15 52 1.0
21 42 1.0
62 1 1.0
25 4 1.0
63 44 1.0
2 55 1.0
