*Vertices 64
1 "V0"
2 "V63"
3 "V52"
4 "V11"
5 "V15"
6 "V48"
7 "V45"
8 "V30"
9 "V29"
10 "V34"
11 "V33"
12 "V27"
13 "V9"
14 "V13"
15 "V17"
16 "V50"
17 "V28"
18 "V31"
19 "V35"
20 "V32"
21 "V46"
22 "V14"
23 "V51"
24 "V49"
25 "V16"
26 "V10"
27 "V53"
28 "V12"
29 "V47"
30 "V22"
31 "V26"
32 "V59"
33 "V37"
34 "V40"
35 "V44"
36 "V41"
37 "V55"
38 "V60"
39 "V58"
40 "V19"
41 "V25"
42 "V62"
43 "V56"
44 "V21"
45 "V23"
46 "V7"
47 "V5"
48 "V3"
49 "V1"
50 "V20"
51 "V61"
52 "V57"
53 "V24"
54 "V54"
55 "V38"
56 "V43"
57 "V42"
58 "V39"
59 "V36"
60 "V18"
61 "V6"
62 "V8"
63 "V4"
64 "V2"
*Arcs
1 21 1.0
30 38 1.0
11 17 1.0
16 57 1.0
47 64 1.0
23 50 1.0
63 39 1.0
4 27 1.0
30 22 1.0
8 5 1.0
58 5 1.0
10 43 1.0
34 45 1.0
1 39 1.0
17 16 1.0
4 10 1.0
39 53 1.0
52 63 1.0
9 8 1.0
13 2 1.0
1 26 1.0
15 6 1.0
29 21 1.0
21 15 1.0
14 22 1.0
15 5 1.0
60 53 1.0
6 27 1.0
59 16 1.0
40 5 1.0
54 63 1.0
37 14 1.0
46 52 1.0
33 19 1.0
62 38 1.0
41 46 1.0
56 37 1.0
23 60 1.0
35 46 1.0
29 14 1.0
51 37 1.0
31 23 1.0
22 63 1.0
20 22 1.0
11 59 1.0
5 18 1.0
48 46 1.0
51 29 1.0
30 36 1.0
31 63 1.0
16 23 1.0
55 50 1.0
44 23 1.0
43 34 1.0
43 33 1.0
13 64 1.0
58 25 1.0
12 39 1.0
26 45 1.0
7 64 1.0
7 17 1.0
38 7 1.0
43 1 1.0
42 7 1.0
17 27 1.0
25 49 1.0
10 38 1.0
47 25 1.0
10 22 1.0
49 14 1.0
23 26 1.0
15 10 1.0
47 32 1.0
2 26 1.0
45 26 1.0
19 44 1.0
61 18 1.0
3 40 1.0
27 40 1.0
61 49 1.0
28 7 1.0
53 21 1.0
36 64 1.0
56 21 1.0
57 49 1.0
58 17 1.0
49 19 1.0
8 15 1.0
14 10 1.0
38 22 1.0
18 40 1.0
32 16 1.0
60 23 1.0
64 20 1.0
40 46 1.0
24 13 1.0
6 15 1.0
50 4 1.0
31 4 1.0
22 53 1.0
56 5 1.0
3 37 1.0
35 44 1.0
6 16 1.0
33 26 1.0
41 4 1.0
54 44 1.0
62 26 1.0
46 63 1.0
37 23 1.0
12 26 1.0
63 46 1.0
44 25 1.0
23 16 1.0
16 33 1.0
30 50 1.0
48 20 1.0
5 7 1.0
42 26 1.0
20 17 1.0
51 62 1.0
11 19 1.0
39 63 1.0
52 2 1.0
4 25 1.0
34 50 1.0
9 23 1.0
28 2 1.0
18 4 1.0
19 59 1.0
45 15 1.0
34 33 1.0
19 47 1.0
22 7 1.0
59 4 1.0
26 23 1.0
60 28 1.0
27 21 1.0
46 23 1.0
21 48 1.0
29 20 1.0
1 17 1.0
9 27 1.0
49 4 1.0
60 26 1.0
38 45 1.0
32 64 1.0
57 18 1.0
14 27 1.0
8 4 1.0
34 9 1.0
35 5 1.0
14 20 1.0
36 27 1.0
53 20 1.0
33 11 1.0
55 61 1.0
40 31 1.0
50 23 1.0
37 26 1.0
45 25 1.0
62 43 1.0
6 35 1.0
24 14 1.0
64 23 1.0
18 13 1.0
64 34 1.0
40 4 1.0
17 22 1.0
25 2 1.0
7 49 1.0
51 28 1.0
52 53 1.0
21 53 1.0
58 53 1.0
12 60 1.0
43 5 1.0
26 28 1.0
13 26 1.0
52 21 1.0
59 5 1.0
61 28 1.0
45 23 1.0
3 22 1.0
3 7 1.0
53 27 1.0
47 48 1.0
15 46 1.0
2 12 1.0
10 12 1.0
61 17 1.0
2 45 1.0
19 32 1.0
64 16 1.0
40 64 1.0
46 37 1.0
4 20 1.0
59 43 1.0
59 49 1.0
5 60 1.0
62 28 1.0
7 35 1.0
41 45 1.0
27 25 1.0
41 5 1.0
54 60 1.0
9 26 1.0
36 26 1.0
39 36 1.0
4 16 1.0
39 24 1.0
28 23 1.0
60 51 1.0
8 13 1.0
29 55 1.0
1 3 1.0
49 26 1.0
29 19 1.0
16 49 1.0
23 56 1.0
63 25 1.0
44 28 1.0
11 40 1.0
17 3 1.0
34 41 1.0
58 28 1.0
20 26 1.0
26 17 1.0
52 7 1.0
30 26 1.0
35 1 1.0
24 25 1.0
27 63 1.0
56 33 1.0
31 47 1.0
22 46 1.0
51 38 1.0
42 63 1.0
20 53 1.0
5 28 1.0
48 64 1.0
3 32 1.0
27 23 1.0
61 34 1.0
45 4 1.0
19 62 1.0
33 57 1.0
57 4 1.0
36 21 1.0
36 60 1.0
28 37 1.0
32 31 1.0
53 15 1.0
21 35 1.0
39 50 1.0
42 39 1.0
7 18 1.0
17 18 1.0
25 27 1.0
46 11 1.0
2 47 1.0
48 26 1.0
10 45 1.0
15 26 1.0
47 20 1.0
50 32 1.0
13 46 1.0
50 10 1.0
55 27 1.0
33 46 1.0
53 35 1.0
43 58 1.0
13 47 1.0
54 46 1.0
12 28 1.0
37 45 1.0
31 26 1.0
18 48 1.0
57 44 1.0
38 63 1.0
14 47 1.0
32 20 1.0
22 21 1.0
50 12 1.0
18 12 1.0
24 30 1.0
64 26 1.0
6 37 1.0
48 43 1.0
39 18 1.0
2 22 1.0
4 48 1.0
52 60 1.0
9 63 1.0
17 49 1.0
26 18 1.0
30 63 1.0
34 26 1.0
9 58 1.0
11 32 1.0
58 32 1.0
44 1 1.0
11 64 1.0
23 8 1.0
63 50 1.0
16 26 1.0
63 49 1.0
20 45 1.0
5 62 1.0
35 14 1.0
5 63 1.0
42 23 1.0
51 21 1.0
56 48 1.0
56 45 1.0
16 58 1.0
22 41 1.0
38 62 1.0
31 55 1.0
54 45 1.0
54 37 1.0
41 25 1.0
62 48 1.0
21 26 1.0
33 4 1.0
25 17 1.0
28 53 1.0
59 21 1.0
40 37 1.0
46 1 1.0
6 25 1.0
49 27 1.0
1 23 1.0
29 4 1.0
8 14 1.0
60 63 1.0
35 37 1.0
7 45 1.0
25 4 1.0
32 45 1.0
42 49 1.0
37 7 1.0
12 48 1.0
43 18 1.0
12 27 1.0
26 48 1.0
37 36 1.0
55 44 1.0
41 28 1.0
44 57 1.0
55 64 1.0
44 10 1.0
13 21 1.0
24 47 1.0
64 39 1.0
24 59 1.0
48 45 1.0
20 27 1.0
50 25 1.0
38 64 1.0
49 1 1.0
14 26 1.0
32 53 1.0
18 63 1.0
8 1 1.0
28 26 1.0
53 46 1.0
57 64 1.0
55 19 1.0
36 58 1.0
57 37 1.0
45 60 1.0
19 26 1.0
27 22 1.0
47 63 1.0
3 26 1.0
61 27 1.0
10 49 1.0
15 45 1.0
21 33 1.0
62 63 1.0
25 15 1.0
63 13 1.0
2 39 1.0
