*Vertices 256
1 "V0"
2 "V174"
3 "V233"
4 "V89"
5 "V85"
6 "V119"
7 "V178"
8 "V30"
9 "V34"
10 "V64"
11 "V208"
12 "V123"
13 "V212"
14 "V9"
15 "V68"
16 "V153"
17 "V13"
18 "V17"
19 "V157"
20 "V246"
21 "V161"
22 "V102"
23 "V250"
24 "V106"
25 "V191"
26 "V51"
27 "V47"
28 "V195"
29 "V136"
30 "V225"
31 "V229"
32 "V140"
33 "V81"
34 "V22"
35 "V26"
36 "V255"
37 "V170"
38 "V111"
39 "V200"
40 "V115"
41 "V60"
42 "V56"
43 "V204"
44 "V145"
45 "V234"
46 "V5"
47 "V238"
48 "V1"
49 "V149"
50 "V90"
51 "V183"
52 "V242"
53 "V98"
54 "V94"
55 "V128"
56 "V187"
57 "V43"
58 "V39"
59 "V73"
60 "V217"
61 "V132"
62 "V221"
63 "V18"
64 "V77"
65 "V162"
66 "V166"
67 "V196"
68 "V137"
69 "V52"
70 "V48"
71 "V251"
72 "V192"
73 "V107"
74 "V103"
75 "V27"
76 "V86"
77 "V171"
78 "V175"
79 "V82"
80 "V141"
81 "V226"
82 "V230"
83 "V120"
84 "V209"
85 "V124"
86 "V31"
87 "V35"
88 "V179"
89 "V243"
90 "V14"
91 "V247"
92 "V10"
93 "V158"
94 "V99"
95 "V65"
96 "V213"
97 "V69"
98 "V154"
99 "V133"
100 "V218"
101 "V40"
102 "V44"
103 "V129"
104 "V188"
105 "V252"
106 "V19"
107 "V167"
108 "V23"
109 "V108"
110 "V74"
111 "V222"
112 "V78"
113 "V163"
114 "V205"
115 "V146"
116 "V61"
117 "V57"
118 "V201"
119 "V116"
120 "V112"
121 "V36"
122 "V95"
123 "V180"
124 "V184"
125 "V91"
126 "V150"
127 "V235"
128 "V6"
129 "V239"
130 "V2"
131 "V159"
132 "V100"
133 "V11"
134 "V248"
135 "V244"
136 "V15"
137 "V104"
138 "V45"
139 "V193"
140 "V189"
141 "V210"
142 "V121"
143 "V125"
144 "V155"
145 "V214"
146 "V66"
147 "V70"
148 "V87"
149 "V172"
150 "V231"
151 "V28"
152 "V32"
153 "V117"
154 "V176"
155 "V49"
156 "V53"
157 "V197"
158 "V138"
159 "V227"
160 "V142"
161 "V83"
162 "V96"
163 "V181"
164 "V240"
165 "V37"
166 "V41"
167 "V126"
168 "V185"
169 "V58"
170 "V62"
171 "V206"
172 "V147"
173 "V7"
174 "V3"
175 "V236"
176 "V151"
177 "V92"
178 "V168"
179 "V109"
180 "V20"
181 "V253"
182 "V24"
183 "V113"
184 "V54"
185 "V202"
186 "V198"
187 "V219"
188 "V130"
189 "V134"
190 "V164"
191 "V223"
192 "V75"
193 "V79"
194 "V63"
195 "V122"
196 "V211"
197 "V207"
198 "V118"
199 "V177"
200 "V29"
201 "V33"
202 "V173"
203 "V232"
204 "V84"
205 "V88"
206 "V228"
207 "V143"
208 "V139"
209 "V50"
210 "V135"
211 "V194"
212 "V190"
213 "V105"
214 "V46"
215 "V249"
216 "V16"
217 "V12"
218 "V245"
219 "V160"
220 "V101"
221 "V71"
222 "V67"
223 "V215"
224 "V156"
225 "V144"
226 "V59"
227 "V203"
228 "V199"
229 "V114"
230 "V55"
231 "V25"
232 "V21"
233 "V254"
234 "V169"
235 "V110"
236 "V76"
237 "V80"
238 "V224"
239 "V165"
240 "V72"
241 "V131"
242 "V220"
243 "V216"
244 "V127"
245 "V186"
246 "V38"
247 "V42"
248 "V182"
249 "V241"
250 "V93"
251 "V97"
252 "V237"
253 "V152"
254 "V8"
255 "V148"
256 "V4"
*Arcs
1 56 1.0
147 141 1.0
72 104 1.0
3 143 1.0
153 229 1.0
129 18 1.0
247 166 1.0
190 125 1.0
4 128 1.0
205 122 1.0
141 128 1.0
210 41 1.0
17 22 1.0
163 182 1.0
226 47 1.0
7 49 1.0
206 157 1.0
24 77 1.0
86 67 1.0
16 100 1.0
9 40 1.0
228 40 1.0
64 244 1.0
130 145 1.0
70 244 1.0
20 244 1.0
85 88 1.0
122 205 1.0
37 14 1.0
12 143 1.0
160 70 1.0
60 243 1.0
180 252 1.0
104 232 1.0
13 227 1.0
146 121 1.0
127 167 1.0
165 97 1.0
183 214 1.0
204 116 1.0
131 126 1.0
15 66 1.0
241 90 1.0
171 193 1.0
14 233 1.0
199 6 1.0
181 237 1.0
230 82 1.0
255 251 1.0
35 226 1.0
17 95 1.0
19 175 1.0
22 95 1.0
238 18 1.0
52 186 1.0
66 166 1.0
102 32 1.0
28 145 1.0
59 122 1.0
83 202 1.0
20 184 1.0
136 18 1.0
68 130 1.0
22 35 1.0
96 43 1.0
125 44 1.0
179 54 1.0
150 65 1.0
201 166 1.0
170 232 1.0
124 78 1.0
25 15 1.0
167 143 1.0
185 170 1.0
256 93 1.0
237 121 1.0
144 223 1.0
27 194 1.0
242 8 1.0
34 130 1.0
53 214 1.0
202 120 1.0
29 211 1.0
134 106 1.0
26 101 1.0
40 156 1.0
30 171 1.0
25 59 1.0
97 241 1.0
225 70 1.0
84 62 1.0
33 159 1.0
148 6 1.0
65 209 1.0
252 187 1.0
101 34 1.0
81 2 1.0
137 15 1.0
200 149 1.0
176 26 1.0
35 101 1.0
236 230 1.0
99 242 1.0
133 19 1.0
36 112 1.0
123 202 1.0
169 88 1.0
37 114 1.0
250 244 1.0
223 243 1.0
63 136 1.0
32 160 1.0
95 128 1.0
186 194 1.0
1 83 1.0
195 95 1.0
135 166 1.0
27 66 1.0
234 214 1.0
40 90 1.0
43 7 1.0
173 215 1.0
41 179 1.0
79 117 1.0
71 226 1.0
184 157 1.0
103 66 1.0
38 156 1.0
56 6 1.0
43 72 1.0
93 10 1.0
3 42 1.0
121 98 1.0
139 248 1.0
221 14 1.0
46 3 1.0
164 106 1.0
198 248 1.0
47 136 1.0
49 48 1.0
132 137 1.0
154 15 1.0
172 1 1.0
231 133 1.0
111 189 1.0
248 200 1.0
51 84 1.0
73 133 1.0
29 235 1.0
41 11 1.0
196 113 1.0
4 177 1.0
90 204 1.0
57 247 1.0
239 204 1.0
54 226 1.0
77 182 1.0
55 168 1.0
162 186 1.0
143 83 1.0
91 44 1.0
155 243 1.0
112 63 1.0
39 24 1.0
174 253 1.0
31 100 1.0
152 173 1.0
98 57 1.0
58 243 1.0
59 208 1.0
219 110 1.0
246 22 1.0
175 87 1.0
229 240 1.0
60 24 1.0
140 183 1.0
222 130 1.0
207 119 1.0
100 255 1.0
232 5 1.0
49 215 1.0
63 62 1.0
75 211 1.0
30 62 1.0
74 125 1.0
65 217 1.0
7 162 1.0
42 126 1.0
233 241 1.0
61 142 1.0
92 48 1.0
197 256 1.0
5 161 1.0
168 99 1.0
67 84 1.0
194 1 1.0
203 213 1.0
9 107 1.0
235 97 1.0
69 188 1.0
33 58 1.0
224 166 1.0
244 166 1.0
46 218 1.0
227 110 1.0
67 172 1.0
71 212 1.0
110 77 1.0
89 214 1.0
138 39 1.0
142 111 1.0
177 178 1.0
107 33 1.0
73 145 1.0
158 246 1.0
145 98 1.0
216 160 1.0
47 79 1.0
119 235 1.0
166 232 1.0
113 10 1.0
76 131 1.0
205 182 1.0
141 86 1.0
217 92 1.0
189 36 1.0
226 106 1.0
163 188 1.0
78 122 1.0
215 86 1.0
2 66 1.0
69 62 1.0
80 178 1.0
94 47 1.0
62 115 1.0
44 106 1.0
108 3 1.0
72 40 1.0
147 158 1.0
82 21 1.0
146 247 1.0
80 77 1.0
243 98 1.0
106 152 1.0
83 34 1.0
54 211 1.0
131 177 1.0
165 89 1.0
45 101 1.0
120 209 1.0
84 16 1.0
104 19 1.0
64 160 1.0
253 225 1.0
86 194 1.0
159 13 1.0
8 111 1.0
213 156 1.0
37 10 1.0
218 126 1.0
70 2 1.0
12 168 1.0
228 24 1.0
48 111 1.0
211 252 1.0
89 2 1.0
6 7 1.0
255 194 1.0
92 225 1.0
240 19 1.0
50 165 1.0
13 79 1.0
136 256 1.0
249 18 1.0
102 160 1.0
66 9 1.0
94 186 1.0
254 150 1.0
105 109 1.0
188 247 1.0
95 241 1.0
114 54 1.0
161 133 1.0
191 253 1.0
220 237 1.0
35 120 1.0
230 172 1.0
199 179 1.0
98 18 1.0
34 227 1.0
187 229 1.0
251 166 1.0
212 177 1.0
15 146 1.0
225 101 1.0
134 223 1.0
167 232 1.0
256 237 1.0
99 186 1.0
149 201 1.0
209 92 1.0
144 137 1.0
82 145 1.0
201 182 1.0
118 126 1.0
102 134 1.0
193 1 1.0
116 48 1.0
68 114 1.0
109 77 1.0
51 239 1.0
104 107 1.0
192 201 1.0
157 79 1.0
1 111 1.0
195 70 1.0
135 240 1.0
214 216 1.0
88 45 1.0
107 104 1.0
137 256 1.0
81 190 1.0
151 128 1.0
126 116 1.0
108 149 1.0
76 229 1.0
11 52 1.0
133 112 1.0
99 95 1.0
36 85 1.0
117 108 1.0
111 48 1.0
252 152 1.0
40 200 1.0
58 106 1.0
21 220 1.0
112 41 1.0
132 53 1.0
78 120 1.0
115 220 1.0
156 62 1.0
23 89 1.0
55 109 1.0
128 76 1.0
43 156 1.0
79 6 1.0
117 247 1.0
19 22 1.0
87 19 1.0
3 51 1.0
38 24 1.0
118 254 1.0
245 138 1.0
10 229 1.0
208 66 1.0
18 36 1.0
223 140 1.0
120 223 1.0
250 157 1.0
178 231 1.0
16 87 1.0
121 120 1.0
112 34 1.0
24 191 1.0
123 134 1.0
206 44 1.0
86 182 1.0
41 122 1.0
248 36 1.0
196 142 1.0
17 69 1.0
210 162 1.0
190 222 1.0
125 179 1.0
4 165 1.0
153 97 1.0
129 218 1.0
247 174 1.0
221 242 1.0
139 236 1.0
127 125 1.0
111 177 1.0
182 160 1.0
115 19 1.0
130 107 1.0
238 111 1.0
75 157 1.0
22 155 1.0
7 219 1.0
131 221 1.0
181 110 1.0
42 50 1.0
83 35 1.0
28 94 1.0
134 170 1.0
136 2 1.0
59 168 1.0
49 50 1.0
96 232 1.0
137 42 1.0
125 136 1.0
107 57 1.0
52 144 1.0
138 244 1.0
139 216 1.0
124 102 1.0
170 48 1.0
158 223 1.0
216 32 1.0
20 241 1.0
77 214 1.0
155 47 1.0
39 80 1.0
85 222 1.0
130 32 1.0
180 85 1.0
160 106 1.0
143 213 1.0
60 171 1.0
122 52 1.0
127 237 1.0
183 156 1.0
246 223 1.0
222 180 1.0
140 209 1.0
145 61 1.0
171 67 1.0
14 182 1.0
241 62 1.0
219 125 1.0
147 188 1.0
204 225 1.0
84 2 1.0
217 100 1.0
148 125 1.0
169 248 1.0
189 194 1.0
213 116 1.0
149 191 1.0
123 101 1.0
176 172 1.0
200 9 1.0
159 195 1.0
186 61 1.0
236 101 1.0
151 47 1.0
218 79 1.0
12 185 1.0
48 255 1.0
153 78 1.0
234 52 1.0
27 6 1.0
63 137 1.0
243 11 1.0
54 106 1.0
150 24 1.0
179 95 1.0
9 51 1.0
224 121 1.0
155 227 1.0
185 251 1.0
237 225 1.0
46 241 1.0
215 184 1.0
244 63 1.0
26 206 1.0
202 153 1.0
158 122 1.0
53 89 1.0
242 101 1.0
108 233 1.0
44 111 1.0
97 130 1.0
25 219 1.0
159 66 1.0
119 41 1.0
47 137 1.0
101 15 1.0
65 231 1.0
161 196 1.0
51 195 1.0
116 77 1.0
29 229 1.0
90 215 1.0
13 223 1.0
162 112 1.0
50 160 1.0
239 214 1.0
164 32 1.0
57 153 1.0
198 133 1.0
164 130 1.0
91 112 1.0
209 104 1.0
143 232 1.0
118 162 1.0
174 36 1.0
193 150 1.0
98 233 1.0
166 124 1.0
152 141 1.0
31 256 1.0
73 251 1.0
168 150 1.0
161 34 1.0
114 137 1.0
173 53 1.0
45 178 1.0
121 244 1.0
93 244 1.0
170 8 1.0
56 137 1.0
171 85 1.0
120 101 1.0
32 1 1.0
95 17 1.0
173 19 1.0
240 140 1.0
211 74 1.0
191 120 1.0
231 166 1.0
172 31 1.0
154 101 1.0
176 120 1.0
220 234 1.0
103 90 1.0
71 107 1.0
184 168 1.0
214 217 1.0
89 156 1.0
142 85 1.0
145 101 1.0
177 186 1.0
178 132 1.0
179 3 1.0
180 201 1.0
126 18 1.0
151 157 1.0
181 233 1.0
67 171 1.0
110 130 1.0
203 179 1.0
87 130 1.0
235 166 1.0
33 108 1.0
19 108 1.0
184 100 1.0
208 162 1.0
18 32 1.0
168 201 1.0
186 152 1.0
194 255 1.0
15 243 1.0
212 208 1.0
187 67 1.0
229 214 1.0
175 250 1.0
58 96 1.0
149 220 1.0
188 144 1.0
162 244 1.0
100 88 1.0
232 209 1.0
207 86 1.0
233 224 1.0
117 120 1.0
88 87 1.0
74 191 1.0
190 160 1.0
30 214 1.0
21 83 1.0
192 11 1.0
5 136 1.0
197 161 1.0
92 145 1.0
61 130 1.0
122 70 1.0
60 230 1.0
106 186 1.0
20 205 1.0
70 101 1.0
37 24 1.0
195 32 1.0
104 106 1.0
196 47 1.0
183 188 1.0
80 15 1.0
146 133 1.0
206 225 1.0
24 63 1.0
8 53 1.0
163 36 1.0
226 173 1.0
199 4 1.0
228 16 1.0
130 229 1.0
85 155 1.0
253 133 1.0
201 206 1.0
64 174 1.0
113 102 1.0
166 156 1.0
129 253 1.0
153 254 1.0
203 8 1.0
72 227 1.0
210 142 1.0
17 247 1.0
141 109 1.0
205 201 1.0
205 142 1.0
2 59 1.0
207 77 1.0
23 104 1.0
69 6 1.0
55 8 1.0
227 214 1.0
128 46 1.0
147 101 1.0
115 3 1.0
62 108 1.0
182 44 1.0
94 133 1.0
237 244 1.0
185 111 1.0
256 50 1.0
167 14 1.0
134 42 1.0
26 203 1.0
202 14 1.0
210 160 1.0
251 101 1.0
187 8 1.0
34 232 1.0
225 231 1.0
125 111 1.0
96 161 1.0
136 17 1.0
68 137 1.0
170 109 1.0
124 101 1.0
212 241 1.0
109 235 1.0
82 24 1.0
201 142 1.0
144 226 1.0
214 6 1.0
255 77 1.0
35 233 1.0
238 57 1.0
28 74 1.0
59 35 1.0
217 232 1.0
249 106 1.0
6 48 1.0
218 106 1.0
66 136 1.0
220 170 1.0
102 17 1.0
131 235 1.0
127 166 1.0
165 252 1.0
171 185 1.0
222 72 1.0
204 14 1.0
105 69 1.0
188 104 1.0
254 52 1.0
224 60 1.0
22 186 1.0
199 137 1.0
230 217 1.0
71 48 1.0
78 136 1.0
156 34 1.0
43 223 1.0
103 79 1.0
173 222 1.0
93 251 1.0
226 149 1.0
79 101 1.0
38 57 1.0
3 83 1.0
121 252 1.0
10 157 1.0
245 250 1.0
227 75 1.0
223 226 1.0
63 197 1.0
32 149 1.0
234 62 1.0
229 228 1.0
250 227 1.0
195 5 1.0
135 151 1.0
27 160 1.0
157 145 1.0
1 132 1.0
192 146 1.0
176 182 1.0
231 253 1.0
200 66 1.0
81 8 1.0
137 145 1.0
123 245 1.0
234 34 1.0
169 6 1.0
36 75 1.0
99 256 1.0
133 65 1.0
11 166 1.0
76 209 1.0
237 241 1.0
65 34 1.0
101 133 1.0
252 58 1.0
40 155 1.0
238 58 1.0
25 232 1.0
97 136 1.0
175 149 1.0
219 164 1.0
246 108 1.0
240 103 1.0
197 108 1.0
5 108 1.0
160 64 1.0
180 106 1.0
140 217 1.0
222 185 1.0
229 171 1.0
243 141 1.0
91 250 1.0
155 239 1.0
77 104 1.0
244 165 1.0
162 108 1.0
100 28 1.0
16 132 1.0
246 160 1.0
112 169 1.0
39 170 1.0
174 227 1.0
143 227 1.0
248 120 1.0
248 115 1.0
41 8 1.0
31 76 1.0
86 32 1.0
73 107 1.0
4 133 1.0
190 116 1.0
250 22 1.0
29 62 1.0
196 253 1.0
90 174 1.0
252 34 1.0
139 141 1.0
221 180 1.0
247 6 1.0
164 253 1.0
198 5 1.0
111 94 1.0
132 223 1.0
255 240 1.0
172 3 1.0
256 24 1.0
231 62 1.0
163 256 1.0
2 35 1.0
213 20 1.0
189 94 1.0
226 87 1.0
148 42 1.0
84 59 1.0
217 130 1.0
166 120 1.0
113 246 1.0
5 102 1.0
37 54 1.0
6 98 1.0
54 134 1.0
12 204 1.0
218 46 1.0
70 247 1.0
8 89 1.0
236 226 1.0
186 54 1.0
48 227 1.0
159 88 1.0
8 186 1.0
253 235 1.0
131 15 1.0
10 154 1.0
165 124 1.0
45 120 1.0
120 186 1.0
11 46 1.0
56 146 1.0
95 137 1.0
80 117 1.0
106 252 1.0
243 200 1.0
255 15 1.0
14 36 1.0
191 227 1.0
35 89 1.0
220 108 1.0
154 167 1.0
16 183 1.0
184 62 1.0
105 217 1.0
188 256 1.0
254 256 1.0
114 90 1.0
161 101 1.0
74 148 1.0
30 242 1.0
75 24 1.0
49 225 1.0
18 214 1.0
110 120 1.0
14 134 1.0
181 62 1.0
241 12 1.0
42 133 1.0
7 44 1.0
21 133 1.0
177 57 1.0
145 161 1.0
216 243 1.0
158 32 1.0
194 179 1.0
67 87 1.0
23 205 1.0
83 55 1.0
52 83 1.0
138 160 1.0
107 217 1.0
24 108 1.0
227 122 1.0
26 146 1.0
33 214 1.0
215 140 1.0
244 133 1.0
46 255 1.0
179 128 1.0
28 178 1.0
168 65 1.0
224 191 1.0
150 27 1.0
9 215 1.0
147 184 1.0
44 205 1.0
47 99 1.0
119 120 1.0
72 214 1.0
31 248 1.0
32 126 1.0
2 64 1.0
69 121 1.0
108 252 1.0
242 106 1.0
53 9 1.0
126 105 1.0
34 86 1.0
192 101 1.0
137 108 1.0
81 103 1.0
151 160 1.0
89 169 1.0
178 160 1.0
214 46 1.0
157 193 1.0
142 18 1.0
36 11 1.0
208 109 1.0
18 209 1.0
38 248 1.0
250 2 1.0
223 160 1.0
203 122 1.0
235 10 1.0
87 106 1.0
245 21 1.0
10 58 1.0
39 177 1.0
55 133 1.0
43 207 1.0
128 179 1.0
79 237 1.0
19 114 1.0
42 91 1.0
62 14 1.0
182 41 1.0
94 97 1.0
78 223 1.0
44 24 1.0
23 247 1.0
156 214 1.0
153 36 1.0
139 148 1.0
45 137 1.0
221 193 1.0
115 101 1.0
48 62 1.0
141 76 1.0
17 72 1.0
50 194 1.0
205 174 1.0
190 170 1.0
129 49 1.0
247 136 1.0
240 120 1.0
211 83 1.0
52 234 1.0
6 36 1.0
249 44 1.0
57 201 1.0
239 21 1.0
53 255 1.0
50 64 1.0
13 32 1.0
136 163 1.0
68 34 1.0
116 162 1.0
51 116 1.0
109 223 1.0
56 238 1.0
82 83 1.0
98 256 1.0
152 231 1.0
57 165 1.0
118 119 1.0
193 225 1.0
167 89 1.0
256 161 1.0
149 223 1.0
209 136 1.0
134 135 1.0
187 221 1.0
251 147 1.0
61 100 1.0
207 8 1.0
232 217 1.0
212 86 1.0
62 88 1.0
15 193 1.0
252 18 1.0
58 107 1.0
40 194 1.0
76 144 1.0
21 170 1.0
64 114 1.0
61 231 1.0
11 62 1.0
92 256 1.0
88 56 1.0
66 218 1.0
233 210 1.0
117 243 1.0
53 240 1.0
202 5 1.0
68 122 1.0
215 13 1.0
26 247 1.0
244 214 1.0
185 145 1.0
46 126 1.0
237 233 1.0
144 202 1.0
70 185 1.0
201 106 1.0
150 157 1.0
179 8 1.0
72 17 1.0
124 156 1.0
170 166 1.0
158 66 1.0
216 235 1.0
96 233 1.0
125 102 1.0
74 52 1.0
66 122 1.0
102 69 1.0
176 27 1.0
200 191 1.0
75 62 1.0
213 107 1.0
77 93 1.0
159 179 1.0
36 52 1.0
123 111 1.0
169 8 1.0
84 52 1.0
99 33 1.0
133 111 1.0
65 44 1.0
79 111 1.0
148 162 1.0
119 182 1.0
47 172 1.0
101 77 1.0
97 69 1.0
25 234 1.0
81 83 1.0
242 253 1.0
34 217 1.0
225 5 1.0
180 100 1.0
60 107 1.0
122 14 1.0
146 126 1.0
160 130 1.0
20 75 1.0
85 136 1.0
130 6 1.0
77 121 1.0
85 124 1.0
155 26 1.0
16 229 1.0
86 108 1.0
206 51 1.0
228 191 1.0
64 146 1.0
87 55 1.0
41 62 1.0
210 141 1.0
24 256 1.0
88 180 1.0
248 160 1.0
90 172 1.0
59 45 1.0
28 93 1.0
83 45 1.0
91 248 1.0
52 30 1.0
199 194 1.0
93 163 1.0
22 184 1.0
238 59 1.0
75 217 1.0
49 200 1.0
204 184 1.0
171 59 1.0
14 31 1.0
241 19 1.0
181 231 1.0
230 27 1.0
104 14 1.0
96 65 1.0
183 155 1.0
127 17 1.0
246 52 1.0
219 233 1.0
97 143 1.0
222 145 1.0
207 205 1.0
100 175 1.0
232 159 1.0
162 213 1.0
21 2 1.0
175 30 1.0
58 136 1.0
229 177 1.0
140 99 1.0
100 30 1.0
112 231 1.0
98 170 1.0
101 189 1.0
152 52 1.0
31 9 1.0
73 200 1.0
149 166 1.0
103 188 1.0
91 223 1.0
209 128 1.0
143 156 1.0
39 223 1.0
174 160 1.0
105 102 1.0
89 94 1.0
142 108 1.0
126 226 1.0
106 154 1.0
67 214 1.0
110 200 1.0
177 75 1.0
145 230 1.0
18 207 1.0
138 194 1.0
107 102 1.0
109 75 1.0
61 68 1.0
92 2 1.0
233 101 1.0
110 35 1.0
5 133 1.0
197 227 1.0
30 229 1.0
74 48 1.0
151 104 1.0
7 57 1.0
42 108 1.0
113 202 1.0
56 241 1.0
114 226 1.0
95 124 1.0
3 113 1.0
121 14 1.0
38 228 1.0
161 156 1.0
93 32 1.0
116 80 1.0
103 32 1.0
114 179 1.0
173 250 1.0
1 214 1.0
186 78 1.0
236 102 1.0
27 168 1.0
135 230 1.0
195 108 1.0
54 235 1.0
234 117 1.0
119 125 1.0
32 81 1.0
243 18 1.0
63 93 1.0
164 138 1.0
239 251 1.0
57 196 1.0
122 128 1.0
196 189 1.0
4 92 1.0
90 116 1.0
29 18 1.0
116 90 1.0
51 225 1.0
124 111 1.0
71 64 1.0
184 145 1.0
154 108 1.0
126 153 1.0
132 117 1.0
111 55 1.0
231 138 1.0
172 165 1.0
128 59 1.0
240 128 1.0
211 17 1.0
198 222 1.0
129 180 1.0
249 96 1.0
102 108 1.0
6 95 1.0
50 163 1.0
66 186 1.0
132 215 1.0
255 30 1.0
133 18 1.0
35 46 1.0
28 193 1.0
135 14 1.0
59 95 1.0
82 6 1.0
201 174 1.0
109 173 1.0
138 239 1.0
193 175 1.0
144 48 1.0
68 165 1.0
13 65 1.0
136 80 1.0
124 234 1.0
140 173 1.0
170 17 1.0
146 80 1.0
104 65 1.0
120 20 1.0
141 254 1.0
45 225 1.0
165 231 1.0
37 164 1.0
142 8 1.0
122 41 1.0
60 176 1.0
106 170 1.0
80 126 1.0
105 83 1.0
199 41 1.0
230 256 1.0
144 135 1.0
191 197 1.0
220 136 1.0
131 67 1.0
146 75 1.0
204 3 1.0
171 120 1.0
188 53 1.0
254 214 1.0
226 24 1.0
189 199 1.0
217 137 1.0
141 199 1.0
205 111 1.0
148 41 1.0
113 172 1.0
166 128 1.0
129 244 1.0
153 22 1.0
150 77 1.0
218 81 1.0
70 214 1.0
12 108 1.0
228 180 1.0
48 145 1.0
64 211 1.0
253 57 1.0
152 172 1.0
206 186 1.0
8 1 1.0
24 130 1.0
163 44 1.0
154 19 1.0
33 48 1.0
227 115 1.0
128 185 1.0
203 214 1.0
9 145 1.0
224 14 1.0
156 130 1.0
168 247 1.0
157 127 1.0
235 247 1.0
208 69 1.0
194 32 1.0
72 26 1.0
147 60 1.0
62 179 1.0
44 75 1.0
108 220 1.0
2 165 1.0
160 78 1.0
94 166 1.0
55 40 1.0
23 80 1.0
69 45 1.0
196 138 1.0
17 24 1.0
4 254 1.0
41 87 1.0
210 231 1.0
73 92 1.0
248 110 1.0
163 245 1.0
16 227 1.0
31 8 1.0
86 48 1.0
39 191 1.0
165 185 1.0
112 164 1.0
20 118 1.0
85 9 1.0
130 115 1.0
167 22 1.0
162 47 1.0
77 126 1.0
155 78 1.0
160 120 1.0
180 130 1.0
100 83 1.0
3 160 1.0
19 117 1.0
87 235 1.0
169 87 1.0
43 101 1.0
79 95 1.0
103 198 1.0
173 193 1.0
71 44 1.0
78 32 1.0
156 128 1.0
172 160 1.0
111 214 1.0
132 52 1.0
182 98 1.0
115 179 1.0
174 16 1.0
221 133 1.0
139 256 1.0
175 182 1.0
198 64 1.0
164 224 1.0
247 90 1.0
190 14 1.0
177 195 1.0
81 169 1.0
200 256 1.0
137 251 1.0
88 220 1.0
178 180 1.0
117 200 1.0
195 155 1.0
157 46 1.0
1 130 1.0
192 51 1.0
176 61 1.0
182 223 1.0
223 247 1.0
63 148 1.0
250 128 1.0
178 101 1.0
183 207 1.0
135 200 1.0
214 2 1.0
38 255 1.0
185 32 1.0
245 162 1.0
10 119 1.0
32 69 1.0
134 44 1.0
26 255 1.0
202 27 1.0
118 130 1.0
256 1 1.0
167 248 1.0
225 233 1.0
34 222 1.0
189 101 1.0
251 73 1.0
187 203 1.0
252 54 1.0
40 15 1.0
101 41 1.0
212 34 1.0
15 58 1.0
191 244 1.0
133 255 1.0
36 190 1.0
99 93 1.0
65 137 1.0
193 203 1.0
11 42 1.0
76 223 1.0
45 81 1.0
120 62 1.0
121 3 1.0
93 78 1.0
194 176 1.0
161 88 1.0
80 57 1.0
106 18 1.0
56 228 1.0
95 47 1.0
197 252 1.0
218 248 1.0
234 140 1.0
27 214 1.0
198 10 1.0
243 53 1.0
54 215 1.0
253 151 1.0
200 162 1.0
236 135 1.0
186 172 1.0
12 152 1.0
48 160 1.0
123 128 1.0
202 256 1.0
169 149 1.0
159 65 1.0
8 107 1.0
213 95 1.0
148 144 1.0
113 134 1.0
204 137 1.0
189 138 1.0
84 36 1.0
217 193 1.0
25 27 1.0
206 52 1.0
97 222 1.0
47 81 1.0
166 223 1.0
119 127 1.0
242 27 1.0
53 136 1.0
2 220 1.0
208 2 1.0
44 21 1.0
108 8 1.0
215 112 1.0
244 128 1.0
69 247 1.0
185 24 1.0
237 201 1.0
46 227 1.0
224 226 1.0
9 114 1.0
209 175 1.0
179 32 1.0
211 40 1.0
150 149 1.0
194 27 1.0
168 179 1.0
96 101 1.0
216 66 1.0
158 10 1.0
107 8 1.0
213 9 1.0
125 174 1.0
83 147 1.0
52 136 1.0
138 67 1.0
67 80 1.0
215 5 1.0
110 224 1.0
49 77 1.0
216 204 1.0
238 62 1.0
75 169 1.0
22 161 1.0
7 65 1.0
219 187 1.0
181 59 1.0
42 156 1.0
241 64 1.0
197 241 1.0
14 59 1.0
5 100 1.0
219 64 1.0
221 243 1.0
246 156 1.0
127 59 1.0
183 87 1.0
223 193 1.0
140 126 1.0
222 106 1.0
33 156 1.0
227 138 1.0
128 159 1.0
55 162 1.0
23 27 1.0
156 102 1.0
78 99 1.0
225 166 1.0
94 101 1.0
62 174 1.0
182 119 1.0
115 186 1.0
145 78 1.0
177 126 1.0
18 217 1.0
208 243 1.0
10 36 1.0
245 102 1.0
228 133 1.0
203 136 1.0
235 133 1.0
87 174 1.0
19 68 1.0
230 141 1.0
126 154 1.0
30 221 1.0
151 1 1.0
157 102 1.0
232 14 1.0
192 130 1.0
89 130 1.0
142 237 1.0
233 166 1.0
235 213 1.0
178 122 1.0
214 87 1.0
21 162 1.0
236 126 1.0
175 56 1.0
58 21 1.0
11 217 1.0
92 137 1.0
76 55 1.0
233 162 1.0
117 198 1.0
61 136 1.0
74 22 1.0
239 105 1.0
88 165 1.0
251 128 1.0
187 149 1.0
232 128 1.0
209 87 1.0
149 157 1.0
241 89 1.0
212 243 1.0
242 15 1.0
229 36 1.0
207 161 1.0
15 175 1.0
82 61 1.0
98 112 1.0
152 223 1.0
51 233 1.0
116 235 1.0
109 146 1.0
245 186 1.0
174 204 1.0
91 109 1.0
143 122 1.0
247 245 1.0
118 201 1.0
193 75 1.0
239 1 1.0
249 111 1.0
57 228 1.0
6 100 1.0
211 61 1.0
249 69 1.0
29 50 1.0
90 77 1.0
13 249 1.0
251 102 1.0
50 215 1.0
154 255 1.0
253 80 1.0
105 239 1.0
184 134 1.0
188 186 1.0
114 245 1.0
254 9 1.0
240 97 1.0
172 100 1.0
254 252 1.0
191 222 1.0
231 43 1.0
220 227 1.0
