*Vertices 32
1 "V0"
2 "V22"
3 "V26"
4 "V11"
5 "V15"
6 "V30"
7 "V29"
8 "V27"
9 "V25"
10 "V19"
11 "V21"
12 "V23"
13 "V9"
14 "V7"
15 "V5"
16 "V3"
17 "V1"
18 "V13"
19 "V17"
20 "V20"
21 "V24"
22 "V31"
23 "V28"
24 "V14"
25 "V10"
26 "V16"
27 "V12"
28 "V18"
29 "V8"
30 "V6"
31 "V4"
32 "V2"
*Arcs
14 1 1.0
12 7 1.0
20 16 1.0
18 14 1.0
22 9 1.0
25 9 1.0
4 5 1.0
14 5 1.0
28 20 1.0
17 28 1.0
10 24 1.0
19 16 1.0
19 31 1.0
3 29 1.0
1 7 1.0
32 5 1.0
19 5 1.0
32 11 1.0
27 26 1.0
18 9 1.0
6 15 1.0
24 7 1.0
27 8 1.0
2 14 1.0
10 16 1.0
16 6 1.0
5 31 1.0
10 9 1.0
8 4 1.0
19 18 1.0
9 11 1.0
32 21 1.0
6 21 1.0
15 21 1.0
26 13 1.0
12 27 1.0
2 13 1.0
32 27 1.0
8 32 1.0
5 32 1.0
5 17 1.0
21 1 1.0
28 13 1.0
29 27 1.0
17 2 1.0
11 21 1.0
14 21 1.0
7 2 1.0
4 11 1.0
22 29 1.0
26 32 1.0
1 16 1.0
23 17 1.0
8 1 1.0
