*Vertices 32
1 "V0"
2 "V22"
3 "V26"
4 "V11"
5 "V15"
6 "V30"
7 "V29"
8 "V27"
9 "V25"
10 "V19"
11 "V21"
12 "V23"
13 "V9"
14 "V7"
15 "V5"
16 "V3"
17 "V1"
18 "V13"
19 "V17"
20 "V20"
21 "V24"
22 "V31"
23 "V28"
24 "V14"
25 "V10"
26 "V16"
27 "V12"
28 "V18"
29 "V8"
30 "V6"
31 "V4"
32 "V2"
*Arcs
8 23 1.0
32 1 1.0
7 3 1.0
10 28 1.0
11 17 1.0
29 26 1.0
3 32 1.0
12 5 1.0
18 11 1.0
17 10 1.0
20 7 1.0
23 14 1.0
31 15 1.0
28 15 1.0
1 22 1.0
7 4 1.0
3 11 1.0
28 11 1.0
25 2 1.0
18 17 1.0
2 3 1.0
5 3 1.0
4 27 1.0
31 27 1.0
21 27 1.0
16 32 1.0
8 3 1.0
29 16 1.0
11 23 1.0
15 26 1.0
13 8 1.0
9 31 1.0
23 28 1.0
13 11 1.0
4 15 1.0
6 23 1.0
19 10 1.0
26 13 1.0
25 13 1.0
11 29 1.0
2 13 1.0
23 12 1.0
14 21 1.0
10 21 1.0
3 21 1.0
17 5 1.0
10 5 1.0
16 31 1.0
11 31 1.0
2 19 1.0
17 6 1.0
10 23 1.0
4 30 1.0
14 20 1.0
4 2 1.0
29 14 1.0
19 6 1.0
32 11 1.0
18 4 1.0
7 25 1.0
8 13 1.0
12 4 1.0
4 9 1.0
19 9 1.0
16 17 1.0
21 1 1.0
18 1 1.0
31 1 1.0
27 3 1.0
29 3 1.0
12 26 1.0
31 19 1.0
24 6 1.0
24 23 1.0
6 10 1.0
32 28 1.0
9 16 1.0
14 31 1.0
28 19 1.0
18 2 1.0
11 6 1.0
28 20 1.0
21 13 1.0
9 14 1.0
32 14 1.0
3 18 1.0
29 12 1.0
23 2 1.0
4 12 1.0
19 16 1.0
9 8 1.0
26 8 1.0
17 24 1.0
6 18 1.0
31 23 1.0
13 24 1.0
16 21 1.0
8 4 1.0
12 11 1.0
28 13 1.0
8 29 1.0
4 11 1.0
32 7 1.0
11 10 1.0
22 31 1.0
6 28 1.0
27 15 1.0
21 23 1.0
2 31 1.0
20 23 1.0
22 5 1.0
11 5 1.0
7 23 1.0
14 26 1.0
23 21 1.0
18 5 1.0
9 21 1.0
25 21 1.0
24 11 1.0
2 12 1.0
27 13 1.0
32 2 1.0
25 15 1.0
13 30 1.0
4 22 1.0
27 10 1.0
9 7 1.0
27 29 1.0
30 32 1.0
20 17 1.0
32 16 1.0
12 17 1.0
23 3 1.0
30 8 1.0
9 28 1.0
4 28 1.0
32 27 1.0
11 18 1.0
14 27 1.0
21 3 1.0
28 3 1.0
12 27 1.0
22 21 1.0
17 4 1.0
25 12 1.0
30 14 1.0
8 14 1.0
8 2 1.0
10 20 1.0
9 6 1.0
3 13 1.0
10 31 1.0
12 16 1.0
1 31 1.0
13 23 1.0
19 23 1.0
22 10 1.0
23 10 1.0
15 31 1.0
22 18 1.0
7 18 1.0
28 24 1.0
22 8 1.0
19 8 1.0
14 24 1.0
24 9 1.0
12 18 1.0
22 2 1.0
19 4 1.0
4 25 1.0
27 2 1.0
20 6 1.0
23 30 1.0
30 11 1.0
25 20 1.0
18 14 1.0
13 6 1.0
25 30 1.0
23 7 1.0
10 19 1.0
27 19 1.0
5 6 1.0
3 19 1.0
24 3 1.0
3 26 1.0
4 3 1.0
14 3 1.0
14 17 1.0
7 1 1.0
11 1 1.0
15 1 1.0
