*Vertices 128
1 "V0"
2 "V100"
3 "V11"
4 "V89"
5 "V15"
6 "V85"
7 "V119"
8 "V104"
9 "V45"
10 "V30"
11 "V34"
12 "V64"
13 "V123"
14 "V121"
15 "V125"
16 "V9"
17 "V68"
18 "V66"
19 "V70"
20 "V13"
21 "V17"
22 "V87"
23 "V28"
24 "V102"
25 "V117"
26 "V32"
27 "V106"
28 "V51"
29 "V49"
30 "V47"
31 "V53"
32 "V81"
33 "V83"
34 "V22"
35 "V26"
36 "V96"
37 "V37"
38 "V111"
39 "V126"
40 "V41"
41 "V115"
42 "V60"
43 "V58"
44 "V56"
45 "V62"
46 "V7"
47 "V5"
48 "V3"
49 "V1"
50 "V90"
51 "V92"
52 "V109"
53 "V98"
54 "V20"
55 "V24"
56 "V94"
57 "V113"
58 "V54"
59 "V43"
60 "V39"
61 "V73"
62 "V18"
63 "V77"
64 "V75"
65 "V79"
66 "V63"
67 "V122"
68 "V52"
69 "V48"
70 "V118"
71 "V107"
72 "V29"
73 "V103"
74 "V33"
75 "V27"
76 "V86"
77 "V84"
78 "V88"
79 "V82"
80 "V120"
81 "V50"
82 "V124"
83 "V31"
84 "V35"
85 "V105"
86 "V46"
87 "V14"
88 "V10"
89 "V16"
90 "V12"
91 "V101"
92 "V99"
93 "V65"
94 "V71"
95 "V67"
96 "V69"
97 "V59"
98 "V40"
99 "V44"
100 "V114"
101 "V55"
102 "V25"
103 "V19"
104 "V21"
105 "V110"
106 "V108"
107 "V23"
108 "V76"
109 "V74"
110 "V80"
111 "V78"
112 "V72"
113 "V61"
114 "V57"
115 "V127"
116 "V38"
117 "V116"
118 "V112"
119 "V42"
120 "V36"
121 "V95"
122 "V93"
123 "V97"
124 "V91"
125 "V8"
126 "V6"
127 "V4"
128 "V2"
*Arcs
36 50 1.0
1 122 1.0
104 28 1.0
95 126 1.0
100 92 1.0
4 8 1.0
116 119 1.0
6 2 1.0
88 29 1.0
44 31 1.0
11 63 1.0
73 91 1.0
75 27 1.0
109 48 1.0
14 22 1.0
13 19 1.0
9 126 1.0
89 63 1.0
51 2 1.0
66 37 1.0
105 55 1.0
17 63 1.0
11 77 1.0
32 96 1.0
68 41 1.0
20 3 1.0
115 87 1.0
47 50 1.0
19 25 1.0
92 16 1.0
107 84 1.0
40 94 1.0
24 20 1.0
117 116 1.0
97 52 1.0
78 126 1.0
90 79 1.0
10 117 1.0
85 29 1.0
30 106 1.0
69 12 1.0
13 1 1.0
49 118 1.0
63 58 1.0
103 29 1.0
56 127 1.0
118 20 1.0
32 124 1.0
18 91 1.0
101 117 1.0
35 50 1.0
91 69 1.0
37 20 1.0
33 113 1.0
125 38 1.0
7 58 1.0
99 87 1.0
50 69 1.0
35 81 1.0
112 60 1.0
41 77 1.0
74 122 1.0
106 126 1.0
42 90 1.0
65 97 1.0
5 65 1.0
113 120 1.0
123 111 1.0
47 79 1.0
34 20 1.0
39 119 1.0
127 23 1.0
81 34 1.0
3 72 1.0
76 48 1.0
41 112 1.0
60 24 1.0
17 89 1.0
56 62 1.0
1 3 1.0
67 92 1.0
64 103 1.0
8 49 1.0
23 35 1.0
114 105 1.0
60 58 1.0
61 127 1.0
12 34 1.0
21 17 1.0
122 91 1.0
86 50 1.0
62 96 1.0
31 21 1.0
126 2 1.0
79 92 1.0
84 26 1.0
38 92 1.0
20 14 1.0
4 11 1.0
42 10 1.0
27 34 1.0
68 81 1.0
83 90 1.0
55 12 1.0
2 88 1.0
94 125 1.0
25 107 1.0
71 95 1.0
119 19 1.0
95 125 1.0
76 75 1.0
57 76 1.0
116 78 1.0
77 105 1.0
16 14 1.0
111 124 1.0
82 29 1.0
128 73 1.0
29 52 1.0
121 56 1.0
54 116 1.0
124 102 1.0
9 40 1.0
80 49 1.0
80 79 1.0
45 16 1.0
89 90 1.0
24 54 1.0
83 38 1.0
44 90 1.0
61 20 1.0
75 52 1.0
107 89 1.0
88 2 1.0
53 109 1.0
117 41 1.0
98 68 1.0
96 90 1.0
92 60 1.0
11 61 1.0
93 65 1.0
52 106 1.0
115 72 1.0
28 17 1.0
110 23 1.0
47 20 1.0
30 77 1.0
13 98 1.0
56 31 1.0
72 52 1.0
49 64 1.0
108 27 1.0
43 41 1.0
85 77 1.0
99 124 1.0
22 3 1.0
90 12 1.0
91 36 1.0
102 126 1.0
112 7 1.0
46 33 1.0
58 112 1.0
107 61 1.0
118 59 1.0
120 89 1.0
33 23 1.0
62 128 1.0
93 29 1.0
111 52 1.0
15 103 1.0
48 81 1.0
65 34 1.0
26 10 1.0
71 5 1.0
114 119 1.0
113 90 1.0
87 125 1.0
50 5 1.0
59 107 1.0
70 17 1.0
118 90 1.0
73 128 1.0
120 97 1.0
88 19 1.0
114 116 1.0
6 46 1.0
60 30 1.0
124 100 1.0
100 128 1.0
17 7 1.0
36 45 1.0
104 96 1.0
81 38 1.0
128 9 1.0
68 87 1.0
126 3 1.0
32 12 1.0
55 89 1.0
92 116 1.0
5 56 1.0
25 127 1.0
8 79 1.0
19 116 1.0
20 110 1.0
78 28 1.0
40 83 1.0
109 37 1.0
23 98 1.0
86 128 1.0
15 117 1.0
14 36 1.0
66 55 1.0
51 111 1.0
21 29 1.0
84 34 1.0
19 82 1.0
105 49 1.0
37 68 1.0
57 74 1.0
77 72 1.0
125 121 1.0
101 47 1.0
24 27 1.0
23 86 1.0
35 105 1.0
25 27 1.0
61 70 1.0
99 112 1.0
7 17 1.0
97 87 1.0
29 56 1.0
27 25 1.0
10 2 1.0
63 70 1.0
128 57 1.0
82 34 1.0
69 1 1.0
121 110 1.0
103 111 1.0
18 71 1.0
33 95 1.0
76 1 1.0
98 72 1.0
41 116 1.0
36 5 1.0
96 54 1.0
34 125 1.0
64 116 1.0
72 90 1.0
8 36 1.0
40 81 1.0
43 1 1.0
3 126 1.0
106 125 1.0
74 77 1.0
45 122 1.0
45 18 1.0
5 83 1.0
124 9 1.0
123 55 1.0
46 104 1.0
28 102 1.0
127 64 1.0
39 14 1.0
110 96 1.0
94 122 1.0
70 74 1.0
52 26 1.0
54 34 1.0
31 120 1.0
102 2 1.0
2 57 1.0
42 23 1.0
71 87 1.0
58 67 1.0
119 57 1.0
87 92 1.0
4 104 1.0
122 70 1.0
62 9 1.0
12 127 1.0
1 20 1.0
67 56 1.0
30 1 1.0
79 124 1.0
46 57 1.0
38 126 1.0
64 70 1.0
120 74 1.0
80 55 1.0
9 35 1.0
109 65 1.0
67 23 1.0
89 87 1.0
51 113 1.0
44 29 1.0
6 74 1.0
16 26 1.0
75 62 1.0
74 16 1.0
73 5 1.0
95 123 1.0
54 20 1.0
116 72 1.0
100 21 1.0
78 70 1.0
48 84 1.0
111 23 1.0
83 64 1.0
36 111 1.0
29 105 1.0
15 10 1.0
85 35 1.0
10 92 1.0
108 111 1.0
13 6 1.0
49 3 1.0
69 119 1.0
117 36 1.0
40 119 1.0
22 105 1.0
90 34 1.0
97 82 1.0
86 112 1.0
68 102 1.0
53 33 1.0
90 94 1.0
107 36 1.0
91 11 1.0
19 29 1.0
66 10 1.0
52 46 1.0
95 120 1.0
11 20 1.0
115 34 1.0
47 128 1.0
32 116 1.0
65 37 1.0
26 6 1.0
106 69 1.0
97 57 1.0
113 10 1.0
50 20 1.0
5 36 1.0
59 72 1.0
100 37 1.0
7 31 1.0
112 43 1.0
35 126 1.0
91 79 1.0
102 110 1.0
58 25 1.0
125 26 1.0
33 116 1.0
37 40 1.0
118 12 1.0
110 93 1.0
93 54 1.0
103 90 1.0
56 12 1.0
12 66 1.0
112 59 1.0
105 67 1.0
86 1 1.0
122 63 1.0
21 3 1.0
64 12 1.0
14 46 1.0
115 118 1.0
116 87 1.0
8 80 1.0
23 24 1.0
88 120 1.0
76 73 1.0
114 70 1.0
41 91 1.0
122 5 1.0
60 103 1.0
104 126 1.0
123 1 1.0
17 55 1.0
39 70 1.0
127 70 1.0
127 87 1.0
81 70 1.0
16 37 1.0
77 69 1.0
57 36 1.0
116 63 1.0
18 43 1.0
6 96 1.0
80 84 1.0
7 50 1.0
61 16 1.0
24 37 1.0
10 28 1.0
75 87 1.0
101 13 1.0
12 30 1.0
45 9 1.0
89 72 1.0
124 59 1.0
99 97 1.0
16 67 1.0
28 103 1.0
115 29 1.0
47 25 1.0
110 48 1.0
74 113 1.0
52 124 1.0
31 16 1.0
21 66 1.0
92 46 1.0
84 89 1.0
79 93 1.0
126 80 1.0
25 1 1.0
119 23 1.0
78 26 1.0
55 83 1.0
94 9 1.0
27 94 1.0
27 3 1.0
28 46 1.0
83 57 1.0
20 127 1.0
42 87 1.0
121 53 1.0
54 18 1.0
128 77 1.0
63 116 1.0
29 7 1.0
82 98 1.0
2 73 1.0
34 124 1.0
58 116 1.0
112 125 1.0
102 52 1.0
59 65 1.0
70 102 1.0
38 36 1.0
113 103 1.0
4 125 1.0
87 70 1.0
26 116 1.0
71 110 1.0
44 68 1.0
81 107 1.0
15 105 1.0
48 79 1.0
111 126 1.0
104 46 1.0
36 56 1.0
49 94 1.0
60 90 1.0
100 26 1.0
50 116 1.0
95 111 1.0
53 24 1.0
34 128 1.0
96 28 1.0
53 10 1.0
117 20 1.0
98 116 1.0
22 81 1.0
3 10 1.0
43 55 1.0
59 56 1.0
85 79 1.0
72 80 1.0
108 10 1.0
67 3 1.0
1 24 1.0
30 3 1.0
62 5 1.0
56 80 1.0
93 87 1.0
38 27 1.0
63 45 1.0
120 20 1.0
46 126 1.0
33 8 1.0
13 125 1.0
49 23 1.0
63 87 1.0
10 95 1.0
27 56 1.0
69 25 1.0
97 125 1.0
90 70 1.0
78 109 1.0
40 32 1.0
25 89 1.0
73 75 1.0
19 101 1.0
101 55 1.0
75 98 1.0
125 96 1.0
77 36 1.0
37 74 1.0
118 33 1.0
79 58 1.0
18 58 1.0
121 58 1.0
103 1 1.0
69 117 1.0
9 81 1.0
14 81 1.0
51 26 1.0
23 5 1.0
82 120 1.0
109 89 1.0
44 46 1.0
73 74 1.0
84 105 1.0
6 94 1.0
88 97 1.0
92 56 1.0
87 11 1.0
107 106 1.0
126 47 1.0
68 84 1.0
105 116 1.0
11 72 1.0
32 122 1.0
21 117 1.0
66 83 1.0
96 78 1.0
122 117 1.0
86 36 1.0
67 26 1.0
12 81 1.0
62 3 1.0
8 54 1.0
98 89 1.0
114 10 1.0
1 116 1.0
64 34 1.0
72 58 1.0
55 3 1.0
103 40 1.0
2 12 1.0
70 126 1.0
119 11 1.0
94 119 1.0
106 102 1.0
84 125 1.0
38 68 1.0
109 18 1.0
31 1 1.0
79 84 1.0
46 79 1.0
5 67 1.0
50 59 1.0
45 104 1.0
106 116 1.0
113 29 1.0
74 2 1.0
35 120 1.0
91 84 1.0
61 125 1.0
7 3 1.0
117 78 1.0
99 111 1.0
17 74 1.0
121 36 1.0
41 87 1.0
98 25 1.0
76 125 1.0
3 103 1.0
65 42 1.0
39 11 1.0
127 111 1.0
28 89 1.0
123 33 1.0
126 16 1.0
34 22 1.0
96 128 1.0
117 85 1.0
2 87 1.0
3 26 1.0
68 111 1.0
107 77 1.0
53 87 1.0
43 34 1.0
85 51 1.0
9 33 1.0
40 74 1.0
90 59 1.0
22 55 1.0
124 72 1.0
89 5 1.0
66 21 1.0
14 50 1.0
80 126 1.0
9 12 1.0
110 20 1.0
47 127 1.0
115 40 1.0
52 98 1.0
18 125 1.0
11 12 1.0
6 35 1.0
116 37 1.0
57 124 1.0
22 125 1.0
95 29 1.0
54 52 1.0
109 128 1.0
75 102 1.0
24 5 1.0
26 17 1.0
44 60 1.0
16 31 1.0
71 109 1.0
83 3 1.0
42 98 1.0
31 116 1.0
20 80 1.0
4 40 1.0
36 12 1.0
29 77 1.0
82 104 1.0
128 26 1.0
111 104 1.0
60 125 1.0
100 42 1.0
76 69 1.0
88 124 1.0
114 91 1.0
73 81 1.0
37 123 1.0
23 81 1.0
14 116 1.0
39 16 1.0
64 57 1.0
86 23 1.0
113 31 1.0
43 29 1.0
106 63 1.0
26 90 1.0
65 57 1.0
48 5 1.0
15 70 1.0
81 54 1.0
48 31 1.0
123 10 1.0
104 27 1.0
17 66 1.0
51 41 1.0
58 2 1.0
125 1 1.0
33 87 1.0
102 28 1.0
91 87 1.0
55 87 1.0
59 128 1.0
7 107 1.0
57 92 1.0
112 2 1.0
87 120 1.0
50 60 1.0
108 54 1.0
10 87 1.0
30 47 1.0
13 95 1.0
49 40 1.0
93 49 1.0
56 96 1.0
103 87 1.0
120 115 1.0
65 122 1.0
118 28 1.0
45 81 1.0
66 34 1.0
52 96 1.0
99 77 1.0
124 120 1.0
5 48 1.0
61 12 1.0
70 91 1.0
80 52 1.0
24 124 1.0
72 108 1.0
35 26 1.0
16 24 1.0
77 60 1.0
101 21 1.0
57 125 1.0
77 80 1.0
37 94 1.0
54 1 1.0
121 5 1.0
18 89 1.0
82 28 1.0
128 78 1.0
69 118 1.0
63 66 1.0
27 36 1.0
83 41 1.0
97 26 1.0
81 94 1.0
20 81 1.0
78 128 1.0
119 126 1.0
25 56 1.0
85 87 1.0
19 37 1.0
55 70 1.0
92 5 1.0
89 57 1.0
31 49 1.0
126 56 1.0
32 56 1.0
84 56 1.0
105 98 1.0
94 31 1.0
12 60 1.0
21 127 1.0
51 46 1.0
71 81 1.0
26 121 1.0
111 50 1.0
48 3 1.0
15 36 1.0
29 10 1.0
70 87 1.0
59 98 1.0
4 72 1.0
87 83 1.0
42 75 1.0
101 11 1.0
58 23 1.0
2 92 1.0
104 75 1.0
102 112 1.0
105 126 1.0
94 127 1.0
108 122 1.0
93 43 1.0
120 90 1.0
38 105 1.0
79 40 1.0
46 2 1.0
67 33 1.0
30 112 1.0
108 60 1.0
1 50 1.0
62 70 1.0
122 52 1.0
43 63 1.0
22 74 1.0
3 81 1.0
72 103 1.0
119 12 1.0
8 125 1.0
96 9 1.0
34 47 1.0
98 126 1.0
41 92 1.0
123 5 1.0
127 97 1.0
110 24 1.0
74 107 1.0
53 58 1.0
125 63 1.0
28 116 1.0
39 128 1.0
