*Vertices 64
1 "V0"
2 "V63"
3 "V52"
4 "V11"
5 "V15"
6 "V48"
7 "V45"
8 "V30"
9 "V29"
10 "V34"
11 "V33"
12 "V27"
13 "V9"
14 "V13"
15 "V17"
16 "V50"
17 "V28"
18 "V31"
19 "V35"
20 "V32"
21 "V46"
22 "V14"
23 "V51"
24 "V49"
25 "V16"
26 "V10"
27 "V53"
28 "V12"
29 "V47"
30 "V22"
31 "V26"
32 "V59"
33 "V37"
34 "V40"
35 "V44"
36 "V41"
37 "V55"
38 "V60"
39 "V58"
40 "V19"
41 "V25"
42 "V62"
43 "V56"
44 "V21"
45 "V23"
46 "V7"
47 "V5"
48 "V3"
49 "V1"
50 "V20"
51 "V61"
52 "V57"
53 "V24"
54 "V54"
55 "V38"
56 "V43"
57 "V42"
58 "V39"
59 "V36"
60 "V18"
61 "V6"
62 "V8"
63 "V4"
64 "V2"
*Arcs
1 21 1.0
30 5 1.0
11 53 1.0
16 46 1.0
47 64 1.0
23 6 1.0
63 42 1.0
4 12 1.0
30 44 1.0
8 58 1.0
58 13 1.0
10 4 1.0
34 55 1.0
1 14 1.0
17 26 1.0
4 33 1.0
39 9 1.0
52 17 1.0
9 46 1.0
13 32 1.0
1 24 1.0
15 1 1.0
29 35 1.0
21 45 1.0
14 20 1.0
15 26 1.0
60 33 1.0
6 21 1.0
59 14 1.0
40 15 1.0
54 64 1.0
37 54 1.0
46 27 1.0
33 48 1.0
62 46 1.0
41 49 1.0
56 18 1.0
23 9 1.0
35 10 1.0
29 36 1.0
51 32 1.0
31 4 1.0
22 12 1.0
20 15 1.0
11 34 1.0
5 13 1.0
48 43 1.0
51 55 1.0
30 1 1.0
31 8 1.0
16 21 1.0
55 13 1.0
44 34 1.0
43 20 1.0
43 59 1.0
13 23 1.0
58 8 1.0
12 26 1.0
26 14 1.0
7 45 1.0
7 34 1.0
38 12 1.0
43 34 1.0
42 17 1.0
17 41 1.0
25 34 1.0
10 30 1.0
47 1 1.0
10 39 1.0
49 31 1.0
23 1 1.0
15 36 1.0
47 10 1.0
2 40 1.0
45 58 1.0
19 49 1.0
61 23 1.0
3 34 1.0
27 11 1.0
61 49 1.0
28 22 1.0
53 57 1.0
36 49 1.0
56 64 1.0
57 49 1.0
58 14 1.0
49 42 1.0
8 49 1.0
14 10 1.0
38 60 1.0
18 14 1.0
32 21 1.0
60 53 1.0
64 33 1.0
40 5 1.0
24 15 1.0
6 44 1.0
50 11 1.0
31 14 1.0
22 20 1.0
56 28 1.0
3 44 1.0
35 62 1.0
6 42 1.0
33 58 1.0
41 52 1.0
54 9 1.0
62 36 1.0
46 36 1.0
37 62 1.0
12 10 1.0
63 48 1.0
44 51 1.0
23 4 1.0
16 50 1.0
30 63 1.0
48 36 1.0
5 23 1.0
42 35 1.0
20 18 1.0
51 5 1.0
11 61 1.0
39 14 1.0
52 36 1.0
4 10 1.0
34 44 1.0
9 63 1.0
28 26 1.0
18 4 1.0
19 10 1.0
45 44 1.0
34 26 1.0
19 50 1.0
22 46 1.0
59 4 1.0
26 41 1.0
60 28 1.0
27 6 1.0
46 14 1.0
21 64 1.0
29 34 1.0
1 4 1.0
9 41 1.0
49 36 1.0
60 26 1.0
38 43 1.0
32 34 1.0
57 64 1.0
14 33 1.0
8 41 1.0
34 12 1.0
35 33 1.0
14 4 1.0
36 12 1.0
53 45 1.0
33 10 1.0
55 52 1.0
40 62 1.0
50 10 1.0
37 27 1.0
45 11 1.0
62 54 1.0
6 10 1.0
24 62 1.0
64 24 1.0
18 52 1.0
64 1 1.0
40 63 1.0
17 46 1.0
25 47 1.0
7 10 1.0
51 40 1.0
52 39 1.0
21 39 1.0
58 43 1.0
12 1 1.0
43 45 1.0
26 2 1.0
13 43 1.0
52 22 1.0
59 42 1.0
61 33 1.0
45 13 1.0
3 25 1.0
3 20 1.0
53 13 1.0
47 41 1.0
15 19 1.0
2 46 1.0
10 28 1.0
61 51 1.0
2 25 1.0
19 47 1.0
64 14 1.0
40 58 1.0
46 20 1.0
4 30 1.0
59 1 1.0
59 58 1.0
5 24 1.0
62 25 1.0
7 36 1.0
41 26 1.0
27 10 1.0
41 12 1.0
54 17 1.0
9 8 1.0
36 63 1.0
39 55 1.0
4 43 1.0
39 36 1.0
28 8 1.0
60 20 1.0
8 34 1.0
29 22 1.0
1 11 1.0
49 4 1.0
29 63 1.0
16 12 1.0
23 7 1.0
63 36 1.0
44 2 1.0
11 60 1.0
17 59 1.0
34 8 1.0
58 48 1.0
20 1 1.0
26 49 1.0
52 23 1.0
30 62 1.0
35 22 1.0
24 14 1.0
27 17 1.0
56 7 1.0
31 7 1.0
22 64 1.0
51 12 1.0
42 63 1.0
20 9 1.0
5 8 1.0
48 57 1.0
3 14 1.0
27 20 1.0
61 13 1.0
45 43 1.0
19 1 1.0
33 5 1.0
57 5 1.0
36 53 1.0
36 22 1.0
28 13 1.0
32 64 1.0
53 61 1.0
21 26 1.0
39 20 1.0
42 7 1.0
7 30 1.0
17 1 1.0
25 49 1.0
46 38 1.0
2 1 1.0
48 44 1.0
10 18 1.0
15 48 1.0
47 11 1.0
50 34 1.0
13 1 1.0
50 35 1.0
55 1 1.0
33 63 1.0
53 29 1.0
43 44 1.0
13 49 1.0
54 20 1.0
12 9 1.0
37 34 1.0
31 36 1.0
18 9 1.0
57 13 1.0
38 14 1.0
14 22 1.0
32 10 1.0
22 58 1.0
50 1 1.0
18 8 1.0
24 47 1.0
64 23 1.0
6 41 1.0
48 59 1.0
39 6 1.0
2 51 1.0
4 46 1.0
52 58 1.0
9 13 1.0
17 20 1.0
26 9 1.0
30 8 1.0
34 10 1.0
9 14 1.0
11 26 1.0
58 39 1.0
44 62 1.0
11 28 1.0
23 49 1.0
63 17 1.0
16 20 1.0
63 24 1.0
20 28 1.0
5 52 1.0
35 49 1.0
5 36 1.0
42 45 1.0
51 38 1.0
56 13 1.0
56 31 1.0
16 45 1.0
22 52 1.0
38 44 1.0
31 62 1.0
54 10 1.0
54 23 1.0
41 4 1.0
62 14 1.0
21 46 1.0
33 59 1.0
25 57 1.0
28 60 1.0
59 38 1.0
40 4 1.0
46 62 1.0
6 47 1.0
49 14 1.0
1 19 1.0
29 21 1.0
8 44 1.0
60 14 1.0
35 26 1.0
7 48 1.0
25 61 1.0
32 18 1.0
42 27 1.0
37 7 1.0
12 64 1.0
43 41 1.0
12 22 1.0
26 57 1.0
37 2 1.0
55 10 1.0
41 13 1.0
44 23 1.0
55 19 1.0
44 26 1.0
13 60 1.0
24 53 1.0
64 62 1.0
24 17 1.0
48 62 1.0
20 13 1.0
50 22 1.0
38 34 1.0
49 29 1.0
14 47 1.0
32 9 1.0
18 41 1.0
8 14 1.0
28 1 1.0
53 5 1.0
57 35 1.0
55 41 1.0
36 19 1.0
57 43 1.0
45 10 1.0
19 48 1.0
27 15 1.0
47 49 1.0
3 48 1.0
61 11 1.0
10 48 1.0
15 34 1.0
21 44 1.0
62 38 1.0
25 28 1.0
63 51 1.0
2 28 1.0
